0.0 0.0
0.001 0.0009950249
0.0 0.0
0.0 0.0
0.0 0.0
0.001 0.0009606148
0.001 0.000997009
0.0 0.0
0.0 0.0
0.0 0.0
0.0 0.0
0.001 0.0009920635
0.0 0.0
0.0 0.0
0.0 0.0
0.001 0.0009930487
0.001 0.0009930487
0.001 0.0009940358
0.002 0.0019286403
0.0 0.0
0.0 0.0
0.0 0.0
0.001 0.0009950249
0.0 0.0
0.0 0.0
0.0 0.0
0.004 0.0038387716
0.0 0.0
0.001 0.000990099
0.0 0.0
0.0 0.0
0.001 0.0009950249
0.002 0.0019920319
0.0 0.0
0.0 0.0
0.001 0.0009871668
0.0 0.0
0.001 0.0009950249
0.0 0.0
0.001 0.000990099
0.0 0.0
0.0 0.0
0.0 0.0
0.001 0.0009930487
0.0 0.0
0.0 0.0
0.0 0.0
0.0 0.0
0.0 0.0
0.0 0.0
0.001 0.0009950249
0.001 0.0009891197
0.001 0.0009910803
0.0 0.0
0.0 0.0
0.001 0.000990099
0.0 0.0
0.002 0.001984127
0.0 0.0
0.0 0.0
0.0 0.0
0.0 0.0
0.0 0.0
0.0 0.0
0.0 0.0
0.001 0.0009587728
0.0 0.0
0.001 0.0009960159
0.0 0.0
0.0 0.0
0.0 0.0
0.003 0.0028818444
0.0 0.0
0.003 0.0028873917
0.002 0.0019286403
0.0 0.0
0.002 0.001984127
0.0 0.0
0.004 0.003875969
0.002 0.0019157088
0.0 0.0
0.003 0.0029041626
0.004 0.0038572806
0.001 0.000997009
0.002 0.001984127
0.0 0.0
0.0 0.0
0.0 0.0
0.0 0.0
0.0 0.0
0.0 0.0
0.006 0.0057803468
0.0 0.0
0.0 0.0
0.001 0.0009910803
0.002 0.0019940179
0.0 0.0
0.0 0.0
0.001 0.0009960159
0.0 0.0
