0.006 0.0059760956
0.001 0.0009950249
0.007 0.006993007
0.005 0.005
0.005 0.005
0.031 0.0306627102
0.004 0.004
0.001 0.0009960159
0.003 0.0029910269
0.004 0.003992016
0.005 0.005
0.008 0.007992008
0.005 0.004995005
0.006 0.006
0.005 0.004995005
0.005 0.0049850449
0.008 0.008
0.005 0.00499002
0.036 0.035892323
0.005 0.005
0.006 0.006
0.024 0.023715415
0.006 0.006
0.003 0.0029910269
0.007 0.006993007
0.005 0.0049850449
0.016 0.0155339806
0.004 0.003992016
0.002 0.0019821606
0.006 0.005988024
0.005 0.004995005
0.0 0.0
0.001 0.0009950249
0.039 0.03888335
0.003 0.0029850746
0.013 0.012987013
0.006 0.005994006
0.006 0.006
0.005 0.004995005
0.009 0.0089820359
0.003 0.002994012
0.005 0.00499002
0.004 0.003996004
0.005 0.0049850449
0.006 0.0059820538
0.005 0.004995005
0.003 0.0029910269
0.006 0.005994006
0.004 0.0039761431
0.007 0.0069790628
0.003 0.0029910269
0.008 0.0079681275
0.009 0.008991009
0.003 0.002994012
0.004 0.003992016
0.007 0.0069721116
0.007 0.0069721116
0.009 0.008991009
0.002 0.001996008
0.004 0.0039800995
0.011 0.0109343936
0.003 0.0029821074
0.004 0.003992016
0.008 0.0079840319
0.005 0.0049850449
0.035 0.0346878097
0.001 0.0009950249
0.005 0.005
0.002 0.0019940179
0.005 0.00499002
0.005 0.0049850449
0.037 0.0367428004
0.01 0.01
0.032 0.0316831683
0.037 0.0369261477
0.003 0.003
0.003 0.002979146
0.007 0.007
0.021 0.0206896552
0.028 0.0275049116
0.008 0.0079840319
0.023 0.0227048371
0.009 0.0087209302
0.003 0.002997003
0.007 0.0069790628
0.005 0.004995005
0.003 0.002979146
0.001 0.0009950249
0.008 0.008
0.004 0.0039800995
0.009 0.009
0.031 0.0306021718
0.004 0.003992016
0.007 0.007
0.01 0.01
0.005 0.005
0.004 0.003992016
0.0 0.0
0.002 0.0019940179
0.004 0.004
