0.0001739895 0.7
3.663e-06 0.1666666667
0.0007875149 0.875
0.0020643011 1.0
0.0045555556 1.0
0.0051003721 0.7380952381
0.0009737179 1.0
7.14286e-05 0.2
2.91346e-05 0.8333333333
0.0002423327 0.8333333333
0.0003117088 1.0
0.0013605722 0.8888888889
4.42376e-05 1.0
0.0021724638 0.8333333333
0.0016440476 0.8333333333
9.00903e-05 0.75
0.0043777075 1.0
0.00159985 0.7142857143
0.003904818 0.4358974359
0.000145559 0.8
0.0010014493 0.8333333333
0.0117213204 0.6666666667
0.0001506403 1.0
5.9841e-05 0.5
0.0001322101 1.0
0.000583941 0.875
0.0004099177 0.3260869565
2.66813e-05 0.6666666667
0.000152507 0.4545454545
0.0022270842 0.875
0.0011304353 0.8333333333
0.0 0.0
1.1655e-06 0.1666666667
0.0137744721 0.9285714286
0.000827381 0.375
0.0073890644 0.8571428571
0.0001491484 0.8571428571
0.0032320339 1.0
0.0002636415 0.8333333333
0.001476337 0.9090909091
1.61094e-05 0.6
0.0003373092 0.7142857143
0.000167094 0.6
0.001001348 0.75
0.0001842904 0.6666666667
0.0040328947 0.8333333333
5.44657e-05 0.5
0.0005475701 0.7142857143
1.1038e-06 0.1
9.68983e-05 0.7
0.0001009694 0.5
0.0008605388 0.5
0.000449898 0.9
7.14644e-05 0.6
0.0001376022 0.6666666667
0.0017844192 0.6363636364
0.0003057392 0.6363636364
0.0006217133 0.9
8.34658e-05 0.5
6.74074e-05 0.4444444444
0.0004820799 0.8235294118
2.32026e-05 0.5555555556
3.59331e-05 0.6666666667
0.0006736252 0.9
0.0001733478 0.625
0.0056154831 0.8409090909
0.0 0.0
0.0017093567 1.0
1.73474e-05 0.4
5.98457e-05 0.4285714286
0.0018518459 1.0
0.0161801333 0.9090909091
0.0037095421 0.9
0.0106548865 0.7619047619
0.005328572 0.9487179487
0.0005936981 1.0
0.0011900585 0.3
0.0025740333 1.0
0.0044947174 0.5833333333
0.0020124174 0.5
3.85459e-05 0.2
0.003326909 0.6666666667
0.0009447197 0.243902439
1.176e-05 0.75
0.0001616349 0.7
0.001479936 0.8333333333
0.0011254277 1.0
0.00025 0.1666666667
0.0004532131 1.0
0.0017608437 0.7777777778
0.0016311833 1.0
0.0036594698 0.7272727273
0.0009211299 0.6666666667
0.00028507 1.0
0.0057093149 1.0
0.0010542331 1.0
0.0030321078 0.8333333333
0.0 0.0
3.44875e-05 0.8
2.93407e-05 1.0
0.0014767412 0.7142857143
0.0015431814 0.8157894737
0.0001724481 0.5555555556
0.0013147229 1.0
0.0048622543 1.0
0.0007115192 0.9
0.025987292 0.9761904762
0.0017831984 0.7142857143
0.000135436 0.6
0.0005142698 1.0
0.0005408833 0.8
0.0010377358 0.3333333333
0.0005678161 0.5
1.0111e-06 0.1
0.0030340673 1.0
0.000813562 0.7142857143
0.0013329829 0.4
0.0017522765 1.0
9.69157e-05 0.8
0.0010005965 0.8888888889
0.0041107214 0.5217391304
0.0006078189 0.8
0.0032962597 0.8181818182
0.0002602746 0.5
1.4409e-06 0.2
0.0025945283 0.7777777778
0.0011425895 1.0
0.0010070136 0.875
0.0010880497 1.0
0.0001571731 0.7142857143
0.0161134021 0.9523809524
0.0001174603 0.4
0.0011676861 0.7272727273
0.0081200025 0.5853658537
5.19404e-05 0.2727272727
0.0062433297 1.0
0.0003556555 0.8181818182
0.004694652 0.8888888889
0.0001157061 0.8888888889
0.0017206951 0.8571428571
0.0002333195 1.0
4.1986e-05 0.6
0.0015296887 0.8333333333
0.0019501315 1.0
0.0002466667 0.25
2.33947e-05 0.6
0.0002647186 0.6666666667
0.0019399309 1.0
0.0027704474 0.7
0.0012548905 0.4
3.43291e-05 0.625
0.0091137777 1.0
0.0017339041 1.0
0.0007408431 0.4444444444
7.01953e-05 1.0
3.68625e-05 1.0
0.0001362173 0.8
0.0007112979 1.0
4.6831e-06 0.3333333333
0.0008423501 0.7777777778
0.0003351551 0.3846153846
0.003156686 1.0
4.15485e-05 0.6666666667
0.0031778301 1.0
0.000216406 1.0
1.5873e-05 0.25
0.0007056707 0.7777777778
0.0 0.0
0.0141862757 0.75
0.0003740982 0.7777777778
0.0025438596 0.8
6.4336e-06 0.2222222222
0.0017519232 0.8
0.0001601287 0.75
0.0006969616 0.9166666667
1.81492e-05 0.4
0.0015545665 0.8333333333
0.0003740079 0.625
0.0040386386 1.0
0.0016611254 1.0
0.0061104284 1.0
0.0012616136 1.0
1.94243e-05 0.75
0.0005840367 1.0
7.2588e-06 0.4285714286
4.82772e-05 0.5
0.00025 0.1666666667
3.16829e-05 0.4285714286
0.0001953879 0.6666666667
4.18933e-05 0.3333333333
0.0081830833 0.825
4.28755e-05 0.8333333333
0.0017710406 0.8181818182
0.0 0.0
0.0003959466 0.6363636364
9.9224e-06 0.75
0.0162125802 0.8157894737
0.0053856625 0.7435897436
7.68614e-05 0.4285714286
0.0054874387 0.5434782609
0.0001348611 0.5
0.0058462315 1.0
0.0001526369 1.0
6.85298e-05 1.0
0.0047674453 0.6976744186
0.0198418257 0.7674418605
0.0006304152 0.6
0.0113970821 0.85
7.36196e-05 0.8
8.8035e-06 0.25
0.0005693223 0.9090909091
0.0005197615 0.6666666667
0.0068053887 0.6666666667
0.0 0.0
0.00131831 1.0
0.0119509534 0.9523809524
0.0002472467 1.0
4.06284e-05 0.3333333333
0.0266813734 0.8421052632
0.0034901709 1.0
0.0016226941 1.0
7.47028e-05 1.0
0.0014971641 0.6666666667
0.0003316225 1.0
0.0017892579 0.875
0.0012135644 0.7
1.24826e-05 0.2222222222
0.0029694155 0.9333333333
0.0001144443 0.5
0.0006395209 0.875
0.0003892866 1.0
0.0001120186 0.75
0.000377119 1.0
0.0008561254 0.6666666667
0.0001805623 0.8
0.0001793121 0.5833333333
0.0002814456 0.8
7.29989e-05 0.5454545455
0.0001153466 0.8888888889
0.0011560196 1.0
0.0014545516 0.7272727273
8.50672e-05 0.4
0.0023920945 0.7
0.0003214263 0.3846153846
1.04282e-05 0.375
0.0001444382 0.8571428571
0.0014192978 0.8571428571
0.0008129543 0.8
0.0006682084 0.75
0.0003920591 0.8571428571
1.63829e-05 0.3333333333
0.0002640081 0.875
0.0008975975 0.7142857143
0.0002640985 0.7777777778
0.0001115277 1.0
1.15375e-05 0.4285714286
6.30081e-05 0.6666666667
0.0307815565 0.9302325581
1.71531e-05 0.5
0.0015041719 0.3
0.0058989841 0.5853658537
0.0070842001 1.0
0.0001282263 0.8
0.00130092 0.8888888889
0.0037588228 1.0
0.0003358554 0.3333333333
0.0014481411 1.0
0.0003526688 0.8181818182
0.0022996936 0.8333333333
0.0013978185 0.875
0.0003766951 0.8333333333
0.004588123 1.0
0.0081845137 0.7173913043
0.0034313395 0.8
0.0050916667 1.0
0.0001573408 0.8571428571
0.0047408009 1.0
0.0023964491 1.0
0.0012623877 1.0
0.0048522508 1.0
0.0018116253 1.0
7.15498e-05 0.2222222222
0.0001193579 0.375
0.0068082251 0.8888888889
0.0035561843 0.5128205128
0.0001087789 1.0
4.69168e-05 0.8
0.0001641081 0.7
0.0020467904 0.7142857143
0.0007118872 0.75
0.0014122555 0.75
1.44993e-05 0.3333333333
0.0151507297 0.9736842105
0.0004311417 0.8333333333
0.0003588239 0.9
0.0002641069 0.6666666667
0.0036059554 0.4347826087
5.64275e-05 0.7142857143
0.0 0.0
0.0012866694 0.6666666667
0.0010625 0.4
3.75046e-05 0.625
0.0017779698 0.8333333333
0.015245163 0.8648648649
0.0001114204 0.6666666667
0.0013383714 1.0
0.0017153864 1.0
0.0080807527 0.8372093023
0.000928641 0.8571428571
0.0007401798 1.0
0.0045784783 0.4888888889
0.0012681801 0.7777777778
0.0001635097 0.6666666667
0.0006186442 0.5454545455
4.3695e-06 0.2857142857
0.0035424902 1.0
0.0007206478 0.75
2.10308e-05 0.75
0.0013001214 1.0
0.0005435224 1.0
1.0741e-06 0.1666666667
0.0022996603 0.8888888889
0.0003456402 1.0
2.2272e-06 0.5
0.0008503294 0.3695652174
0.0005310849 0.6363636364
0.000898121 0.6
7.58598e-05 0.6666666667
0.0036666667 1.0
8.05784e-05 1.0
0.000497922 0.6428571429
6.17676e-05 0.8333333333
0.0004447153 0.8
0.001494331 0.8181818182
0.0001168169 0.5833333333
0.0022732133 0.5813953488
2.31911e-05 0.4
0.0063815532 0.8888888889
0.0001263517 0.6
0.0024368558 0.9166666667
9.44956e-05 0.4615384615
0.0003192714 0.75
0.0022086218 1.0
0.0 0.0
0.0011382544 0.8
0.003287226 0.6666666667
0.0001819338 0.3333333333
0.0001562682 1.0
0.0006470466 1.0
0.0004418938 0.7142857143
0.0003738867 1.0
0.0003327827 0.2173913043
0.0006582383 0.8888888889
0.0001856183 0.1627906977
0.002067151 1.0
0.0026535338 0.575
0.0058111281 0.8611111111
7.31826e-05 0.8
8.58037e-05 0.5
0.0001712365 1.0
1.17228e-05 0.2307692308
0.0044350072 0.6808510638
0.0 0.0
0.0001021953 0.3636363636
0.0 0.0
0.0001531773 0.7272727273
0.0007743764 0.5714285714
0.0001900814 0.7142857143
0.0061590861 1.0
0.0012013874 1.0
0.0020130529 0.8
0.0001226866 1.0
0.0003983758 0.75
0.0086109674 0.9512195122
0.0031827575 0.875
6.11643e-05 0.7
0.0021913603 0.5555555556
0.0010850871 0.75
0.0001765577 0.5882352941
0.0022963078 0.875
7.52147e-05 1.0
4.546e-06 0.3333333333
0.025492821 0.8571428571
0.0005351875 0.75
0.0064966175 1.0
0.0044753536 1.0
0.000602521 0.6666666667
0.001930216 0.7777777778
0.0283684633 0.8863636364
0.0134044448 0.8636363636
0.0011702035 0.8
4.36456e-05 0.6666666667
0.0010772334 0.6923076923
0.0025431818 0.8571428571
9.66612e-05 0.7142857143
6.01224e-05 0.8
0.000595216 0.8333333333
0.0014545731 1.0
0.0003462474 0.8333333333
0.0001768048 0.8333333333
0.0005245351 0.4285714286
0.0005551619 0.8
0.0050789628 0.5434782609
0.000147706 0.9
0.0001242408 0.7272727273
0.0047418598 0.652173913
0.0001183181 0.7142857143
7.9089e-05 0.2857142857
6.97993e-05 0.4
2.29798e-05 1.0
1.43824e-05 0.5
0.0027901334 0.875
0.0015395662 0.8
0.0175788608 0.9756097561
0.0018832987 1.0
0.0004845251 1.0
9.42058e-05 1.0
0.0012991685 1.0
0.0 0.0
4.38525e-05 1.0
0.0047853216 0.8205128205
0.0003665504 0.8
0.0001307944 0.3333333333
4.29648e-05 0.5
0.0003613226 1.0
0.0001216677 0.8571428571
0.0029911117 0.4615384615
2.76287e-05 0.5
0.0050794731 0.8888888889
2.88681e-05 0.6
0.001205502 1.0
0.0028434758 0.7368421053
0.0001958051 0.6
2.78823e-05 0.4
0.0 0.0
0.000685214 0.7142857143
3.106e-05 0.4285714286
0.0001975274 0.5833333333
0.0038738353 0.6046511628
0.0001614155 1.0
1.5528e-06 0.0909090909
0.0014147786 0.8888888889
0.0087810847 0.8409090909
0.0045508913 1.0
0.0016998788 0.7142857143
6.25364e-05 0.6666666667
0.0019488356 0.9166666667
0.0006828475 0.4222222222
0.0017950031 1.0
0.0001147811 0.5714285714
0.0018390458 0.75
0.0002099206 1.0
0.0004516763 0.7
0.004440869 1.0
0.0014628614 1.0
6.2996e-05 0.3333333333
0.0005238141 1.0
0.0011956224 0.7
0.0006849233 0.5
0.0165051112 1.0
0.0003206044 0.6666666667
0.0009283038 1.0
0.0024092734 0.8461538462
5.92894e-05 0.625
0.0005053102 0.8461538462
0.0010099401 0.6
0.0002006094 0.8333333333
0.0001526171 0.6
3.77789e-05 1.0
4.25042e-05 0.6
0.0003073704 0.8888888889
0.0030208723 0.8
2.89395e-05 0.25
0.0007882267 1.0
0.0005269384 0.6
0.0122695146 0.625
0.0014463054 0.8888888889
1.19048e-05 0.2
1.2346e-06 0.1111111111
0.0012545632 1.0
0.0013430608 0.6666666667
0.0029489491 1.0
4.54545e-05 0.1666666667
0.0054136591 1.0
0.004025974 1.0
0.0003089425 0.8571428571
0.0022331845 0.4651162791
0.0004102564 0.3333333333
0.000315792 1.0
0.0006708083 1.0
0.001322529 0.7777777778
0.0017856969 0.8181818182
0.0019347428 1.0
0.0001504907 0.2857142857
1.74829e-05 0.6666666667
0.0002697774 0.2631578947
0.000135634 0.875
0.0038829212 0.425
2.31618e-05 0.8
9.7192e-06 0.2857142857
1.0627e-06 0.2
0.0084924527 0.8717948718
0.0020905834 1.0
0.005871221 0.7441860465
0.0016327278 1.0
0.0143942567 0.8085106383
0.0041372248 0.5581395349
0.0003785009 0.6666666667
0.0027092285 1.0
0.0002456571 0.6153846154
0.0035268018 1.0
0.0001069397 0.8
0.0005899967 0.6
1.1364e-06 0.2
9.09091e-05 0.0625
0.0 0.0
0.0030857705 0.225
0.0128858959 0.9090909091
0.0038437633 1.0
0.0024622416 1.0
0.0008569675 0.8571428571
0.0006146357 1.0
0.0025979119 0.7142857143
0.0003287802 0.8333333333
0.0015561367 0.8
3.13413e-05 0.5
7.29444e-05 0.625
0.0020119321 0.8
6.33705e-05 0.6666666667
0.0006320103 0.6875
0.0001489488 0.4444444444
0.0006614388 0.6666666667
0.000129045 0.375
5.99338e-05 1.0
0.0 0.0
1.5254e-05 0.6
0.0013681319 0.75
0.009137148 1.0
6.01781e-05 0.8
0.0093166328 0.85
0.0001036672 0.5555555556
1.03093e-05 0.1111111111
0.0002045355 0.875
0.0002269058 0.8333333333
0.0002610497 0.3333333333
8.6345e-06 0.4285714286
0.0001227273 0.5
0.0008764477 1.0
0.0047373296 0.9
9.76484e-05 0.5
0.002021044 1.0
0.0008969199 1.0
8.0343e-06 0.5
0.0019179503 0.8888888889
0.0067556903 0.9
0.0043630952 0.8571428571
0.0003433836 0.3333333333
0.0131680546 0.9230769231
0.0001517329 0.5
0.0001870748 0.6666666667
0.0092659631 0.575
0.0010377358 0.3333333333
8.1967e-06 0.1666666667
0.0009634503 0.5714285714
0.0025146472 1.0
2.22222e-05 0.1111111111
0.0001274752 0.3333333333
0.0006686075 0.6666666667
0.0022383949 1.0
0.0137740747 1.0
0.0018225241 1.0
0.0005506817 0.8333333333
0.0003405066 0.875
3.9526e-06 0.1666666667
0.0005790878 0.5555555556
0.0035231051 0.8888888889
0.0005468216 0.6
4.95942e-05 0.8
0.0180314143 1.0
0.0007244978 0.7142857143
0.0011622807 0.75
0.0034954314 0.75
0.0013486093 0.8333333333
0.0292771211 0.9473684211
0.0005287776 0.2444444444
0.0002423755 0.8
0.0005201909 0.2727272727
0.0052956071 1.0
0.0002797933 0.4545454545
0.0003665988 0.75
0.0081568638 0.6923076923
0.0002156996 0.6666666667
0.0014151391 0.5
0.0004581967 0.4285714286
0.0007825005 0.35
0.0003304081 0.6666666667
9.77061e-05 0.625
0.0009505493 1.0
0.002728373 0.7777777778
0.005082168 0.9
6.39874e-05 0.6
0.0008847102 1.0
0.0011695214 0.625
0.0001648483 0.4545454545
2.76446e-05 0.8
0.0052356545 1.0
4.08421e-05 1.0
0.0001450927 0.75
3.35371e-05 1.0
7.164e-05 0.6666666667
0.0008044111 0.8571428571
0.0001360487 0.7142857143
0.0028448454 0.5652173913
0.0011248955 1.0
0.0004237469 0.6666666667
0.0 0.0
0.0027686638 0.4761904762
0.0005990462 0.75
0.0017122554 1.0
0.0048837199 1.0
0.0054624317 0.8888888889
0.0045199105 0.5833333333
8.80114e-05 0.8
6.64596e-05 0.5
2.86993e-05 0.75
0.0010029465 0.487804878
0.0002221919 1.0
0.0003958005 1.0
0.0001364549 1.0
0.0003997447 1.0
0.000647501 1.0
0.0020371592 1.0
0.0010065574 0.5
0.0 0.0
0.0031587839 0.7692307692
0.0014242855 1.0
0.0003938567 0.5
0.0003849266 1.0
0.0002419828 0.5555555556
0.00058802 0.8
0.0014312698 1.0
0.0004810888 0.8181818182
0.0001658054 0.8333333333
0.0038438408 1.0
0.0004007937 0.6
0.0048670973 1.0
0.0014638217 0.8571428571
0.0001718045 0.4285714286
0.0002606994 0.7777777778
9.15012e-05 0.3636363636
0.0003930459 1.0
0.0 0.0
9.7779e-05 0.75
0.0088502105 0.8181818182
0.0112728999 0.9166666667
0.0008796099 1.0
0.000752554 0.9090909091
0.0005188411 0.75
0.0060274079 0.5909090909
0.0001644624 0.7142857143
0.0029074713 1.0
0.0109292302 0.652173913
0.0028894462 0.7142857143
0.0151868821 0.8
0.0005060976 0.2857142857
6.13553e-05 0.4166666667
1.66006e-05 0.5714285714
7.20429e-05 0.6
0.0001359553 0.8333333333
0.0246433206 0.8636363636
0.0004021264 0.6666666667
1.60653e-05 0.4285714286
0.0070380927 0.7142857143
0.0025400795 0.9166666667
3.86581e-05 0.6
9.6609e-05 0.7142857143
0.0018571851 1.0
0.0015154083 0.4444444444
0.000456446 0.375
0.0005573774 0.875
0.0026812502 0.8888888889
3.4132e-06 0.25
0.001848258 0.8
0.0002374728 0.6
1.08696e-05 0.1428571429
0.0027552613 1.0
6.1435e-05 0.4285714286
0.0115091768 0.6923076923
0.0006878509 0.8333333333
0.0012756194 1.0
0.0001280149 0.5
0.0013333333 0.4
0.0006612698 0.6666666667
0.000840202 0.8333333333
4.79789e-05 0.3
0.0001860006 0.8
0.0016355516 0.6382978723
0.0006403024 0.9090909091
0.0026656605 0.7674418605
0.0041911111 1.0
0.0006010578 0.8333333333
0.0037967819 0.8974358974
0.0003076931 0.8333333333
0.0004546287 0.8333333333
0.0010730397 0.6
3.50879e-05 0.5714285714
0.0036698718 1.0
0.0019186448 1.0
4.29962e-05 0.8
0.0002637881 0.3
0.0 0.0
0.0003794571 0.8333333333
2.81194e-05 0.2727272727
0.0002808133 0.7142857143
0.0003219043 0.7272727273
0.000881085 1.0
0.0114127234 1.0
0.0037546774 0.8181818182
9.69515e-05 0.5
0.0003783937 0.5
0.005600071 0.7317073171
0.0031855212 0.7906976744
3.22013e-05 0.1818181818
0.000613042 0.3181818182
0.0021405137 0.8333333333
0.0004361607 1.0
4.8757e-05 0.5
0.0018143994 0.7142857143
4.81525e-05 0.6
1.52707e-05 0.2222222222
0.0027735294 0.8
0.0040786325 0.8571428571
0.0002015234 0.7857142857
3.3003e-06 0.1428571429
0.0038016194 1.0
0.0093791326 0.9411764706
0.0010647744 1.0
0.000893102 1.0
0.0029592463 0.7142857143
0.0016564071 1.0
0.0006700352 0.8571428571
0.0018913294 0.7142857143
0.0001427425 0.7142857143
9.41799e-05 0.3333333333
0.0003577236 0.2857142857
0.0011808203 0.625
2.9544e-05 0.4285714286
0.0011026998 1.0
0.0004902793 0.7
3.6765e-06 0.1428571429
0.0234928045 0.9523809524
0.0002392199 0.6
1.4318e-05 0.6
0.0014139849 0.7777777778
2.62775e-05 0.1818181818
0.0056248777 1.0
0.0004119734 0.6
0.0007980669 1.0
0.0003710016 0.7142857143
0.0003939394 0.4
0.0059065751 1.0
6.668e-05 0.5
0.0017375945 0.6666666667
0.0021141255 0.6363636364
0.0023447958 1.0
0.005964238 0.9411764706
5.57459e-05 0.8333333333
0.0016666667 0.5
0.0105903089 0.85
0.0049374466 1.0
0.0010739038 0.7
0.0014816256 0.5
0.0020396368 1.0
7.18461e-05 0.8571428571
0.0004750928 0.6363636364
0.0004128219 1.0
0.0299117148 0.9743589744
0.0065479239 1.0
0.0004573104 1.0
0.0007990317 1.0
0.0003203505 1.0
0.0006007228 0.8571428571
0.0004169212 0.7272727273
0.0047620171 0.6458333333
0.0050857143 0.8571428571
0.0007857143 0.25
0.0135793078 0.9302325581
0.0005252247 1.0
0.0150913727 0.95
0.0017078518 0.4761904762
3.95342e-05 0.4166666667
6.25e-05 0.3333333333
0.001042645 0.8333333333
0.0010821587 0.75
0.0024887834 1.0
0.0134879639 1.0
3.12638e-05 0.5
0.0047738374 0.7659574468
0.0034974093 0.7105263158
0.0002482656 1.0
0.0010539269 0.9
0.0053751634 0.7
0.0022933821 0.8571428571
8.06861e-05 0.6
0.0002257994 0.6363636364
0.0030842254 0.8181818182
0.0003670895 0.3720930233
0.0012725091 1.0
0.0001679865 0.6666666667
0.0039675411 1.0
0.0017567125 0.875
0.0026880322 0.6666666667
0.003420526 1.0
0.0023635847 0.875
7.88831e-05 0.75
0.0039535576 1.0
0.0002119565 0.6
8.2645e-06 0.1666666667
0.0008234962 0.8571428571
0.0001697146 0.8888888889
0.0046240515 1.0
0.0002225469 0.9
0.000160635 0.5714285714
0.0011097493 0.625
7.30845e-05 0.625
4.06919e-05 0.5
0.0002900878 1.0
0.002077325 0.6666666667
0.0003297126 1.0
4.1974e-06 0.4
0.0 0.0
0.0002237659 1.0
0.0017407549 0.4418604651
0.0011038551 1.0
0.0109955114 0.9512195122
0.0005156982 0.8888888889
0.0208813529 0.8378378378
0.0002326168 0.8571428571
8.73536e-05 0.4
0.0015006061 0.75
0.0075577206 0.925
7.07871e-05 0.5
0.0002661541 0.7
0.0005577445 0.9
0.0004760156 1.0
0.0004592984 1.0
0.0008353473 0.7692307692
0.000490138 1.0
0.0013640885 0.6666666667
0.0010204872 0.4285714286
2.73393e-05 0.6666666667
1.4006e-06 0.1428571429
0.0048780513 0.9166666667
0.0002112904 0.9
0.0178546587 0.9090909091
0.0001676768 1.0
0.0006919899 1.0
0.0004524806 1.0
0.0113612423 0.7222222222
0.0001290642 0.7142857143
0.0004971039 0.8333333333
0.001269047 1.0
0.0021167552 1.0
5.9791e-05 0.8333333333
0.0005804293 0.8
0.004137499 1.0
0.0260343695 0.8947368421
4.46153e-05 0.5
4.87881e-05 0.375
1.05415e-05 0.375
5.06689e-05 0.8
0.0017482347 1.0
0.0079184358 0.9523809524
0.0029167702 1.0
0.0001078485 0.4545454545
9.73087e-05 0.7142857143
0.0004067744 1.0
5.32499e-05 0.8
0.0010849251 0.5
9.7087e-06 0.2
0.011124867 0.85
3.35385e-05 0.5
0.0018364829 1.0
7.0769e-06 0.6
2.48903e-05 0.6666666667
0.0001641079 0.75
0.0040898194 0.8888888889
9.0529e-06 0.375
1.1628e-06 0.2
1.14719e-05 0.4
0.0025717239 1.0
0.0099786907 0.8611111111
0.0038736743 0.8571428571
0.0031978668 1.0
0.0009297839 0.9
0.0010496327 0.8333333333
0.0012690476 0.3333333333
0.0003014551 0.8333333333
0.0002458906 0.625
0.0031812815 0.487804878
0.0003992481 0.7777777778
0.0005795297 0.625
6.83552e-05 0.5
0.0014818233 0.6666666667
0.0004038263 1.0
2.09813e-05 0.5
0.0012656422 1.0
0.0001293707 0.8
0.0005717034 1.0
0.0007925998 0.8235294118
0.0006854476 0.7
0.0083398896 0.9230769231
0.0002861026 0.7692307692
1.44652e-05 0.6
0.0008950264 1.0
0.0056129413 0.9090909091
0.0007043571 1.0
0.0016891258 0.9
0.0008851992 1.0
0.0002557824 0.6666666667
3.10528e-05 0.5
0.0018566952 0.9
0.0353084099 1.0
0.0 0.0
0.0011275911 0.5
0.0247516504 1.0
0.0011913822 1.0
0.0001260215 0.8888888889
0.0029993852 0.511627907
0.0001303369 0.8333333333
0.0132186643 0.6904761905
0.0001234506 0.7
0.0045462789 0.8333333333
0.0011466441 0.9166666667
0.0070994779 0.7906976744
0.0107650308 0.9772727273
0.0024003284 0.5833333333
2.55656e-05 0.4
0.0008791405 1.0
0.0004024346 0.8571428571
0.0004183981 1.0
0.0001212634 0.1818181818
0.0011121653 1.0
0.0015787904 0.6666666667
9.84729e-05 0.5
7.8453e-06 0.2
0.0006849917 1.0
0.0030563159 0.8333333333
6.65507e-05 0.5
5.5833e-06 0.4
0.0002 0.2
0.0 0.0
8.1358e-05 0.4444444444
0.0001412102 0.6666666667
0.00107027 0.2941176471
8.06139e-05 0.6
0.0072517483 0.8888888889
0.0019506882 0.8333333333
7.73464e-05 1.0
0.0003205586 0.875
0.0001988172 0.6
0.0006642334 0.8
4.26498e-05 0.5
0.0002030412 0.9
0.0088354774 0.8
5.29101e-05 0.2857142857
0.007408746 0.85
0.0004189286 1.0
0.0016149254 0.5714285714
5.72438e-05 0.5
0.0033719228 0.8
6.76879e-05 0.7
5.29194e-05 1.0
0.0003158717 1.0
6.9911e-05 1.0
0.0009412734 0.875
0.0007298151 0.7142857143
5.3763e-06 0.5
0.0043321233 1.0
1.58538e-05 1.0
0.0013265949 0.4054054054
0.0 0.0
0.0008818283 0.8333333333
0.0032712032 1.0
0.0002615132 0.75
0.000267302 1.0
0.0266848241 0.9210526316
0.0130760075 0.9111111111
0.0001609107 0.6666666667
2.12345e-05 0.5714285714
0.0003556133 1.0
0.0012927608 0.8571428571
8.00571e-05 0.1555555556
0.0010037308 0.6666666667
8.33822e-05 0.7142857143
1.9802e-06 0.2
0.0004592073 0.8
0.0009826559 0.5833333333
0.0004002702 0.5714285714
5.2889e-05 0.4444444444
