0.000243 0.0269626943
0.0003985 0.0479526414
0.0005151667 0.0647268213
0.0006101667 0.080688767
0.0006895667 0.0945556524
0.0007675667 0.1080569551
0.0008354238 0.1199358238
0.0009002988 0.1312945041
0.0009518544 0.1404422717
0.0009959544 0.148627182
0.0010328635 0.1560005155
0.0010707801 0.1638503987
0.0011060109 0.170105466
0.0011361537 0.1750973257
0.0011678871 0.1811361112
0.0011960121 0.186127829
0.0012258944 0.1921797486
0.0012578389 0.1991182096
0.0012865231 0.2056281835
0.0013116231 0.2116555158
0.0013360517 0.2174683236
0.0013598698 0.2208276815
0.0013802611 0.2245995032
0.0014020111 0.2302276625
0.0014221311 0.2348166192
0.0014390927 0.2393846454
0.0014586853 0.2437054046
0.0014746496 0.2472028824
0.0014891323 0.2513811727
0.001502799 0.2541810737
0.0015155732 0.2575504
0.0015255419 0.2603541862
0.0015382086 0.2636817336
0.0015521204 0.2664350811
0.0015610347 0.2685421227
0.001571618 0.2711990379
0.0015795639 0.2738506758
0.0015885902 0.2769233691
0.0015947441 0.2791528238
0.0016023441 0.2824484025
0.0016120514 0.2848245545
0.0016209086 0.2879181891
0.001628583 0.2906056096
0.0016400148 0.2943609178
0.0016474815 0.297986879
0.0016530902 0.300327334
0.0016594731 0.3030162028
0.0016663481 0.3054982314
0.0016761032 0.3081850263
0.0016809632 0.3112393951
0.0016863162 0.3133679621
0.0016919508 0.3162100549
0.0016978564 0.3187147084
0.001701412 0.3207136281
0.0017087575 0.3231739203
0.0017149003 0.3261196323
0.0017219529 0.3294334258
0.0017294702 0.3322205552
0.0017327414 0.3340171078
0.0017385747 0.3367381158
0.0017443124 0.3387850237
0.0017469414 0.341244279
0.0017517827 0.3437860135
0.0017580327 0.3465642673
0.0017609096 0.3476276575
0.0017652884 0.3499462412
0.0017709004 0.3517857472
0.0017761945 0.3545963037
0.0017806872 0.3573359359
0.0017842587 0.3591282233
0.001789977 0.3612066168
0.0017943659 0.36333004
0.0017984344 0.3652898885
0.0018022587 0.3667294444
0.0018060987 0.3689618099
0.0018076118 0.36984941
0.0018107677 0.371301302
0.0018129985 0.3732276102
0.0018180997 0.3748796427
0.0018212122 0.3774669979
0.0018233974 0.378610639
0.0018252633 0.3799371712
0.0018279862 0.3817722763
0.0018311885 0.383606043
0.0018335179 0.3853024069
0.0018359947 0.3876411424
0.0018381441 0.3887523454
0.0018409737 0.390548877
0.0018419961 0.3916889599
0.001844985 0.3933509472
0.001846985 0.3945114607
0.0018496481 0.3961732741
0.0018517986 0.3976141101
0.0018534688 0.3985415507
0.0018568583 0.4004405749
0.0018598687 0.4019872534
0.0018618481 0.4027202882
0.0018640318 0.4034622269
0.0018670621 0.4057022864
0.0018688421 0.4077122656
0.0018707232 0.4097841317
0.0018732036 0.4110428791
0.0018752619 0.4121944857
0.0018776561 0.4138046248
0.0018791895 0.4146420552
0.0018810857 0.4156691067
0.001882581 0.4167295942
0.0018844143 0.4180285023
0.0018857997 0.4197546939
0.0018875997 0.4206506858
0.0018896267 0.4214911365
0.0018909481 0.4224316992
0.0018925233 0.4239642122
0.0018942602 0.4260187251
0.0018961558 0.4272699315
0.0018979748 0.428663119
0.0018987184 0.4297447788
0.0019002523 0.4310383135
0.0019030254 0.4321403795
0.0019044337 0.4329632867
0.0019067478 0.4336544509
0.0019081904 0.4347966792
0.0019099221 0.4358543146
0.0019107931 0.4371615213
0.0019118411 0.4380283622
0.0019138887 0.4392967915
0.0019156052 0.4400236501
0.0019172537 0.4413184631
0.0019186723 0.4421363184
0.0019205877 0.4433336914
0.0019219999 0.4442987882
0.0019239165 0.4448470697
0.0019252624 0.4458204129
0.001926643 0.4464634486
0.0019285319 0.4484505433
0.0019306201 0.4497929319
0.0019318391 0.4502543702
0.0019328391 0.4510760783
0.0019339182 0.4519261734
0.0019346897 0.4527176441
0.0019360939 0.4538819441
0.0019373404 0.4543602802
0.0019382565 0.4554113165
0.0019395829 0.4565723474
0.0019401277 0.4568578349
0.0019405866 0.4575329326
0.0019421784 0.4587848885
0.0019425433 0.459040602
0.0019433957 0.460055425
0.001943969 0.4606852654
0.0019450882 0.4617722614
0.0019460816 0.4625660926
0.0019467221 0.4631093393
0.0019473845 0.4637555288
0.0019482425 0.4640650701
0.0019494477 0.4644403773
0.0019501356 0.465166495
0.0019510849 0.4660400934
0.0019520032 0.4665892479
0.0019528719 0.4677101962
0.0019541266 0.4684419326
0.0019544784 0.4690600658
0.0019552821 0.4701764738
0.0019558309 0.4711008966
0.0019568006 0.4716565586
0.0019571319 0.4717892821
0.0019583176 0.4728235887
0.0019591926 0.4737785742
0.0019598671 0.4751665114
0.0019609965 0.4758800048
0.0019616106 0.4765885443
0.0019626745 0.4774623197
0.0019631658 0.4783838565
0.0019636716 0.4791768849
0.0019643916 0.4799324155
0.0019652552 0.4806916777
0.001965871 0.4817353828
0.0019661463 0.4820163622
0.0019667385 0.4824127252
0.0019672441 0.484022525
0.0019677965 0.4848170778
0.0019685328 0.4857001586
0.0019688989 0.4865451081
0.0019692359 0.4867071128
0.001970571 0.4884057955
0.0019711409 0.4895671525
0.0019716703 0.4901935864
0.0019718671 0.4906923526
0.0019726079 0.4912611332
0.0019733394 0.491822695
0.0019746745 0.4927598909
0.0019749141 0.4935107207
0.0019754374 0.4948829648
0.0019765147 0.4960758897
0.0019771147 0.4968185342
0.0019777678 0.4974383523
0.0019788186 0.4982594197
0.0019792529 0.4985531379
0.0019801223 0.4992352013
0.0019810573 0.5001443037
0.0019819478 0.5010991057
0.0019825171 0.5023996468
0.0019833151 0.5031557913
0.0019837857 0.5039820196
0.0019852589 0.504719244
0.0019856424 0.5053446898
0.0019860434 0.5061795944
0.0019868318 0.5071085466
0.001987406 0.5079687106
0.0019877679 0.5082403834
0.0019878248 0.5084681612
0.0019883861 0.5094050559
0.0019889729 0.509978803
0.0019893421 0.5102921936
0.0019897933 0.5109591725
0.0019902192 0.5112554442
0.0019905187 0.5114210374
0.0019910646 0.5121666131
0.001991745 0.5128881811
0.0019922859 0.5135130759
0.001992847 0.5139322958
0.0019933425 0.514528083
0.0019939568 0.5152701905
0.0019946131 0.5162543922
0.0019953864 0.516648627
0.001996059 0.517243602
0.0019966625 0.5187036106
0.0019977151 0.5194020578
0.0019980994 0.5199460462
0.0019981429 0.5201960462
0.0019987619 0.5205633852
0.0019990895 0.5208157069
0.0019998191 0.5211775331
0.0020000926 0.5213372466
0.0020002628 0.5216510308
0.0020006061 0.5217205632
0.0020008888 0.5220749468
0.0020011997 0.5222559262
0.0020014465 0.522684345
0.0020017424 0.5229828564
0.0020020079 0.523663255
0.0020026939 0.5246310877
0.002003377 0.5253746732
0.0020038975 0.5259257068
0.0020043669 0.5265198143
0.0020047937 0.5272016241
0.0020053241 0.5278474205
0.0020057313 0.5282962225
0.0020061048 0.5287384699
0.0020065128 0.5294442916
0.0020066563 0.5296608417
0.0020070729 0.5303018986
0.0020073022 0.5306167512
0.0020074085 0.530965171
0.0020077693 0.5313600343
0.0020079997 0.5319619573
0.002008311 0.5322980859
0.0020086521 0.5329644473
0.002009015 0.5337208774
0.0020093073 0.5344569957
0.0020094606 0.5349611839
0.002009743 0.5356842268
0.0020101537 0.5368504451
0.0020104567 0.5380535295
0.0020105209 0.5386082303
0.0020106863 0.5389148195
0.0020111694 0.5393746216
0.0020114567 0.5397176367
0.0020118582 0.5403491771
0.0020121805 0.5404978681
0.0020122948 0.5409213169
0.0020126662 0.5414803995
0.002013179 0.5421001222
0.0020137593 0.5427394785
0.0020142465 0.5435584399
0.0020147647 0.5441634044
0.0020150463 0.544753767
0.0020155319 0.5454464229
0.0020161053 0.545849096
0.0020163482 0.5463222352
0.002017003 0.5470293591
0.0020172512 0.5476705141
0.0020175056 0.5487729866
0.0020176711 0.5490347388
0.0020178115 0.5495719238
0.0020180458 0.549834619
0.0020186242 0.5502755029
0.0020189089 0.5505856234
0.0020191995 0.5509257233
0.0020194237 0.5512935158
0.0020195027 0.5515441568
0.0020199513 0.5518304197
0.0020201493 0.5522705864
0.0020206969 0.5525576678
0.0020209817 0.553144696
0.0020210121 0.5534113626
0.0020210794 0.5536331018
0.0020213848 0.5539402272
0.0020218196 0.5546132491
0.0020223896 0.5555805112
0.002022652 0.5557025868
0.0020227944 0.5563029031
0.0020229561 0.5569672249
0.0020231798 0.5572989223
0.0020233864 0.5578934541
0.0020235922 0.5582547844
0.0020238365 0.5587119762
0.0020240378 0.5589076122
0.0020243518 0.5592838671
0.0020246711 0.5595787471
0.0020249541 0.5601252725
0.0020254765 0.5609158348
0.0020258886 0.5613566294
0.0020260479 0.5618080398
0.0020261368 0.5620003475
0.0020264216 0.5623650354
0.0020265919 0.5628949913
0.0020268404 0.5631722196
0.0020269313 0.5631949469
0.002027175 0.5634967784
0.0020273619 0.5638969615
0.0020274737 0.5640052949
0.0020274954 0.5643148187
0.0020279553 0.5646586206
0.0020280445 0.5648058428
0.0020282623 0.5650048972
0.0020284244 0.5655849676
0.002028653 0.5657618907
0.0020289327 0.5658553199
0.0020289842 0.566177059
0.0020291896 0.5666838061
0.0020292318 0.5669516383
0.0020295771 0.5670524372
0.0020297508 0.5680119018
0.0020299717 0.5684678151
0.0020302485 0.5686456241
0.0020305719 0.5692541573
0.0020307879 0.5694960366
0.0020311183 0.5698672852
0.0020313212 0.5701971476
0.0020317728 0.5707721103
0.00203196 0.5709505291
0.0020321728 0.5716520726
0.0020324926 0.5722244534
0.0020326288 0.5724725054
0.002032808 0.5734792514
0.0020328166 0.5736042514
0.0020329344 0.574025528
0.0020331981 0.5744117977
0.0020333981 0.5744775407
0.002033532 0.5748872231
0.0020336399 0.5751244088
0.0020338269 0.5755370585
0.0020341574 0.5763897675
0.0020343715 0.5767848749
0.0020346945 0.5772031602
0.0020351763 0.5776328411
0.0020353243 0.5780456318
0.0020353773 0.5784212728
0.0020354273 0.5785469138
0.0020357209 0.5786632759
0.0020358949 0.5790399505
0.0020362999 0.5798119763
0.0020365307 0.5808590459
0.0020365882 0.5814618237
0.0020366947 0.5817646015
0.0020368582 0.581975272
0.0020369615 0.5822101927
0.0020370563 0.5827506688
0.0020372212 0.583160318
0.0020374934 0.5838903467
0.0020376978 0.5841249024
0.0020380784 0.5844785228
0.0020382843 0.5847161474
0.0020385457 0.5852088526
0.00203866 0.5855833695
0.0020387873 0.5862074238
0.002039208 0.5866866237
0.0020392133 0.5868532904
0.0020394133 0.5873541778
0.0020395812 0.5876550636
0.0020400551 0.5883337731
0.0020401047 0.5886698842
0.0020403625 0.5897152048
0.0020404716 0.5901051273
0.0020405078 0.5903829051
0.0020408773 0.590970226
0.0020410655 0.5915034428
0.0020411966 0.5919159428
0.0020414222 0.5921059442
0.0020415169 0.5921526834
0.0020416546 0.5922039654
0.0020418684 0.5926673416
0.0020421729 0.5932802643
0.0020422894 0.5935072845
0.0020425823 0.5943202589
0.0020426277 0.5945674811
0.0020427809 0.5947078408
0.0020430767 0.595355568
0.0020431692 0.5957411961
0.002043224 0.5958911961
0.0020433385 0.5961559147
0.0020435394 0.5965611161
0.0020437771 0.5971115265
0.0020439326 0.5972147282
0.0020440607 0.5972607599
0.0020441688 0.5973999248
0.0020444923 0.5976995722
0.0020445584 0.5980417971
0.0020448388 0.5984506201
0.002044907 0.5985513527
0.002045055 0.5988674699
0.002045193 0.5989158382
0.0020454491 0.5992515088
0.0020455792 0.5999702027
0.0020459806 0.6005400195
0.0020460958 0.6006114481
0.0020463135 0.6009522938
0.0020464018 0.6013168901
0.002046478 0.6013381667
0.0020466704 0.6015035263
0.0020466869 0.6018368597
0.0020467129 0.6018631754
0.0020468073 0.6019773404
0.0020468614 0.6021765828
0.0020469929 0.602441258
0.0020471263 0.6028336321
0.0020472338 0.6031814953
0.0020472431 0.603548162
0.0020473292 0.6035719715
0.0020474522 0.6038902255
0.0020475586 0.6041652255
0.0020478404 0.6045195113
0.0020479833 0.6047397368
0.0020480338 0.604761476
0.0020481439 0.6049142538
0.0020482332 0.6052031426
0.0020483542 0.6052526596
0.0020483656 0.6054193262
0.0020486656 0.606265358
0.0020490284 0.6065848751
0.0020492343 0.6070427253
0.0020493291 0.6076195525
0.0020494462 0.6078100021
0.0020496507 0.6082733528
0.0020497404 0.60844121
0.0020498008 0.6087322669
0.0020499793 0.6091439093
0.0020502221 0.6095658094
0.0020503354 0.6105824126
0.0020506436 0.6107861377
0.0020507963 0.6113808157
0.0020510391 0.6116864965
0.0020511096 0.6117142743
0.0020513316 0.6118155901
0.0020516781 0.612537183
0.00205177 0.61287155
0.0020518136 0.6132394071
0.002052001 0.6137707924
0.0020520597 0.6140652368
0.0020522419 0.6145219571
0.0020523718 0.6149054158
0.0020524431 0.615295892
0.0020526521 0.6153943856
0.002052822 0.6158562778
0.0020529679 0.6159322016
0.0020530878 0.6162438029
0.0020531925 0.6165977931
0.0020532394 0.6167241089
0.0020532926 0.6168372403
0.0020535028 0.6175124602
0.0020535727 0.6176196031
0.0020537482 0.6178351625
0.0020539065 0.618049149
0.002054037 0.6185567248
0.0020541966 0.6187149534
0.002054247 0.6189504548
0.002054247 0.6189504548
0.0020544432 0.6191624011
0.0020545411 0.6195523235
0.0020545931 0.6197005794
0.0020547196 0.6199778034
0.0020549991 0.6201975148
0.0020551541 0.6207168397
0.0020552221 0.6209431555
0.0020553168 0.6214570444
0.0020553989 0.621502268
0.0020554112 0.6216133791
0.0020555503 0.62228582
0.0020556993 0.6227571609
0.0020557461 0.6232088416
0.0020558051 0.6233275285
0.0020558943 0.6236752557
0.002055953 0.6237584695
0.0020560439 0.6241195806
0.0020561729 0.6246226344
0.0020563581 0.6248440943
0.0020564705 0.62515014
0.0020565908 0.6255500303
0.0020566548 0.6256861414
0.0020567106 0.6259861414
0.0020567843 0.6261361414
0.0020569275 0.626431317
0.0020570723 0.6267595998
0.0020572783 0.6271011585
0.0020574285 0.6271733112
0.0020574541 0.6273844223
0.002057647 0.6276419002
0.002057706 0.6277646274
0.0020578236 0.6279068523
0.0020578784 0.6280436045
0.0020579565 0.6284049555
0.0020579916 0.6284327333
0.0020581725 0.6288132402
0.0020583124 0.6293026341
0.0020584713 0.6297832873
0.0020586666 0.6298785109
0.0020588655 0.6300535109
0.0020590562 0.6302308226
0.0020590678 0.6305974892
0.0020592731 0.6312324972
0.0020595375 0.6314325888
0.002059614 0.6318151645
0.0020597399 0.6321119037
0.0020597552 0.6322119037
0.0020599434 0.6325794
0.0020600762 0.6331609892
0.0020601425 0.6332853794
0.0020602162 0.6334103794
0.0020602785 0.6336020461
0.0020604141 0.6343776043
0.0020606058 0.6344541916
0.0020606752 0.6346458583
0.0020608232 0.63513803
0.0020608232 0.63513803
0.0020609855 0.6353558871
0.0020610711 0.635690411
0.002061112 0.6358431887
0.0020612716 0.6363089062
0.0020613679 0.6364548893
0.0020614381 0.6364786988
0.0020615968 0.6365533829
0.0020616207 0.6366766387
0.0020617641 0.6369348674
0.0020617935 0.6370438417
0.0020619327 0.6372904542
0.0020619893 0.6378479076
0.002062055 0.6381673521
0.0020621243 0.6383596598
0.0020623715 0.6389048277
0.0020624115 0.6392074593
0.0020624567 0.6394301866
0.0020625182 0.6396690755
0.0020627872 0.6399564906
0.0020628647 0.6402321316
0.0020630247 0.6404325555
0.002063093 0.640483392
0.0020631055 0.640608392
0.0020631914 0.6411784172
0.0020632521 0.6413707249
0.002063359 0.6415428424
0.0020634302 0.6417338993
0.0020634977 0.6420344043
0.0020635527 0.6421409935
0.0020636907 0.6423178874
0.0020637225 0.6426865743
0.0020637313 0.642853241
0.0020637349 0.642953241
0.0020639405 0.6434589917
0.0020639545 0.6435589917
0.0020640158 0.6437281647
0.0020640473 0.6439226091
0.0020640595 0.6441654662
0.0020641379 0.6444131935
0.0020641449 0.6445041026
0.0020642994 0.6449403017
0.0020643219 0.6451312108
0.0020644032 0.645378938
0.0020645068 0.6463793709
0.0020645068 0.6463793709
0.0020645671 0.6467902081
0.0020646942 0.6469521557
0.00206472 0.6471521557
0.0020647867 0.6473109129
0.0020648038 0.647501822
0.0020648602 0.6477295998
0.0020648704 0.6478724569
0.0020649061 0.6481468472
0.002065013 0.6484855792
0.0020650588 0.6485105792
0.0020651789 0.6490422765
0.0020652735 0.6494353537
0.0020653359 0.6497927414
0.0020655026 0.6501320541
0.002065548 0.6504058636
0.0020655933 0.6507302539
0.0020656184 0.6510787387
0.0020656401 0.6512807589
0.0020657704 0.6516230666
0.0020657887 0.6518341777
0.0020659285 0.6521301459
0.0020660364 0.6525147951
0.0020661774 0.6527752964
0.0020662469 0.6532175213
0.002066399 0.6534041375
0.0020664469 0.6536537767
0.0020664617 0.6537537767
0.0020664831 0.6539252053
0.0020664831 0.6539252053
0.0020664978 0.6540252053
0.0020665027 0.6541918719
0.002066537 0.6545585386
0.0020666333 0.6547098544
0.0020668108 0.6551805809
0.0020669181 0.6552534335
0.0020670318 0.6556206584
0.002067048 0.6557852546
0.0020670965 0.6558079819
0.002067103 0.6560079819
0.0020671369 0.6565413152
0.0020671997 0.6571496486
0.0020672656 0.6573959721
0.002067288 0.6574192279
0.002067288 0.6574192279
0.0020674368 0.657590211
0.0020674848 0.657615211
0.0020675438 0.6577360443
0.0020676648 0.6578114032
0.0020676743 0.6579542603
0.002067695 0.6582880266
0.0020677298 0.6585124168
0.0020677457 0.6592624168
0.0020677962 0.6592887326
0.0020678278 0.6593150484
0.0020678577 0.659336325
0.0020679284 0.6593873586
0.0020680101 0.6596895266
0.0020681527 0.6598468693
0.0020682247 0.6601289486
0.0020684262 0.6606026012
0.0020684278 0.6607454584
0.0020685026 0.660991007
0.0020685834 0.6612064832
0.0020686937 0.6617784529
0.0020687309 0.6618034529
0.0020688455 0.6618812307
0.0020688856 0.6619062307
0.0020689705 0.6619511802
0.0020691724 0.6623591373
0.0020692278 0.6626936611
0.0020693291 0.6632136106
0.0020693935 0.6634961864
0.0020693981 0.6637461864
0.0020694455 0.6641366626
0.0020696211 0.6644882499
0.002069708 0.6649221639
0.0020697872 0.6649734797
0.0020698996 0.6652234162
0.0020699057 0.6654234162
0.0020699269 0.6657692495
0.0020700585 0.6658416297
0.0020700691 0.6659416297
0.0020701083 0.6659648855
0.0020701083 0.6659648855
0.0020701655 0.6663738556
0.0020701745 0.6664507787
0.0020702299 0.6666694655
0.0020702389 0.6668361322
0.0020702539 0.6669270413
0.0020702628 0.6673770413
0.002070306 0.667489227
0.0020703804 0.6678902606
0.0020703849 0.6680902606
0.0020704398 0.6683624828
0.0020704398 0.6683624828
0.0020704857 0.6683852101
0.0020705034 0.6686391783
0.0020705122 0.6687391783
0.0020705844 0.6692402119
0.0020705844 0.6692402119
0.0020706284 0.6699766588
0.002070668 0.6699999146
0.0020707207 0.670108248
0.0020707207 0.670108248
0.0020707412 0.670299157
0.0020707485 0.6704658237
0.0020707805 0.6704921395
0.0020708372 0.6708967488
0.0020708589 0.671116529
0.0020708589 0.671116529
0.002070872 0.6713831957
0.002070872 0.6713831957
0.002070872 0.6713831957
0.0020708763 0.6715498623
0.0020709641 0.671889148
0.0020709641 0.671889148
0.0020710114 0.6719118753
0.0020711045 0.6720600751
0.0020711045 0.6720600751
0.0020711431 0.6723363909
0.0020712373 0.6726894135
0.0020712387 0.6728560802
0.0020712387 0.6728560802
0.0020713196 0.673104336
0.0020713636 0.6731321138
0.0020713919 0.6736638598
0.0020714047 0.6738749709
0.0020714132 0.6739999709
0.0020715147 0.6742689748
0.0020715781 0.674391197
0.0020716076 0.6747023081
0.0020716118 0.6748023081
0.0020716399 0.6748261176
0.0020716875 0.6748517587
0.0020716903 0.6749946158
0.002071742 0.6750173431
0.0020717517 0.6751284542
0.0020718478 0.6755195671
0.0020720036 0.6757560264
0.0020720147 0.6758560264
0.0020720203 0.6759560264
0.00207203 0.6760671375
0.0020721088 0.6762397836
0.0020721544 0.6763875109
0.0020721544 0.6763875109
0.0020722839 0.676626066
0.0020723045 0.6766482882
0.0020723745 0.6771720978
0.0020724102 0.677284746
0.0020724499 0.6774746685
0.0020724732 0.6776244011
0.0020725101 0.6777507169
0.0020725237 0.6777763579
0.00207257 0.6782186656
0.0020726245 0.6782890119
0.002072725 0.6784502483
0.0020727969 0.6787007534
0.0020728078 0.6788257534
0.0020728159 0.6789686105
0.002072824 0.6791352772
0.0020728834 0.6791787555
0.0020729508 0.6794549459
0.0020729602 0.6798216126
0.0020729656 0.6799882793
0.0020730743 0.6802479284
0.0020731172 0.6803545175
0.0020731306 0.6807751525
0.0020731653 0.6809095194
0.0020731974 0.6811032131
0.0020732867 0.6817921899
0.0020733413 0.6820583029
0.0020733413 0.6820583029
0.0020733479 0.6822249695
0.0020733904 0.6825725886
0.002073397 0.6827392553
0.002073397 0.6827392553
0.0020734934 0.6830225886
0.0020735251 0.6830438652
0.0020735659 0.6832368476
0.0020736094 0.6834029606
0.0020736159 0.6835696273
0.0020737012 0.6837161389
0.0020737536 0.6838689167
0.0020737536 0.6838689167
0.0020737667 0.6840980833
0.0020738764 0.6843963157
0.0020738946 0.6846300819
0.0020739819 0.6847552608
0.00207403 0.6851469275
0.0020740819 0.6852696547
0.0020740923 0.6853946547
0.002074161 0.6857429105
0.0020741765 0.6860095772
0.0020742605 0.6868185516
0.0020743276 0.6871207756
0.0020743817 0.6873435029
0.0020744203 0.6874512265
0.0020744254 0.6875940836
0.0020744344 0.6876849927
0.0020744421 0.6877961038
0.0020744485 0.6879961038
0.0020744485 0.6879961038
0.0020745405 0.688618759
0.0020745698 0.6886465367
0.0020745775 0.6887576478
0.0020745915 0.6889576478
0.0020746435 0.6893404981
0.0020746486 0.6894314072
0.0020747475 0.6895037061
0.0020747589 0.6896037061
0.0020748069 0.6896259283
0.0020748991 0.6897010246
0.0020749104 0.6898010246
0.0020749495 0.6898260246
0.002074986 0.6898487518
0.0020751267 0.6901372619
0.0020751781 0.6903405008
0.0020751806 0.6907405008
0.0020751856 0.6908314099
0.0020751856 0.6908314099
0.0020751856 0.6908314099
0.0020751856 0.6908314099
0.0020752205 0.6909546657
0.0020752379 0.6914657768
0.002075269 0.6916157768
0.0020753434 0.6917907768
0.0020753707 0.6918157768
0.0020753954 0.692108609
0.0020754313 0.6924101963
0.0020754732 0.6926601963
0.0020755201 0.6927667854
0.0020756051 0.6930573698
0.0020756616 0.6934967638
0.0020757304 0.6936599019
0.0020758973 0.6940140828
0.0020759427 0.6941661098
0.0020759427 0.6941661098
0.0020760343 0.6942895697
0.0020760527 0.6945324268
0.0020761185 0.6945872316
0.0020761404 0.6951650094
0.0020761781 0.6951920365
0.0020761915 0.6952176775
0.0020762146 0.6952409333
0.0020762412 0.6952626724
0.0020763296 0.6954326219
0.0020763961 0.6958987114
0.0020764396 0.6959939495
0.0020764432 0.6961939495
0.0020764432 0.6961939495
0.002076519 0.6963315977
0.0020765298 0.6964085208
0.0020765298 0.6964085208
0.0020765778 0.6967707974
0.0020766569 0.6969908069
0.0020766676 0.6970496304
0.0020766891 0.6970718526
0.0020766999 0.6973496304
0.0020767714 0.6978628087
0.0020767714 0.6978628087
0.0020768047 0.697885536
0.0020768177 0.6981077582
0.0020768177 0.6981077582
0.0020768521 0.6983333992
0.0020768592 0.6984762564
0.0020768828 0.6984979955
0.0020769608 0.6987462513
0.0020769784 0.6989141084
0.002077035 0.6990791878
0.0020770762 0.6991041878
0.0020771631 0.6993527448
0.0020772054 0.6997138559
0.0020772558 0.6999421919
0.0020772745 0.700133101
0.0020773669 0.7002867846
0.002077409 0.7004381004
0.0020774183 0.700854767
0.0020774579 0.7008780229
0.0020774672 0.7010939319
0.002077537 0.701141578
0.0020775951 0.701290116
0.0020776415 0.7013123382
0.0020776902 0.7013350655
0.0020777446 0.701505015
0.0020777735 0.7020772372
0.0020777735 0.7020772372
0.0020777792 0.7022772372
0.0020777907 0.7023681463
0.002077808 0.7028026701
0.002077808 0.7028026701
0.0020778379 0.7029381715
0.0020779067 0.7030801142
0.0020779238 0.7035138804
0.0020779387 0.7037678487
0.0020779593 0.7039363468
0.0020779696 0.7042141246
0.0020780106 0.7043263103
0.0020780357 0.7043540881
0.0020780732 0.7048773439
0.0020781028 0.7049011534
0.0020781028 0.7049011534
0.0020781288 0.7049289312
0.0020781288 0.7049289312
0.0020781594 0.7049527407
0.0020782012 0.7049740173
0.0020782012 0.7049740173
0.0020782158 0.7050962395
0.0020782282 0.7053462395
0.0020783036 0.7057783322
0.0020784216 0.7058767768
0.0020784508 0.7059045546
0.0020784754 0.7059323324
0.0020784754 0.7059323324
0.0020785269 0.706098999
0.002078566 0.7061500326
0.0020786195 0.7062000326
0.0020786329 0.7065000326
0.0020786329 0.7065000326
0.0020786774 0.7067540009
0.0020787096 0.7067817786
0.0020787152 0.7069246358
0.0020787152 0.7069246358
0.0020787196 0.7070496358
0.0020788247 0.7071230169
0.0020789054 0.7071912222
0.0020789815 0.707585113
0.0020790146 0.707610754
0.0020790201 0.7077536111
0.0020791136 0.7080725019
0.002079151 0.7080975019
0.002079151 0.7080975019
0.0020792047 0.7081437785
0.0020792726 0.7083337531
0.0020793875 0.7086716851
0.0020793908 0.7087625942
0.0020794312 0.7087853214
0.0020794421 0.7088686548
0.0020794965 0.7091191598
0.0020794965 0.7091191598
0.0020795063 0.7092191598
0.0020795454 0.7092441598
0.0020795595 0.7097108265
0.0020795671 0.7098108265
0.0020795671 0.7098108265
0.0020795866 0.710162017
0.002079592 0.7103286836
0.0020796383 0.7104647947
0.0020796383 0.7104647947
0.0020796868 0.7108284311
0.0020796868 0.7108284311
0.0020797093 0.7110525764
0.0020797093 0.7110525764
0.002079734 0.7110743155
0.002079734 0.7110743155
0.0020797383 0.7111743155
0.0020797447 0.7113409822
0.0020797447 0.7113409822
0.0020797852 0.7114909822
0.0020797905 0.7116909822
0.0020798831 0.7117647917
0.002079915 0.711787519
0.0020799171 0.7119541857
0.0020799171 0.7119541857
0.0020799224 0.7120970428
0.0020799287 0.7122637095
0.002080008 0.7123127525
0.0020800175 0.7124465909
0.0020800228 0.712557702
0.0020800544 0.7125809578
0.002080087 0.7126042137
0.0020800912 0.7127470708
0.0020801059 0.7130239939
0.0020801773 0.7130717211
0.0020802192 0.7132363174
0.0020802653 0.7133626332
0.0020802653 0.7133626332
0.0020802653 0.7133626332
0.0020802705 0.7135292999
0.0020802705 0.7135292999
0.0020802705 0.7135292999
0.0020802705 0.7135292999
0.0020803256 0.7135803335
0.0020803256 0.7135803335
0.0020803308 0.7136803335
0.002080395 0.7137523988
0.002080395 0.7137523988
0.0020803971 0.7139523988
0.0020804043 0.7140773988
0.0020804425 0.7142673213
0.0020804786 0.7144150486
0.0020805332 0.7145817152
0.002080562 0.7148034544
0.0020806072 0.7148494374
0.0020806123 0.7149327708
0.0020806339 0.7149605486
0.0020806595 0.7150855486
0.0020807424 0.7154426428
0.0020807516 0.7158093094
0.0020807884 0.7158343094
0.0020807884 0.7158343094
0.0020807884 0.7158343094
0.0020807996 0.7160882777
0.002080882 0.7163705182
0.0020808871 0.7164705182
0.0020809084 0.7164961592
0.0020809632 0.7165421423
0.0020809865 0.7168869225
0.0020809925 0.7169869225
0.0020809986 0.7171297796
0.0020810299 0.7171525069
0.002081038 0.7177953641
0.002081038 0.7177953641
0.0020810702 0.7178186199
0.0020811054 0.7181408421
0.0020811135 0.7182519532
0.0020811767 0.7182979363
0.0020811797 0.7184229363
0.0020811817 0.7185340474
0.0020811817 0.7185340474
0.0020811987 0.7188499565
