0.000232 0.0252714959
0.0003935 0.0483113595
0.0005255 0.0686595654
0.0006175 0.0834151477
0.0006939 0.0957867879
0.0007664 0.1077851591
0.0008314 0.1178083277
0.000888525 0.1282473619
0.0009418583 0.1378363985
0.0009876583 0.1458045019
0.0010248402 0.1524530715
0.0010603402 0.1598676095
0.001093494 0.1663588443
0.0011311369 0.1741147307
0.0011649369 0.1817870224
0.0011946869 0.1873765563
0.0012256869 0.1938350394
0.0012600757 0.2011126565
0.0012909705 0.2068285031
0.0013141205 0.2119498129
0.0013375967 0.216967002
0.0013623694 0.2231753636
0.0013873694 0.2271411336
0.0014052861 0.230511414
0.0014288461 0.23636757
0.0014474614 0.2404196671
0.0014654244 0.2440737161
0.0014811387 0.247677667
0.0014958628 0.2523980992
0.0015083962 0.2552629199
0.0015200091 0.2588747771
0.0015316966 0.2616648188
0.0015423026 0.2646435486
0.001555185 0.2679385847
0.001562785 0.2712325428
0.0015744794 0.2734030084
0.0015828578 0.2762844575
0.001593621 0.279268012
0.001603262 0.2817885602
0.001610162 0.2839667383
0.0016205766 0.2870374012
0.0016289576 0.2900178946
0.001637539 0.2929689929
0.0016483799 0.2958608398
0.001657491 0.2994173201
0.001663904 0.301733394
0.001672053 0.3059007932
0.0016807405 0.308267486
0.0016896588 0.3112757837
0.0016960388 0.3128459646
0.0017019996 0.3153632951
0.0017097112 0.3187142866
0.0017150697 0.3209035449
0.0017201622 0.3232845503
0.0017282532 0.325078511
0.0017334317 0.3271109725
0.0017390808 0.3287465701
0.001746236 0.3316305046
0.0017510496 0.3342171769
0.0017579662 0.3371600408
0.0017633925 0.3385242756
0.001768086 0.340632011
0.0017721813 0.3422435358
0.0017779313 0.3448328845
0.0017837005 0.347018777
0.0017885187 0.3490085095
0.0017924739 0.3500394968
0.0017983121 0.3520111554
0.0018022252 0.3536879045
0.001805968 0.35555839
0.0018109821 0.3576122125
0.0018149821 0.3594694564
0.0018178862 0.3608194325
0.0018209268 0.3627833557
0.0018233534 0.3641753357
0.0018266298 0.3658510619
0.0018296947 0.3672871811
0.0018333614 0.3694256961
0.0018370069 0.3712348208
0.0018394319 0.3724516801
0.0018423702 0.3739961344
0.0018451751 0.3753976281
0.0018484281 0.376961094
0.0018526543 0.3792837368
0.0018547249 0.3798390896
0.0018574807 0.3818723464
0.0018601014 0.3835491754
0.0018633514 0.3851788317
0.0018649806 0.3868798883
0.0018682139 0.3887899745
0.001870148 0.3897438755
0.0018731262 0.3924996306
0.0018765348 0.3943927661
0.001879237 0.3965745666
0.0018837949 0.3991442317
0.0018857324 0.4004254629
0.0018876808 0.4021443517
0.0018894359 0.4035715365
0.0018912945 0.4053987354
0.0018929345 0.4065431435
0.0018942117 0.4082150116
0.0018965647 0.4092232511
0.0018983317 0.4107506423
0.0018994086 0.4124538086
0.0019007229 0.4136763059
0.0019027229 0.4148160924
0.0019042369 0.4158108933
0.0019067832 0.4174205966
0.0019082144 0.419039484
0.0019100326 0.42026741
0.0019118073 0.4211514774
0.0019131109 0.4219449479
0.0019150313 0.423586541
0.0019166453 0.424911312
0.0019189496 0.4258121917
0.001920829 0.4269836652
0.0019215811 0.4273431027
0.0019234116 0.4285432315
0.0019254536 0.4297889998
0.0019264203 0.4309054077
0.0019283046 0.4322977879
0.0019290997 0.4328798792
0.0019308314 0.4338866469
0.0019316862 0.4347003154
0.0019322062 0.4353066095
0.0019339284 0.436239254
0.0019355977 0.4376730452
0.0019372149 0.439051991
0.0019384165 0.4401607158
0.0019394934 0.4410585197
0.0019412491 0.4420693419
0.0019429082 0.4431210781
0.0019443217 0.4439300499
0.0019459188 0.4445978743
0.001947941 0.4460047517
0.0019495513 0.4468358762
0.0019511206 0.4477869484
0.0019517366 0.448814149
0.0019522905 0.4494734807
0.0019532048 0.4501385099
0.0019543183 0.4510427915
0.0019554098 0.4517934364
0.0019571721 0.4532531508
0.0019581929 0.4537119012
0.001959117 0.455038043
0.0019598362 0.455463842
0.0019612036 0.4561777225
0.0019620617 0.4569100278
0.0019630214 0.4576045358
0.0019633881 0.4588619281
0.0019642093 0.4595217352
0.0019645645 0.4601258823
0.0019649371 0.4606253286
0.0019655215 0.4609201212
0.0019666118 0.4614969069
0.00196799 0.4618839351
0.0019688881 0.462582509
0.0019697678 0.4632389085
0.0019705666 0.4635571532
0.0019716978 0.4647429861
0.0019725674 0.465159237
0.0019733575 0.4664103876
0.0019747808 0.4679942725
0.0019756589 0.4688913598
0.0019764165 0.4697992017
0.0019771394 0.4701484212
0.0019786783 0.4709511828
0.0019797259 0.4719298781
0.0019803709 0.4725555411
0.0019808003 0.4737748286
0.001981233 0.4744896951
0.0019821691 0.4754496847
0.0019827471 0.476447439
0.0019836494 0.4777386716
0.0019847751 0.4783410731
0.0019853433 0.4789270544
0.001986236 0.4797265226
0.0019873034 0.4805119309
0.0019879794 0.4822605527
0.0019885182 0.4830822622
0.0019894133 0.4836425311
0.0019896385 0.4851470044
0.0019901577 0.4867447848
0.0019906685 0.4874275084
0.0019920577 0.4882955412
0.0019930577 0.4891798708
0.0019939294 0.4902047585
0.0019947273 0.4906440602
0.0019957484 0.4911311939
0.0019962379 0.4917603626
0.0019969447 0.4924082377
0.0019972207 0.492792212
0.0019980135 0.4944694141
0.0019988846 0.4958338147
0.0019993667 0.496769749
0.0020003463 0.4975605753
0.0020011991 0.4985717525
0.0020018051 0.4990294107
0.0020024483 0.4997686517
0.0020026783 0.5004577649
0.0020034495 0.5009324822
0.0020039693 0.5016173376
0.002004718 0.5022475435
0.0020051298 0.5027072259
0.0020058371 0.5032609529
0.0020061527 0.504067288
0.0020067227 0.5044598515
0.0020076458 0.5052283742
0.0020080094 0.5062856694
0.0020083999 0.5070778563
0.0020087459 0.5077516171
0.0020093072 0.5080531597
0.002009387 0.5081764155
0.002009415 0.5082041933
0.0020096476 0.5091156208
0.0020100596 0.5093991745
0.0020108753 0.5098240498
0.0020117836 0.5104508002
0.0020123909 0.5108084675
0.0020127227 0.511983856
0.0020133924 0.5128242225
0.0020137662 0.5133655456
0.0020141698 0.5143079406
0.0020146922 0.514734377
0.0020152166 0.5152856313
0.0020157564 0.5161767388
0.002016197 0.5169380948
0.0020168285 0.5175290376
0.0020173132 0.5182516079
0.002017635 0.5192372778
0.0020185268 0.5199929494
0.0020188026 0.5204273368
0.0020188412 0.5206432459
0.0020193455 0.5209920477
0.0020197115 0.5211661021
0.0020201394 0.5217772351
0.0020205951 0.5223538007
0.002020801 0.5226574082
0.0020213826 0.5235716647
0.0020216534 0.5241676521
0.0020222593 0.5246426779
0.0020224576 0.524936176
0.0020230996 0.5256536531
0.0020233045 0.5264913013
0.0020234718 0.5267726866
0.002023541 0.5274084009
0.0020238932 0.5281180948
0.0020241754 0.528515822
0.0020244084 0.5285913271
0.0020247604 0.5289936218
0.0020252265 0.529502705
0.002025913 0.5300417679
0.0020262806 0.530517914
0.0020263318 0.5310433469
0.0020266141 0.5320648989
0.0020269423 0.5327285807
0.0020271251 0.5335900886
0.0020276484 0.5342238202
0.0020276677 0.5343666773
0.0020279639 0.5352923847
0.002028006 0.5353146069
0.0020284869 0.5357078828
0.0020288215 0.5360621294
0.00202917 0.5367858952
0.0020294077 0.537293038
0.0020299904 0.5377848811
0.0020301477 0.5380427313
0.0020305769 0.538673152
0.0020307962 0.5392888724
0.0020310925 0.539665316
0.0020315242 0.540211304
0.002031833 0.5405649723
0.0020322177 0.5411126744
0.0020325388 0.5415106956
0.0020328806 0.5420129416
0.0020332067 0.542258984
0.0020336652 0.5432328306
0.002034176 0.5439564325
0.0020344663 0.5440291598
0.0020348628 0.5447052153
0.0020351724 0.5451327162
0.0020355943 0.5454515728
0.0020359088 0.5460888963
0.0020362469 0.5464423152
0.0020365205 0.5469666658
0.0020370765 0.5475666182
0.002037303 0.5481612212
0.0020375287 0.5486669347
0.0020376844 0.549156531
0.0020379189 0.5493976482
0.0020381525 0.5496710165
0.0020384471 0.5498538382
0.0020388225 0.5504106061
0.0020390232 0.5508013265
0.0020394401 0.5515135073
0.0020395415 0.5518496184
0.0020398277 0.5522517108
0.0020401196 0.5523533854
0.0020404206 0.552972673
0.0020407106 0.553243151
0.0020409398 0.553318857
0.0020412379 0.5539603576
0.0020416108 0.5543716266
0.0020416864 0.5546266694
0.0020419192 0.5555597502
0.0020420075 0.5558051714
0.0020421508 0.5560775516
0.002042232 0.5562508074
0.0020423808 0.5564673575
0.0020428228 0.5569511117
0.0020429932 0.5572382967
0.0020433041 0.5579327406
0.0020435213 0.5588764275
0.00204355 0.5589014275
0.00204395 0.5598252589
0.0020442253 0.5603233747
0.0020443673 0.5606286526
0.0020444427 0.5606536526
0.002044471 0.5609112283
0.002044971 0.5616210076
0.0020451454 0.5617488074
0.0020451485 0.5619488074
0.0020453498 0.5622314553
0.0020455812 0.5626571627
0.0020458089 0.5630647604
0.0020461279 0.5640752221
0.0020462839 0.5643075985
0.0020463022 0.5644075985
0.0020465393 0.5645998582
0.0020467423 0.5653511715
0.0020470414 0.5656213823
0.0020474691 0.5658481214
0.0020480907 0.5662778438
0.002048483 0.5668251192
0.0020487068 0.56724896
0.0020489658 0.5675574825
0.0020490963 0.5679759807
0.0020491999 0.5682299577
0.0020494241 0.569034589
0.0020496035 0.5697004388
0.0020497882 0.5702054406
0.0020499841 0.5703600393
0.0020501328 0.5707716554
0.0020503014 0.5714403122
0.0020504493 0.5716897024
0.0020507209 0.5719637117
0.002050963 0.572196035
0.0020511153 0.5724077629
0.002051207 0.5726492822
0.0020514499 0.5729923405
0.002051843 0.5735037436
0.0020518885 0.5735293846
0.0020520414 0.5738326272
0.0020524397 0.5743926636
0.0020526313 0.5746732411
0.0020526706 0.575041928
0.0020528499 0.5753965173
0.0020530622 0.5756380533
0.0020531123 0.5756636944
0.0020532568 0.5758766376
0.0020534008 0.5759428212
0.002053608 0.5764311606
0.0020541011 0.5768836054
0.0020544335 0.5772188785
0.0020546308 0.5777460465
0.0020550051 0.5781843358
0.0020553048 0.5786681809
0.0020555358 0.5790832159
0.0020558014 0.5802953966
0.0020560365 0.5807411105
0.0020560365 0.5807411105
0.0020563027 0.5812257266
0.0020566512 0.581777063
0.0020568357 0.5818521884
0.0020569023 0.581873465
0.0020570726 0.5824805591
0.0020572025 0.5826170169
0.002057639 0.5833957997
0.002057639 0.5833957997
0.0020579206 0.5839407946
0.0020581673 0.5848683342
0.0020584448 0.585725126
0.0020585675 0.5860964026
0.0020586326 0.5861416262
0.0020588534 0.5864807349
0.0020588638 0.5866235921
0.0020590524 0.5870523448
0.0020592019 0.5873004841
0.0020592764 0.5876213174
0.0020595175 0.5876933828
0.002059717 0.5879606705
0.0020597297 0.5880717817
0.0020599435 0.5886928446
0.0020599435 0.5886928446
0.0020601207 0.5888613515
0.0020604161 0.5893274687
0.002060469 0.5895746909
0.0020607178 0.5899795361
0.0020611363 0.5910995623
0.0020612988 0.5914613145
0.0020614834 0.5917897333
0.0020616326 0.5921752907
0.0020617542 0.5922215673
0.0020618631 0.593281524
0.0020620261 0.5939669648
0.0020621541 0.5942148281
0.0020621763 0.5944167511
0.0020625047 0.5949920396
0.0020626685 0.5952736993
0.0020628441 0.5953995858
0.0020629366 0.595516136
0.002063104 0.5958976691
0.0020632009 0.5961135782
0.0020635415 0.5965281087
0.0020637752 0.5969251471
0.0020639747 0.59770147
0.0020640275 0.5979232091
0.0020641878 0.5986105873
0.0020644002 0.5988922471
0.002064543 0.5992289999
0.0020645597 0.5993123332
0.0020646497 0.6004645573
0.0020647348 0.6006126122
0.00206494 0.6008912265
0.0020649635 0.6010821356
0.0020651795 0.601626765
0.0020653317 0.6023727968
0.0020653995 0.602705647
0.0020654298 0.6027300372
0.0020654949 0.6030217039
0.0020656132 0.6033945672
0.0020656248 0.6035056783
0.0020658257 0.603785141
0.0020660331 0.6041331443
0.0020662239 0.6045625061
0.0020663134 0.6048303633
0.0020663385 0.6048536191
0.0020663568 0.6049536191
0.0020664912 0.6050240971
0.0020665412 0.6051602082
0.0020667067 0.60538058
0.0020667113 0.60548058
0.0020668828 0.6061895501
0.0020671103 0.6066378051
0.0020672249 0.6067788395
0.0020674626 0.6070674759
0.0020675118 0.60733736
0.0020676345 0.6075740362
0.0020677459 0.6077895997
0.0020678104 0.6086234232
0.0020680764 0.6089083816
0.0020682114 0.6091002818
0.0020682555 0.6091252818
0.0020682621 0.6093252818
0.0020684072 0.6095175292
0.0020686002 0.6098722638
0.0020686483 0.610374284
0.0020687968 0.6106922665
0.0020688774 0.6109742325
0.0020688883 0.6111170896
0.0020690054 0.6114217829
0.0020690552 0.6114450387
0.0020691502 0.6115688482
0.0020691804 0.611595164
0.0020692772 0.6121401231
0.0020694875 0.6122344745
0.0020697037 0.6126109453
0.0020698213 0.6129681858
0.0020698511 0.612992576
0.0020699171 0.6133936096
0.0020699808 0.6141392445
0.0020701121 0.6142727032
0.0020701502 0.6144747234
0.0020702325 0.6145824469
0.0020703714 0.6152428005
0.0020704113 0.6153671907
0.0020704994 0.615489918
0.0020706458 0.6156740329
0.0020707585 0.6161102789
0.0020708273 0.6164585347
0.0020709583 0.6165272451
0.0020709977 0.6165505009
0.0020710577 0.6168876866
0.0020711301 0.6171114459
0.0020711301 0.6171114459
0.0020713955 0.6175522313
0.0020714982 0.6177662551
0.0020715904 0.6181829218
0.0020717969 0.6186799227
0.0020719765 0.6192088317
0.002072062 0.6194909111
0.0020721372 0.6197391669
0.0020721514 0.619882024
0.0020723721 0.6204510017
0.0020724206 0.620673224
0.0020725214 0.6210881081
0.0020725314 0.6211469316
0.0020725415 0.6212580427
0.0020725715 0.6212812985
0.0020726155 0.6218535208
0.0020727094 0.6219361538
0.002072791 0.6223208029
0.0020728467 0.6226553268
0.0020729102 0.6231565172
0.0020729854 0.6233182694
0.0020731218 0.6234466253
0.0020732855 0.6239006023
0.0020733702 0.6244112303
0.0020734979 0.6245839576
0.0020735567 0.6248089576
0.0020736878 0.6252688783
0.0020737171 0.625526454
0.0020738711 0.6258676585
0.002074089 0.6261285641
0.0020742424 0.6268885721
0.0020744711 0.6273191589
0.0020746606 0.6277442365
0.0020746876 0.6277664587
0.0020748283 0.6278152682
0.0020750533 0.6282796622
0.0020751339 0.628452918
0.0020751741 0.6287261738
0.0020752678 0.6290499833
0.0020753098 0.6295856976
0.0020753555 0.6296106976
0.002075405 0.6300498625
0.0020756478 0.6306755909
0.0020756649 0.6310005909
0.002075767 0.6315539468
0.0020759179 0.6316286309
0.0020760271 0.631968078
0.0020760986 0.632118078
0.0020764213 0.6330328084
0.0020764381 0.6331161417
0.0020765465 0.6332627542
0.0020766827 0.6335332322
0.0020767684 0.6338010893
0.002076774 0.6339260893
0.0020769094 0.6343910619
0.0020770557 0.6345597722
0.0020770557 0.6345597722
0.0020773417 0.6351259721
0.0020774356 0.6355381168
0.0020775257 0.6356815951
0.0020776174 0.6359786037
0.0020776834 0.6362518595
0.0020777309 0.6362768595
0.0020777546 0.6365685261
0.0020778839 0.636665042
0.0020780312 0.6369434511
0.0020781002 0.6371269633
0.0020781165 0.6372038864
0.0020781382 0.6377316642
0.0020781851 0.6378377248
0.0020782572 0.6379877248
0.0020784442 0.6383827474
0.0020785142 0.6387410807
0.0020785537 0.6390549696
0.0020786556 0.639731339
0.0020787556 0.6399445173
0.0020788038 0.6401677731
0.0020788429 0.6403607556
0.0020789193 0.6404773057
0.0020790026 0.6405262025
0.0020790964 0.6407126203
0.0020792007 0.640995837
0.0020792536 0.6412111364
0.0020793222 0.6413338637
0.0020794628 0.6415641615
0.0020795049 0.6419002727
0.0020795785 0.6421944456
0.0020796519 0.6425091672
0.0020796659 0.6427341672
0.0020797007 0.6428472985
0.0020797703 0.6431043205
0.0020799092 0.6431821296
0.0020799594 0.643415968
0.0020800356 0.643823601
0.0020800667 0.6444478434
0.0020801253 0.6446422879
0.0020801477 0.6446655437
0.0020802147 0.6446893532
0.002080225 0.6447893532
0.0020802592 0.6454060199
0.0020802592 0.6454060199
0.0020803479 0.6457542757
0.0020803973 0.6462169131
0.0020804246 0.6462724686
0.0020804687 0.6465885255
0.0020804823 0.6466102647
0.0020806193 0.6472686853
0.0020807224 0.6476500736
0.0020807358 0.6477500736
0.0020808217 0.6481233294
0.0020808772 0.6484388056
0.0020810399 0.6487394466
0.0020811974 0.6490622051
0.0020813161 0.6494675082
0.002081428 0.6499332292
0.0020815946 0.6502605658
0.0020816878 0.6503112068
0.0020818074 0.650460597
0.0020818174 0.650560597
0.00208192 0.6507318736
0.0020820655 0.6511834609
0.0020822074 0.651259102
0.0020823392 0.6515994013
0.0020824395 0.6519785534
0.002082497 0.6521729979
0.0020825691 0.6523879204
0.0020826509 0.652647841
0.0020827457 0.6528616252
0.00208278 0.652987941
0.0020830405 0.6535055559
0.0020832536 0.6536625526
0.0020834062 0.6539727068
0.0020834207 0.6542088179
0.0020834596 0.6542320737
0.0020835517 0.6544799369
0.002083621 0.6549255719
0.0020836516 0.655386683
0.002083724 0.6557996732
0.0020837416 0.6558905823
0.002083873 0.6559615654
0.002084065 0.6560552757
0.0020840746 0.6561802757
0.0020841352 0.6562920181
0.0020842546 0.6563637885
0.002084296 0.6569764367
0.0020843642 0.6572998494
0.0020843642 0.6572998494
0.0020844829 0.6577553563
0.0020845698 0.6579094499
0.0020846597 0.6579601559
0.0020847195 0.6581084117
0.0020847588 0.6581544435
0.0020847588 0.6581544435
0.0020847714 0.6584639673
0.0020848481 0.6585137216
0.0020849856 0.6590495245
0.0020849856 0.6590495245
0.0020850261 0.6590733341
0.0020850681 0.6590971436
0.0020851566 0.6599254796
0.0020851705 0.6600254796
0.0020851705 0.6600254796
0.0020852787 0.6602961464
0.0020852787 0.6602961464
0.0020852833 0.6604628131
0.0020852941 0.6608794797
0.0020854231 0.6610634434
0.0020854231 0.6610634434
0.0020854829 0.6613638403
0.0020855425 0.6614865675
0.0020855501 0.6615865675
0.002085576 0.6618774766
0.0020856476 0.6620704591
0.0020858056 0.6623080276
0.0020858451 0.6623343434
0.0020858936 0.6623593434
0.0020860388 0.6627606255
0.0020861189 0.6628969891
0.0020862425 0.6629724129
0.0020862847 0.6634263812
0.0020863283 0.6637218592
0.0020863899 0.6640562262
0.0020864034 0.6641562262
0.0020864258 0.6644582464
0.002086529 0.6646072894
0.0020865529 0.6651406228
0.0020865976 0.6653684005
0.0020866586 0.6657577945
0.0020866719 0.6660689056
0.0020867268 0.6663411278
0.0020867431 0.6664244611
0.0020867727 0.6667466834
0.0020868067 0.6668699392
0.0020868303 0.6670943294
0.0020868701 0.6676276627
0.0020869627 0.6678048308
0.0020869686 0.6679714974
0.0020870375 0.668308159
0.0020870375 0.668308159
0.0020870375 0.668308159
0.0020870463 0.6684192702
0.0020870463 0.6684192702
0.0020870783 0.6684455859
0.0020872672 0.6685444593
0.0020872672 0.6685444593
0.002087273 0.6686353684
0.0020873439 0.6695661688
0.0020873439 0.6695661688
0.0020873439 0.6695661688
0.0020874189 0.6697799008
0.002087452 0.6699031566
0.0020875267 0.6701508839
0.0020875439 0.6703758839
0.0020875883 0.6705688663
0.0020876269 0.6707334626
0.0020876269 0.6707334626
0.0020876911 0.6710652086
0.0020876968 0.6712318753
0.002087731 0.6712531519
0.0020878304 0.6714651504
0.0020878304 0.6714651504
0.0020878516 0.6717673184
0.002087928 0.6720189102
0.0020880156 0.6722906806
0.0020881044 0.672460147
0.0020882185 0.6726162076
0.0020882396 0.6728273188
0.0020882747 0.6728505746
0.002088307 0.6728723137
0.002088307 0.6728723137
0.0020883364 0.67303691
0.0020883615 0.6730613002
0.0020883741 0.6733724113
0.0020884131 0.6735956671
0.0020884297 0.673618923
0.0020884395 0.674318923
0.0020884672 0.6745099799
0.0020884811 0.6748016465
0.0020885253 0.6749499024
0.0020885737 0.6751392963
0.0020886068 0.6752736632
0.0020886674 0.6753980535
0.0020887059 0.6755447926
0.0020887141 0.6757114593
0.0020887416 0.6760273683
0.0020887799 0.6763000956
0.0020887909 0.6763244859
0.0020888223 0.6763508017
0.0020888441 0.6765431093
0.0020889299 0.6771139274
0.0020889844 0.6774150132
0.0020890482 0.6775227368
0.002089093 0.6775782923
0.0020891215 0.6778461245
0.0020891864 0.6781055317
0.0020892013 0.6784150556
0.0020892445 0.6784428333
0.0020892957 0.6786650556
0.0020893562 0.67883064
0.0020893912 0.6788538958
0.0020894919 0.6791302116
0.0020895388 0.6793534674
0.0020895388 0.6793534674
0.0020895762 0.6795241023
0.0020896136 0.6800100672
0.0020896563 0.6801999897
0.0020897242 0.680482069
0.0020897321 0.680607069
0.002089768 0.6810213548
0.0020897839 0.6813122639
0.0020897905 0.6814789305
0.0020898104 0.6815021863
0.0020898593 0.6815244086
0.0020898593 0.6815244086
0.0020900015 0.6821329944
0.0020900568 0.6823900165
0.0020900936 0.682695572
0.0020901933 0.6829799389
0.0020902143 0.683181862
0.0020902863 0.6832306715
0.0020903386 0.6835559476
0.0020904143 0.6836639021
0.0020904573 0.6838902179
0.0020906227 0.6844203077
0.0020906903 0.6846986662
0.0020907449 0.6849880601
0.0020907708 0.6850097993
0.0020908278 0.6852997218
0.0020908356 0.6853997218
0.0020908885 0.6858907787
0.0020909918 0.6859850662
0.0020909918 0.6859850662
0.0020910419 0.6860372342
0.0020910908 0.6864967581
0.0020910998 0.6866217581
0.0020911075 0.6867467581
0.0020911254 0.6871007263
0.0020911906 0.6871451927
0.0020912838 0.687696308
0.0020912928 0.687796308
0.0020912928 0.687796308
0.0020913449 0.687985702
0.00209135 0.688110702
0.0020914135 0.6883834292
0.0020914376 0.6885733517
0.0020914489 0.6886733517
0.0020915046 0.6888384311
0.0020915525 0.6890667671
0.0020915752 0.6890945448
0.0020916017 0.689201134
0.0020916344 0.6893400229
0.0020916771 0.6894877502
0.0020916771 0.6894877502
0.0020917849 0.6897598155
0.0020918487 0.6900186539
0.0020918487 0.6900186539
0.0020918624 0.6901019872
0.0020918824 0.6901242094
0.0020919048 0.6904503999
0.0020919148 0.6905503999
0.0020919533 0.6909031777
0.0020919607 0.6910460348
0.0020920004 0.6913654793
0.002092035 0.6915130983
0.0020920474 0.6917670666
0.0020921252 0.691959678
0.0020921794 0.6922190449
0.0020922114 0.692246072
0.0020923061 0.6924304389
0.0020923319 0.6924554389
0.0020923589 0.6924804389
0.00209243 0.6931875384
0.0020924484 0.6933708717
0.002092545 0.6934467083
0.0020925523 0.6935578194
0.0020925986 0.6938597425
0.0020926571 0.6941770502
0.0020926936 0.6943131613
0.0020927325 0.6945048279
0.0020928138 0.6945530837
0.0020928647 0.6946037248
0.0020929204 0.694725947
0.0020929349 0.6949926137
0.0020929723 0.6950189294
0.0020929723 0.6950189294
0.0020930302 0.6952845139
0.0020930675 0.6955115409
0.0020931588 0.6956862952
0.0020931624 0.6957772043
0.0020932128 0.6958811544
0.0020932511 0.6959081814
0.0020932607 0.6961760386
0.0020932881 0.6962010386
0.0020933144 0.6962288163
0.0020933573 0.6965437388
0.0020933573 0.6965437388
0.002093393 0.6966624257
0.002093393 0.6966624257
0.0020933965 0.6968624257
0.0020934273 0.6968880667
0.0020934344 0.6970309239
0.0020934344 0.6970309239
0.0020935112 0.6970769069
0.0020935383 0.6973356732
0.0020936007 0.6975690065
0.0020936007 0.6975690065
0.0020936877 0.697727183
0.0020936936 0.6978938496
0.002093724 0.6979201654
0.0020937814 0.6982882986
0.0020938247 0.6983924652
0.0020938364 0.6986083743
0.0020938434 0.6987512315
0.0020938457 0.6989178981
0.0020939051 0.6991301135
0.0020939655 0.6993212014
0.0020940073 0.6993702445
0.0020940538 0.6993924667
0.0020941221 0.6997763051
0.0020942078 0.6999884263
0.0020942147 0.7000995374
0.0020942147 0.7000995374
0.0020942389 0.7003217597
0.002094247 0.7004328708
0.0020942723 0.7005979501
0.0020942792 0.7007229501
0.0020943251 0.7007695626
0.0020943687 0.7009356756
0.0020943928 0.7012252718
0.0020944088 0.7017109861
0.0020944431 0.7021786864
0.0020944819 0.7022260665
0.0020944819 0.7022260665
0.0020945047 0.7024003089
0.0020945672 0.7024513425
0.0020945706 0.7026180092
0.0020945706 0.7026180092
0.0020945752 0.7027846759
0.0020945842 0.7028846759
0.0020945876 0.7030846759
0.0020946136 0.703106415
0.0020946193 0.7032730817
0.0020946621 0.7034213375
0.0020947094 0.7038051759
0.0020947128 0.7039301759
0.0020947364 0.7039545661
0.0020947364 0.7039545661
0.0020947633 0.704125201
0.0020947733 0.7042161101
0.0020947756 0.7043827768
0.0020947912 0.7044105546
0.0020947912 0.7044105546
0.0020947912 0.7044105546
0.002094799 0.7045355546
0.0020948413 0.7047034117
0.0020948557 0.7047803348
0.0020948691 0.7052481919
0.0020949101 0.7052694685
0.0020949322 0.7052938588
0.0020949897 0.7054333059
0.0020950317 0.7054782554
0.0020950704 0.7057015112
0.0020950704 0.7057015112
0.0020951056 0.7058693683
0.0020951199 0.7061372255
0.0020951199 0.7061372255
0.0020951715 0.7064050826
0.0020951989 0.7065550826
0.0020951989 0.7065550826
0.00209527 0.7067464778
0.0020952744 0.7069464778
0.0020953082 0.7070511786
0.002095341 0.7070761786
0.0020953464 0.7074428453
0.0020953725 0.7074645844
0.0020953921 0.7074868066
0.0020953932 0.7075979178
0.0020954279 0.707822308
0.0020954279 0.707822308
0.0020954701 0.7080139747
0.0020954906 0.7083401651
0.0020955392 0.7085628924
0.0020955392 0.7085628924
0.0020955392 0.7085628924
0.0020956156 0.7088568963
0.00209562 0.7090568963
0.0020956404 0.709425486
0.0020956404 0.709425486
0.0020956404 0.709425486
0.0020956543 0.7096088194
0.002095666 0.709875486
0.002095666 0.709875486
0.002095666 0.709875486
0.002095666 0.709875486
0.002095666 0.709875486
0.0020956714 0.7099865971
0.0020956884 0.7102115971
0.0020956915 0.7103782638
0.0020957499 0.7106958536
0.0020957499 0.7106958536
0.0020957499 0.7106958536
0.0020957499 0.7106958536
0.0020957668 0.7109069647
0.0020957815 0.711345096
0.0020958427 0.7113933518
0.0020958479 0.7114766851
0.0020958479 0.7114766851
0.0020958532 0.7116016851
0.0020958825 0.7116244124
0.002095958 0.7118122645
0.002095958 0.7118122645
0.002095958 0.7118122645
0.0020959925 0.7118355203
0.0020959977 0.712002187
0.0020959977 0.712002187
0.0020960436 0.7123865539
0.0020960696 0.7124143317
0.0020961423 0.7125176876
0.0020962119 0.7126644267
0.0020962493 0.7127876826
0.0020962907 0.7128376826
0.0020962907 0.7128376826
0.0020963683 0.7129889984
0.002096421 0.7130339478
0.002096456 0.7130572037
0.0020964663 0.7130799309
0.002096488 0.7132743754
0.0020964931 0.7133743754
0.0020965085 0.7136104865
0.0020965229 0.7137847289
0.002096527 0.7139847289
0.0020966008 0.714219378
0.0020966765 0.7144653611
0.0020967174 0.7146866377
0.0020967174 0.7146866377
0.0020967327 0.7147083768
0.0020967388 0.7148750435
0.0020967388 0.7148750435
0.0020967388 0.7148750435
0.0020967388 0.7148750435
0.0020967987 0.7149270003
0.002096819 0.7150502561
0.0020968575 0.7150729834
0.0020968646 0.7151729834
0.0020969839 0.7153896014
0.002096989 0.7155562681
0.0020970283 0.7156699045
0.0020970283 0.7156699045
0.0020970283 0.7156699045
0.0020970726 0.7157962202
0.0020970806 0.7159073314
0.0020971228 0.7159533144
0.0020971258 0.7160783144
0.0020971278 0.7161894256
0.0020971949 0.7164399832
0.0020972009 0.7167308922
