0.000244 0.026584221
0.0004005 0.0484703937
0.0005198333 0.0659433447
0.0006235833 0.0830362038
0.0007093833 0.0969496675
0.0007787167 0.108786497
0.0008478595 0.1210986695
0.0009081095 0.1320502557
0.0009581095 0.1415978617
0.0010048095 0.1502005289
0.0010488095 0.1578159808
0.0010903929 0.1654184275
0.0011247775 0.1715668923
0.001160206 0.1767728127
0.0011946727 0.1842661568
0.0012278602 0.1913416338
0.0012602132 0.1952302421
0.0012948798 0.2016880967
0.0013244588 0.2082057544
0.0013502088 0.2121475975
0.0013733516 0.2174528821
0.0013957153 0.2208659333
0.0014211066 0.225868056
0.0014421899 0.2312180541
0.0014651099 0.2357085937
0.0014848022 0.2387514031
0.0015014318 0.2419314384
0.0015148247 0.2454600929
0.0015285833 0.2495109287
0.0015415166 0.2524847279
0.0015537747 0.2565813395
0.001562806 0.26006001
0.001574806 0.2632307468
0.0015870707 0.2655092377
0.001597785 0.269002914
0.0016105627 0.2724902489
0.0016191573 0.2743749858
0.001627631 0.2767655475
0.0016395541 0.2801992957
0.0016501791 0.2831206791
0.0016583986 0.286354886
0.0016668748 0.2896043516
0.001676712 0.2934496979
0.0016864165 0.2969288424
0.0016947054 0.3001640365
0.0017036837 0.3029461444
0.0017133433 0.3062270873
0.0017219891 0.3083853309
0.0017311728 0.3103336867
0.0017366328 0.3124696312
0.0017405347 0.31507574
0.0017464193 0.3177035302
0.0017520231 0.3198251377
0.001756912 0.3215952294
0.001761712 0.3242605937
0.0017664084 0.3261796532
0.0017729348 0.3290351519
0.0017776244 0.3312375951
0.0017815905 0.3325739814
0.0017863238 0.3344138432
0.0017904058 0.3369237151
0.0017933413 0.3389784267
0.0017972937 0.3412703045
0.0018014031 0.3426842257
0.0018058646 0.3436354506
0.0018101373 0.3454429375
0.0018139881 0.3474221933
0.0018178263 0.3494145984
0.001823464 0.3524195109
0.0018269068 0.3531057959
0.0018297378 0.3550761217
0.0018334184 0.3569211408
0.0018346376 0.3576326214
0.001837543 0.3592288468
0.001841703 0.3613904259
0.0018446503 0.3628555166
0.001847962 0.364582727
0.0018513338 0.366169157
0.0018534477 0.3682139223
0.0018558727 0.3698265637
0.0018591814 0.3718353758
0.0018615838 0.3731680013
0.0018642826 0.3744691893
0.0018661517 0.3762088789
0.001868587 0.3773615011
0.0018703311 0.3790883781
0.001873538 0.3807348503
0.0018770608 0.3827311404
0.0018796001 0.3846184512
0.0018813223 0.3859102272
0.0018838168 0.3876750535
0.0018854581 0.3894519763
0.0018883291 0.3919028535
0.0018903291 0.3936594785
0.0018931501 0.3958335477
0.0018958168 0.3974546989
0.0018986931 0.398742518
0.001901336 0.4000574925
0.0019027501 0.4013269107
0.0019045301 0.4026074898
0.0019071143 0.4041905792
0.0019088005 0.4051003855
0.0019103539 0.4065662566
0.0019121039 0.4072446513
0.0019151992 0.4091845221
0.0019168029 0.4098767228
0.0019180927 0.4110362507
0.0019204445 0.4131400427
0.0019210867 0.4139266901
0.0019228685 0.4147807142
0.0019247784 0.4157073216
0.0019259481 0.4162724499
0.0019278065 0.4171013384
0.0019297012 0.4185552561
0.0019318491 0.4192685553
0.001933737 0.4211909248
0.0019352498 0.4219972278
0.0019370379 0.4232973619
0.0019384665 0.4236177628
0.0019411665 0.4247343061
0.0019419434 0.4264917527
0.0019431319 0.4283875766
0.0019449043 0.4291085864
0.0019466301 0.4303852997
0.0019481181 0.4315148206
0.0019502292 0.432780078
0.0019522528 0.4341155645
0.0019538544 0.4347586575
0.0019546761 0.4357454745
0.0019559145 0.4360963043
0.0019569603 0.4373880348
0.0019588846 0.4383730545
0.0019602229 0.4394150652
0.0019621035 0.4405656355
0.0019638591 0.4421193711
0.00196619 0.4429761469
0.0019679783 0.4438977015
0.0019698189 0.4459403966
0.0019714663 0.4471083398
0.0019728663 0.4484072162
0.0019751571 0.4492407362
0.0019761289 0.4499359226
0.0019775975 0.4511395859
0.0019783336 0.4513619972
0.0019790094 0.4517291689
0.0019803451 0.4521907971
0.001981726 0.453231869
0.0019831314 0.4542434891
0.0019850777 0.4554489493
0.0019858844 0.4561444871
0.0019870963 0.4570039047
0.0019881161 0.4577584936
0.0019891095 0.4587020457
0.0019902459 0.4594859455
0.0019911169 0.4603696778
0.0019922002 0.461624045
0.0019939645 0.4625936177
0.0019952936 0.4634490518
0.0019959729 0.4641515782
0.0019965729 0.4649277462
0.0019976598 0.4654195359
0.0019981907 0.465951901
0.0019991846 0.4665775937
0.0020001663 0.4675126723
0.0020010208 0.4683562984
0.0020022076 0.4690456985
0.0020033992 0.4699250962
0.0020042385 0.4703918381
0.0020050787 0.471879254
0.0020059258 0.4726229725
0.0020063117 0.4729045382
0.0020075385 0.4737078946
0.002008683 0.4749243915
0.0020091025 0.4755850483
0.0020102625 0.4766626609
0.002011075 0.4777097482
0.0020121372 0.4785302062
0.0020132439 0.4794518004
0.0020140707 0.4804150848
0.0020150374 0.4813086478
0.0020163247 0.4822511514
0.0020172148 0.4828052339
0.0020179361 0.4836633127
0.0020184415 0.4842108831
0.002019874 0.4847847836
0.0020211374 0.4856178584
0.0020220946 0.4864935645
0.0020226425 0.4873551624
0.0020233092 0.4876655692
0.0020243302 0.4883142293
0.0020251732 0.4891049393
0.0020252513 0.4897577171
0.0020255363 0.4903387629
0.0020262424 0.4912430385
0.0020272527 0.4926470191
0.0020282629 0.4932054375
0.0020286639 0.4939741713
0.0020290023 0.4942154574
0.0020298013 0.4948572668
0.0020301413 0.495555507
0.0020310716 0.4964051098
0.0020314677 0.4974270321
0.0020327534 0.498644554
0.0020329838 0.4990639985
0.0020338033 0.4994551017
0.0020349004 0.5002713789
0.0020355042 0.500840598
0.002036461 0.5015777154
0.0020367576 0.502368899
0.0020370862 0.5026992091
0.0020376312 0.5029845751
0.0020382303 0.5036398147
0.0020387514 0.5043156807
0.0020392047 0.5047448615
0.0020395442 0.5050627162
0.0020398868 0.5059502578
0.0020407255 0.5065481546
0.0020411796 0.5071887645
0.0020416226 0.507695146
0.0020419862 0.5082927568
0.0020421989 0.508683081
0.0020425547 0.5092335048
0.0020427789 0.5099968803
0.0020429664 0.5103169055
0.0020437309 0.5109732755
0.0020441424 0.5119467713
0.0020443759 0.5130843171
0.0020449943 0.5135280274
0.0020453567 0.5139368658
0.0020457307 0.5141551166
0.0020459644 0.5146500555
0.0020461886 0.5149889515
0.0020466306 0.5152275965
0.0020470665 0.5156959986
0.002047692 0.5164112839
0.0020479717 0.5170508095
0.0020482502 0.5178658616
0.0020484183 0.5180135888
0.0020490166 0.5192883457
0.0020495416 0.520032465
0.0020498071 0.5204136616
0.0020505881 0.5207390593
0.0020510285 0.5214283582
0.0020512006 0.5215516141
0.0020516986 0.5219152591
0.0020519181 0.5222008207
0.0020521853 0.522671167
0.0020525361 0.5230606269
0.0020528694 0.5235112298
0.0020532054 0.5245794755
0.0020535082 0.5249072752
0.0020536471 0.5256996493
0.0020541174 0.526452427
0.0020548104 0.5275228572
0.0020550731 0.5277521736
0.0020553817 0.5279221231
0.0020555334 0.5283639434
0.0020557621 0.5292068006
0.0020558973 0.5294963968
0.0020560011 0.529996276
0.0020563574 0.5301822113
0.0020567277 0.5313373409
0.0020572828 0.532161154
0.0020576957 0.5330297796
0.0020580013 0.533715359
0.0020583622 0.5341809434
0.0020588903 0.534801099
0.0020593717 0.5353650517
0.0020595352 0.5357224394
0.0020597167 0.5361141934
0.0020599972 0.5366515492
0.0020602398 0.5380174637
0.0020603021 0.5383512299
0.002060532 0.5385870159
0.0020607756 0.5389242312
0.0020609314 0.5396044169
0.0020612744 0.5397995243
0.0020615046 0.5400745556
0.00206182 0.5404015124
0.0020618629 0.5408360362
0.0020623825 0.5410702846
0.0020625527 0.5412370187
0.0020626976 0.5418382091
0.0020627645 0.542325636
0.0020629434 0.5430019098
0.0020633385 0.5438700384
0.0020634605 0.5442194847
0.0020638875 0.5447454723
0.0020639048 0.5448565834
0.0020640531 0.5451641592
0.0020645445 0.5457804384
0.0020647089 0.5461573952
0.0020650707 0.5468530621
0.0020655911 0.5473608792
0.0020657572 0.5475077969
0.0020657707 0.5476744635
0.002065865 0.5478860648
0.0020658784 0.5480110648
0.0020661326 0.5486357802
0.0020664559 0.5493900951
0.0020665024 0.5497385799
0.0020667773 0.5504387603
0.0020670644 0.5506205483
0.0020670808 0.5507316595
0.0020673366 0.5510049153
0.0020674608 0.5512869012
0.0020679233 0.5516998214
0.0020681181 0.5517695516
0.0020684547 0.5521093263
0.0020687837 0.5525030229
0.0020691245 0.5527662718
0.0020691534 0.5531679525
0.0020692908 0.553481939
0.0020693895 0.5539986057
0.0020696371 0.554797436
0.0020698618 0.5553105229
0.0020699596 0.5558142841
0.002070186 0.5560840767
0.0020704368 0.556603915
0.0020705774 0.5566501916
0.0020707083 0.5567354189
0.0020708325 0.5573604189
0.0020711761 0.557937273
0.002071599 0.5584388111
0.0020716759 0.5584638111
0.0020717679 0.5585999222
0.0020720309 0.5589831852
0.0020723206 0.5595629325
0.0020723996 0.5598068938
0.0020726481 0.5602708241
0.0020727266 0.5607291574
0.0020727718 0.5611533998
0.002072955 0.5613964156
0.0020729999 0.5618821299
0.0020732626 0.5619797759
0.0020734233 0.5622768413
0.0020734975 0.5628565421
0.0020738584 0.5635385436
0.0020740708 0.5640998127
0.0020742238 0.5645343365
0.0020745229 0.5651378996
0.0020745989 0.5653892154
0.0020747184 0.5658753265
0.0020748231 0.566124136
0.0020750608 0.5663015187
0.0020752717 0.5668067201
0.0020753121 0.5669793391
0.0020755391 0.5671679035
0.002075946 0.5678195144
0.0020760745 0.5680287343
0.0020761714 0.5681294669
0.0020763703 0.5685456111
0.0020765884 0.5686195182
0.0020769104 0.569474364
0.0020771471 0.5701903707
0.0020774673 0.5708643203
0.002077851 0.571306117
0.0020780298 0.5715349332
0.0020783084 0.5724111556
0.0020783084 0.5724111556
0.0020783915 0.5725722667
0.002078408 0.5727389334
0.0020784907 0.5732955226
0.0020788478 0.5738872814
0.0020790697 0.5755193633
0.0020790752 0.5757193633
0.0020793232 0.5765645424
0.0020795596 0.5766371614
0.0020799065 0.5767309967
0.0020801281 0.5774874388
0.0020802709 0.5779064001
0.002080443 0.5780461187
0.0020805502 0.5786488102
0.0020807909 0.5789471914
0.0020811082 0.5795810498
0.0020813688 0.5805119694
0.0020813901 0.5806369694
0.0020815488 0.580713003
0.0020817599 0.5813239614
0.0020821336 0.5820281301
0.0020822123 0.5824288375
0.0020826599 0.5834080171
0.0020828845 0.5839348486
0.002082973 0.5839815878
0.0020830561 0.5842826214
0.002083139 0.5844720153
0.0020833199 0.5848043479
0.002083588 0.5851889078
0.0020836882 0.5854555745
0.0020840703 0.5860311362
0.0020841751 0.5864008976
0.0020845221 0.5865220873
0.0020848707 0.5868019968
0.0020850483 0.5871410436
0.0020852104 0.5876919625
0.0020854528 0.5885258301
0.0020855535 0.5886582178
0.0020855661 0.5888248844
0.0020856714 0.5893915511
0.0020857614 0.5895415511
0.0020859634 0.5897462857
0.0020863639 0.5900451832
0.0020866343 0.5905291095
0.0020868002 0.5906840553
0.0020868051 0.5907951664
0.0020868223 0.5908860755
0.0020869722 0.5916232612
0.0020871438 0.5920787681
0.002087244 0.5922429019
0.0020875172 0.5928409051
0.0020876754 0.5933316149
0.0020878307 0.5938482815
0.0020879348 0.5942899482
0.0020882561 0.5945554244
0.0020883476 0.5950536802
0.0020885976 0.5952739574
0.0020887056 0.5956571741
0.0020888539 0.5959011902
0.0020889684 0.596260689
0.0020891018 0.5965759668
0.0020891849 0.5967682745
0.0020893271 0.5973153398
0.0020895564 0.5977551477
0.0020897946 0.5980403132
0.0020898228 0.5984645556
0.0020899027 0.5988696281
0.0020902422 0.5993586459
0.0020903661 0.5998600632
0.0020903987 0.6003100632
0.0020904778 0.6007360968
0.0020905474 0.6009860968
0.0020905474 0.6009860968
0.0020908222 0.6012859921
0.0020911148 0.6018211575
0.0020911217 0.6019461575
0.0020912295 0.6020933798
0.0020913233 0.6023445702
0.0020914991 0.6026840173
0.0020919206 0.6034630772
0.0020919456 0.6037741883
0.0020922721 0.604091792
0.0020924463 0.6043637746
0.0020926991 0.6049548876
0.0020928072 0.6057069146
0.0020928634 0.6062087206
0.0020930831 0.6067226095
0.0020932643 0.6070012238
0.0020933514 0.6072765067
0.0020934293 0.6074450048
0.0020935049 0.6078596011
0.0020937422 0.6080259831
0.0020938218 0.6083591171
0.0020939123 0.6087942819
0.0020940048 0.6090442819
0.0020941279 0.6092609486
0.0020945051 0.6096002418
0.0020947545 0.6100385074
0.0020950711 0.6104092231
0.0020951866 0.6111013948
0.0020953366 0.6114193773
0.0020953388 0.6115622344
0.0020953777 0.6119532913
0.0020954663 0.6121046071
0.0020956753 0.6124673197
0.002095699 0.6126923197
0.0020957891 0.61301089
0.0020958833 0.6132591459
0.0020960351 0.6134264908
0.0020962312 0.6138876899
0.002096244 0.6140543566
0.0020962567 0.6141793566
0.0020963605 0.6144834439
0.0020964916 0.6147411798
0.0020965633 0.6150995203
0.0020967697 0.6161148756
0.0020967907 0.616198209
0.0020968619 0.61622385
0.0020970502 0.6165030708
0.0020971504 0.6165851501
0.0020972088 0.6169084059
0.0020972711 0.6173338961
0.0020973043 0.6173582864
0.0020975155 0.61773432
0.0020976292 0.6181353536
0.0020976972 0.6183014665
0.0020977137 0.6185514665
0.0020978738 0.6187690472
0.0020980132 0.6190261414
0.0020981706 0.6197304775
0.0020982482 0.6198782047
0.0020982808 0.6203543952
0.002098295 0.6205453043
0.0020983234 0.6205675265
0.0020985238 0.6209786102
0.0020985581 0.6214674991
0.0020988384 0.6220881209
0.0020989571 0.6223621752
0.0020990254 0.6226393993
0.0020991596 0.6228924531
0.0020992116 0.6231418994
0.0020993274 0.6234641436
0.0020993712 0.6236154594
0.0020994289 0.6239720485
0.0020994348 0.6241149057
0.0020996744 0.6245469406
0.0020997594 0.6245979742
0.002099864 0.6248371391
0.002099921 0.6250609486
0.002099921 0.6250609486
0.0021000857 0.6259370904
0.0021002462 0.6261155717
0.0021002579 0.6264072383
0.0021003651 0.6264556066
0.0021003982 0.6267608014
0.0021004662 0.6273371172
0.0021006832 0.6281812586
0.0021007877 0.6284289046
0.0021010078 0.6285266319
0.0021011542 0.6289484573
0.0021013369 0.6293211846
0.0021014329 0.6296609905
0.0021016493 0.6302416182
0.0021017889 0.6303111506
0.0021020103 0.6305335308
0.0021021379 0.6305841718
0.0021022273 0.6309817908
0.0021024474 0.63124507
0.0021025061 0.6318228477
0.0021027216 0.6324603502
0.0021028254 0.632711666
0.0021029195 0.6329324262
0.0021029308 0.6330574262
0.0021029421 0.6334324262
0.0021030001 0.6337435373
0.0021032188 0.6340993689
0.002103327 0.6344548758
0.0021034257 0.6349011517
0.0021034257 0.6349011517
0.0021036502 0.6350973414
0.0021038298 0.6352277508
0.0021039795 0.6359633082
0.0021041161 0.6365479573
0.0021042026 0.6366001253
0.0021042118 0.6368001253
0.0021044082 0.6372840814
0.0021044301 0.6375090814
0.0021044374 0.6378424147
0.0021044958 0.6380813036
0.0021045632 0.6382736113
0.0021045832 0.6387259923
0.0021046776 0.6392884727
0.0021047736 0.6395011225
0.0021049762 0.6403830885
0.0021050772 0.6408815988
0.002105243 0.6410754555
0.0021054283 0.6412743523
0.0021055432 0.6413226081
0.0021055557 0.6416321319
0.0021055772 0.6418571319
0.002105654 0.6419815222
0.0021057253 0.6420280338
0.0021058142 0.6421932385
0.0021058302 0.6422765718
0.0021058409 0.6426432385
0.002105878 0.6426649776
0.0021059911 0.6429690902
0.0021061075 0.6433178495
0.0021062413 0.6434766067
0.0021063362 0.6435216016
0.0021063362 0.6435216016
0.002106415 0.6437035876
0.0021065094 0.6438673303
0.0021065269 0.6441583872
0.0021066976 0.6443499189
0.0021067341 0.6447880502
0.0021067393 0.6449547169
0.0021068225 0.6454588105
0.0021068986 0.6457499234
0.0021069073 0.6458408325
0.0021069797 0.6459775847
0.0021070279 0.6461686416
0.0021070726 0.6463565848
0.0021072286 0.6465286502
0.0021073673 0.6469546277
0.0021074203 0.6469778835
0.0021075005 0.6472158268
0.002107538 0.6472990406
0.0021075448 0.6476740406
0.0021076297 0.6481811199
0.0021076653 0.6484975192
0.0021077178 0.6487231602
0.0021078157 0.6487757918
0.0021079203 0.6491196265
0.002107954 0.6492428823
0.0021080296 0.6493778029
0.0021081504 0.6500681023
0.0021081504 0.6500681023
0.0021081604 0.6501590114
0.0021082539 0.6506040968
0.0021082622 0.6507152079
0.0021082622 0.6507152079
0.0021083171 0.650763746
0.0021084315 0.6508121143
0.0021084414 0.6510371143
0.0021085852 0.6514083795
0.0021086776 0.6514566354
0.0021086991 0.6516816354
0.0021087287 0.652048302
0.0021089109 0.6521215018
0.0021089388 0.6522697576
0.0021089453 0.6523947576
0.0021090025 0.6525841515
0.0021091526 0.6528173458
0.0021092568 0.6529483624
0.0021093349 0.6531438511
0.0021093771 0.6532951669
0.0021094533 0.6533479447
0.0021095132 0.6536378672
0.0021095438 0.6536600894
0.0021095616 0.6540843318
0.0021095825 0.6544343318
0.0021096645 0.6546516395
0.0021097576 0.6547006826
0.0021097672 0.6551506826
0.0021098568 0.6551989384
0.0021099415 0.6553517162
0.0021099415 0.6553517162
0.0021099495 0.6554767162
0.0021099765 0.655749972
0.0021100924 0.6564681052
0.0021100971 0.6565514385
0.0021101857 0.6572089782
0.0021101857 0.6572089782
0.0021102236 0.6573464051
0.0021102881 0.6573913546
0.0021102991 0.6574746879
0.0021103117 0.6577425451
0.0021103117 0.6577425451
0.0021103602 0.6577658009
0.002110429 0.6580176948
0.0021105226 0.6582308983
0.0021106332 0.6583031424
0.0021107094 0.658915444
0.002110815 0.659132236
0.0021108801 0.659389061
0.0021109807 0.6598559537
0.0021110255 0.6603535728
0.0021111459 0.6604313818
0.0021111875 0.6604563818
0.0021112306 0.6604813818
0.002111355 0.6605542344
0.002111355 0.6605542344
0.0021114162 0.6608042344
0.0021115156 0.6609570122
0.0021116317 0.6611175136
0.0021116317 0.6611175136
0.002111755 0.6612748899
0.0021118188 0.6614819693
0.0021118795 0.6615315409
0.0021118871 0.661674398
0.0021119703 0.6618878038
0.002112079 0.662248799
0.0021121439 0.6626489779
0.0021121815 0.6630156446
0.0021121996 0.6632585017
0.0021123032 0.6633039563
0.0021123032 0.6633039563
0.0021123391 0.6633252329
0.0021124348 0.6636859156
0.0021124736 0.6639942489
0.0021124736 0.6639942489
0.0021125033 0.6642942489
0.0021125345 0.6648871061
0.0021125538 0.6651208723
0.0021125642 0.6652637295
0.0021125716 0.6653748406
0.0021125923 0.6653980964
0.0021126439 0.665769373
0.0021126763 0.665795014
0.0021127381 0.6660293809
0.0021127586 0.6663293809
0.0021127704 0.6666210476
0.0021128318 0.6670127143
0.0021128816 0.6670349365
0.0021129662 0.6672988581
0.0021130085 0.6673221139
0.0021130653 0.6675504499
0.002113135 0.6676731771
0.0021132033 0.6680719867
0.0021132569 0.6680947139
0.002113267 0.6684280473
0.0021133378 0.6686735018
0.0021133537 0.6689846129
0.0021133969 0.6690078687
0.0021134458 0.6695470336
0.002113522 0.6700587858
0.0021135249 0.6701587858
0.0021136323 0.6702987379
0.0021136409 0.6703204771
0.0021137052 0.6705932043
0.0021137922 0.671133617
0.0021137922 0.671133617
0.0021138235 0.6715023039
0.0021139499 0.6715995481
0.0021139712 0.6718217703
0.0021139868 0.6720328814
0.0021141211 0.6723840403
0.0021141536 0.6725734342
0.0021141649 0.6726984342
0.002114186 0.6731345454
0.0021142732 0.6735146178
0.0021143842 0.6736651229
0.0021143842 0.6736651229
0.0021143912 0.6737484562
0.0021144415 0.6740701953
0.0021144792 0.6742979731
0.0021145085 0.6745122588
0.0021145489 0.6747355146
0.002114592 0.6749021813
0.002114642 0.6749244035
0.0021146518 0.6751062217
0.0021146919 0.675380612
0.0021147528 0.675782836
0.002114797 0.6759310918
0.0021148273 0.6761210143
0.0021148865 0.6762442701
0.0021148865 0.6762442701
0.0021149278 0.6766032445
0.0021150114 0.6768820057
0.0021150512 0.6770743134
0.0021150512 0.6770743134
0.0021151277 0.6771284069
0.0021151413 0.677154048
0.0021151754 0.6774257871
0.0021151849 0.6777924537
0.002115242 0.6779580382
0.0021152501 0.6781247048
0.0021152704 0.678517562
0.0021153151 0.6785408178
0.0021153408 0.6787640736
0.0021153866 0.679029658
0.0021153988 0.6790884815
0.002115458 0.6794445422
0.002115458 0.6794445422
0.0021155774 0.6798291913
0.0021155909 0.6799125246
0.0021156257 0.6799375246
0.002115631 0.6800625246
0.0021156377 0.6802291913
0.0021156737 0.6804185852
0.0021157349 0.6807442262
0.0021158028 0.6809683715
0.0021158731 0.6812148832
0.002115893 0.6815148832
0.0021158997 0.6816815498
0.0021159089 0.6817724589
0.0021159142 0.6818724589
0.0021159485 0.6818957147
0.0021159788 0.6822504156
0.0021159788 0.6822504156
0.0021159919 0.6823413247
0.0021160602 0.6824756916
0.0021160602 0.6824756916
0.0021160641 0.6826423583
0.0021161791 0.6831008414
0.0021162144 0.6831235686
0.0021163096 0.6833387733
0.0021163096 0.6833387733
0.0021163447 0.6833637733
0.0021163447 0.6833637733
0.0021163927 0.6836236939
0.0021163927 0.6836236939
0.0021164742 0.6838219498
0.0021165672 0.683969677
0.0021166962 0.684233409
0.0021167065 0.6845667424
0.0021167786 0.6846138599
0.0021167786 0.6846138599
0.0021167889 0.684904769
0.0021168402 0.6850391359
0.002116876 0.6850618632
0.0021169374 0.6851439425
0.0021170268 0.685557146
0.0021170791 0.685682787
0.0021171326 0.6858305143
0.0021171428 0.6859555143
0.0021171428 0.6859555143
0.0021171707 0.6861958136
0.0021171707 0.6861958136
0.0021171909 0.6864069247
0.0021172276 0.686429652
0.0021172592 0.6864559678
0.0021172693 0.6865468769
0.0021172919 0.6865701327
0.0021172919 0.6865701327
0.0021173334 0.6865933885
0.0021173334 0.6865933885
0.0021174236 0.6869917149
0.0021175162 0.6871303513
0.0021175625 0.6871566671
0.0021176861 0.6875238388
0.0021177172 0.6875516166
0.0021177297 0.6876516166
0.0021177608 0.6877992356
0.0021177645 0.6879420928
0.0021177943 0.6879648201
0.0021178389 0.6883485502
0.002117876 0.6884672371
0.0021178822 0.6885783482
0.0021180032 0.6891176982
0.002118039 0.689140954
0.0021180919 0.6893065384
0.0021181251 0.6894409053
0.0021181878 0.6896040435
0.0021182798 0.6899432084
0.0021183852 0.6903480132
0.0021184158 0.6908500334
0.0021184182 0.6910500334
0.0021184732 0.6913528112
0.0021185464 0.6914048382
0.0021186328 0.6915804792
0.0021186912 0.6916297285
0.0021187386 0.6919325062
0.0021188066 0.6919802335
0.0021188066 0.6919802335
0.0021188066 0.6919802335
0.0021188126 0.6920019726
0.0021188875 0.6924489233
0.0021188875 0.6924489233
0.0021188983 0.6925600345
0.0021189393 0.6925850345
0.0021190102 0.6930105395
0.002119051 0.6934133173
0.0021190546 0.6936133173
0.0021191336 0.6937741827
0.0021191851 0.6939214049
0.0021192113 0.6944137126
0.0021192113 0.6944137126
0.0021192757 0.695094692
0.0021192757 0.695094692
0.0021192757 0.695094692
0.0021193066 0.6951174193
0.0021193695 0.6955865922
0.0021193884 0.6959885153
0.0021194298 0.6960112426
0.0021194984 0.6960829817
0.0021195657 0.6961357595
0.0021195716 0.6962468706
0.0021196246 0.6963600019
0.0021196916 0.6966939762
0.0021196916 0.6966939762
0.0021197421 0.6968869587
0.0021197726 0.6969132745
0.0021198159 0.6971319614
0.002119989 0.6974254509
0.0021200124 0.6977177586
0.0021200544 0.6984101326
0.0021200707 0.6985429829
0.0021201324 0.6987578493
0.0021202138 0.6989088829
0.0021202533 0.6990351987
0.0021202962 0.6992579259
0.0021202997 0.6994245926
0.002120309 0.6994463317
0.0021203633 0.6999135035
0.0021204256 0.6999640085
0.0021204372 0.7000549176
0.0021204372 0.7000549176
0.0021204993 0.7004438065
0.0021204993 0.7004438065
0.0021205257 0.7004681967
0.0021205326 0.7007257725
0.0021206071 0.7010431465
0.0021206402 0.7010709243
0.0021206677 0.7012370373
0.00212067 0.7014370373
0.00212067 0.7014370373
0.0021207736 0.7017621952
0.0021208202 0.7020521177
0.0021208407 0.7022444254
0.0021208713 0.7022682349
0.0021208759 0.7024349016
0.0021208759 0.7024349016
0.0021208759 0.7024349016
0.0021208815 0.7025599016
0.0021208815 0.7025599016
0.0021209154 0.7025831574
0.0021209311 0.7030176812
0.0021210177 0.7034573087
0.0021210548 0.7034823087
0.0021210548 0.7034823087
0.0021210548 0.7034823087
0.0021210974 0.7036100865
0.0021211455 0.7039827416
0.0021211455 0.7039827416
0.0021211801 0.7042565512
0.0021212403 0.7043053607
0.0021213015 0.7043522783
0.0021213115 0.7045951354
0.0021213804 0.7046435037
0.0021214592 0.7049867577
0.002121498 0.7051033078
0.0021215146 0.7051255301
0.0021215445 0.7051511711
0.0021215544 0.7051729102
0.0021215931 0.7053390232
0.0021216405 0.7055908547
0.0021216834 0.7058837118
0.0021217483 0.7063176819
0.0021217857 0.7063426819
0.0021217901 0.7065093486
0.0021218614 0.706680478
0.0021218909 0.7067017545
0.0021219139 0.7067239768
0.0021219139 0.7067239768
0.0021219434 0.7070817003
0.0021220088 0.7072114012
0.0021220219 0.7074331403
0.0021220219 0.7074331403
0.0021220219 0.7074331403
0.0021220306 0.7075240494
0.0021220609 0.707631773
0.0021220945 0.707656773
0.0021221108 0.7079143488
0.0021221637 0.7082194212
0.0021221691 0.7083622784
0.0021221691 0.7083622784
0.0021222112 0.7085502216
0.0021222639 0.7086562822
0.0021222661 0.7087812822
0.0021223219 0.7091082053
0.0021223219 0.7091082053
0.0021223466 0.7091299444
0.0021223594 0.7091516836
0.0021223658 0.7092516836
0.0021224406 0.7095004931
0.0021224748 0.7095254931
0.002122479 0.7097754931
0.0021224929 0.7097972322
0.0021224929 0.7097972322
0.0021225439 0.709850651
0.0021225439 0.709850651
0.0021225608 0.7100523317
0.0021225704 0.7101523317
0.0021225704 0.7101523317
0.0021226243 0.7104164654
0.0021226296 0.7105164654
0.0021226939 0.7106809954
0.0021227371 0.710907676
0.0021227529 0.7110910094
0.0021227529 0.7110910094
0.0021227792 0.7111127485
0.0021227834 0.7113238596
0.002122819 0.7113455987
0.0021228609 0.7114962398
0.0021228609 0.7114962398
0.0021228609 0.7114962398
0.002122934 0.7115645157
0.002122934 0.7115645157
0.0021229694 0.7118127715
0.0021229694 0.7118127715
0.0021230567 0.7119161274
0.0021230567 0.7119161274
0.0021230691 0.7122161274
0.0021231044 0.7124077941
0.0021231344 0.7126022385
0.0021231985 0.7127494608
0.0021232047 0.7128494608
0.0021232429 0.7130393833
0.002123247 0.7131822404
0.0021233346 0.7134994121
0.0021234086 0.7139049748
0.0021234107 0.7140716414
0.0021234107 0.7140716414
0.0021234107 0.7140716414
0.0021234291 0.7140966414
0.002123467 0.7142310084
0.002123467 0.7142310084
0.0021235007 0.7142537356
0.0021235007 0.7142537356
0.0021235007 0.7142537356
0.0021235078 0.7143965928
0.0021235536 0.7144427222
0.0021235536 0.7144427222
0.0021235739 0.7146760555
0.0021235871 0.7148760555
0.0021236327 0.7151348217
0.0021236337 0.7156348217
0.0021236772 0.715657549
0.0021236903 0.7159734581
0.0021236974 0.7161163152
0.0021237004 0.7163663152
0.0021237155 0.7163880544
0.0021237427 0.7166224213
0.0021237527 0.7169081356
0.002123825 0.716952668
0.0021238511 0.716978309
0.0021238962 0.7172817278
0.0021239452 0.7174312447
0.0021239522 0.7175562447
