0.000245 0.0268568673
0.000406 0.0491053192
0.0005246667 0.0660968146
0.0006151667 0.0807025093
0.0006971667 0.0943177422
0.000774 0.1065916231
0.0008378571 0.1182227595
0.0008942321 0.129238738
0.0009416766 0.1365452161
0.0009932766 0.1454517438
0.0010297311 0.1521720973
0.0010662311 0.1597115554
0.0010996157 0.1667133608
0.0011320443 0.1727364841
0.001161911 0.179169388
0.001196661 0.1854565049
0.0012281316 0.1921952414
0.0012574094 0.1990597099
0.0012880936 0.2057689658
0.0013118436 0.2107839422
0.001337415 0.2163900684
0.0013578241 0.2210532661
0.0013831284 0.2253705444
0.0014062951 0.2306258333
0.0014313751 0.2354982169
0.0014502597 0.2410908595
0.0014701486 0.2455625439
0.0014852915 0.248754294
0.001503188 0.2531786691
0.001515688 0.2563417709
0.0015269138 0.2593554982
0.0015379451 0.2624870066
0.0015495511 0.2657064303
0.001560757 0.2686742463
0.0015712713 0.27110968
0.0015811324 0.2741075693
0.0015916189 0.2768742739
0.001599461 0.2787737495
0.0016082815 0.2822856484
0.0016178065 0.2849921086
0.0016258797 0.2885976997
0.001634094 0.2926191646
0.0016417219 0.2959205442
0.0016486764 0.298603956
0.0016563431 0.3017075564
0.001662604 0.3043577663
0.0016694337 0.3074771178
0.0016772254 0.3096133335
0.0016869397 0.3122342529
0.0016935197 0.314270479
0.0016978334 0.3166801977
0.0017037565 0.3188156791
0.0017084735 0.3210348954
0.001713529 0.3234048021
0.0017193654 0.3253116124
0.0017250975 0.3273717897
0.0017284309 0.3292122827
0.0017351723 0.3322860143
0.0017392909 0.3348784447
0.0017434076 0.3369687751
0.0017478666 0.3392570048
0.0017510601 0.3414913984
0.0017550284 0.3430895005
0.001759044 0.345395386
0.001764044 0.3477834775
0.0017679683 0.3509564301
0.0017733414 0.3540475908
0.0017776355 0.3551964272
0.0017803167 0.3563097724
0.0017834881 0.3579619468
0.001786474 0.3594922866
0.001789849 0.3613635143
0.0017933422 0.3632717974
0.0017965584 0.3643678322
0.0018018917 0.366083915
0.0018045891 0.3672158485
0.0018078228 0.3683284385
0.0018122844 0.3707315718
0.0018163856 0.3720499429
0.0018201356 0.3739151221
0.0018243579 0.3760619347
0.0018273701 0.3783978545
0.0018306472 0.3800545177
0.0018322662 0.3807548489
0.0018348192 0.3821762167
0.0018375633 0.3840428165
0.0018401496 0.3853715438
0.0018420359 0.3881221995
0.0018436314 0.3900638891
0.0018467536 0.3921695919
0.001849435 0.3937219443
0.0018528371 0.3951797231
0.0018544178 0.3959964291
0.0018565348 0.39730535
0.0018589243 0.3981775395
0.0018630284 0.400950222
0.0018661006 0.4018645657
0.0018689169 0.403482272
0.0018713917 0.4041656366
0.0018730617 0.405222894
0.0018748835 0.4061202462
0.0018770011 0.4070294624
0.0018788361 0.4080222996
0.0018807399 0.4096112575
0.0018826066 0.4110983832
0.0018842387 0.4125605196
0.0018857901 0.4133202353
0.0018878364 0.4144543595
0.0018893226 0.4161421397
0.0018911226 0.4173439817
0.0018938343 0.4185599022
0.0018957807 0.4195195575
0.0018969577 0.4204869863
0.0018994314 0.4221173436
0.0019015966 0.4233578586
0.0019029328 0.4247258611
0.0019040439 0.4261627373
0.0019055355 0.4273301738
0.0019070817 0.4282151632
0.0019090734 0.4292568088
0.001911313 0.4307258712
0.001912895 0.4318110629
0.0019153909 0.4327530328
0.0019164474 0.4340771705
0.0019178714 0.4347157176
0.0019192761 0.43573699
0.001921158 0.4367774293
0.0019226658 0.4376819806
0.0019240147 0.4387839092
0.0019251224 0.4401678278
0.0019264964 0.4409463832
0.0019282085 0.4418167124
0.0019309755 0.4428764615
0.0019334157 0.4441404053
0.001935312 0.4465334272
0.0019371944 0.4478890082
0.0019384353 0.4487401553
0.0019392396 0.4496102301
0.0019404842 0.4503336303
0.0019420557 0.4516784525
0.0019432471 0.4527783396
0.0019449514 0.4537666983
0.0019462311 0.4552189418
0.0019471755 0.4560904516
0.0019483617 0.4565126812
0.0019493823 0.4570995536
0.0019499537 0.4578799121
0.0019510348 0.4588146964
0.0019528335 0.4603170124
0.0019535735 0.4612526573
0.0019551496 0.4624581422
0.0019564194 0.4636045669
0.001957171 0.4644774485
0.0019577944 0.4647472784
0.0019582782 0.465617485
0.0019596308 0.4670944087
0.0019606563 0.468446599
0.001961574 0.4692938955
0.0019627438 0.470067663
0.0019642751 0.4705571821
0.0019657223 0.4714388403
0.0019661667 0.4722551083
0.0019665532 0.4729759518
0.0019678642 0.4737333594
0.001968743 0.474555575
0.0019694177 0.4752914285
0.0019700584 0.476497282
0.0019701893 0.4769000598
0.0019711065 0.477846415
0.00197183 0.4785702793
0.0019725084 0.4788866557
0.0019730956 0.4796300374
0.001974032 0.4808837001
0.0019744171 0.4813448424
0.0019753542 0.4820468475
0.0019761156 0.482740928
0.0019771495 0.4837628016
0.0019776214 0.4839952113
0.0019782862 0.4847445962
0.001978814 0.4856106966
0.001979267 0.4861037116
0.0019799868 0.486686406
0.0019808556 0.4876199285
0.0019814046 0.488174376
0.0019821127 0.4894687561
0.0019832256 0.4904551987
0.0019836855 0.491137223
0.0019844727 0.4915937175
0.0019850388 0.4922219599
0.0019861862 0.493041627
0.0019868773 0.4941450174
0.0019871273 0.4946423118
0.0019876195 0.495310539
0.001988501 0.4963602979
0.0019891882 0.4968354255
0.0019902035 0.4975014166
0.0019907111 0.497838063
0.0019916404 0.4984615944
0.0019920625 0.4987528187
0.0019925225 0.4995697379
0.0019932488 0.5006892533
0.0019936597 0.5011471454
0.001994379 0.5019464799
0.0019948888 0.5026033838
0.0019952595 0.5041462019
0.0019958663 0.5050883192
0.0019963156 0.5065317009
0.001997205 0.5074035918
0.0019978796 0.5085176933
0.0019985272 0.509145285
0.0019991054 0.5098175006
0.0019994639 0.5102079501
0.001999525 0.5103408003
0.0019998754 0.5105550594
0.0019999964 0.5108532591
0.0020004732 0.5113089062
0.0020008419 0.5116582208
0.0020020024 0.5121050351
0.0020028015 0.513260105
0.0020036697 0.5137646803
0.0020040317 0.5143087408
0.0020047029 0.51512401
0.0020048419 0.5154624429
0.0020052928 0.5162274276
0.0020054483 0.516571389
0.0020061917 0.5174171282
0.0020065617 0.5179457713
0.0020071363 0.5184112106
0.0020079529 0.5188300937
0.0020082442 0.5193260768
0.0020087377 0.5197448855
0.0020089489 0.5201262978
0.002009833 0.5205690751
0.0020100937 0.5208627691
0.0020106937 0.5217426882
0.0020112446 0.5221316757
0.0020114597 0.5223972602
0.0020118757 0.52279394
0.0020122146 0.523009752
0.0020125313 0.5236026209
0.0020127305 0.5239431692
0.0020135652 0.5250038812
0.0020138162 0.5259613346
0.0020140826 0.5266170438
0.0020143357 0.527057823
0.0020148519 0.5276413363
0.0020152163 0.5282342424
0.0020154864 0.5285701464
0.0020158198 0.5288489797
0.0020161478 0.5298819382
0.0020164506 0.5303576676
0.0020169625 0.5310740125
0.0020171087 0.5315985294
0.0020171756 0.5319842437
0.0020177404 0.5325009513
0.0020178263 0.5330366656
0.0020180014 0.5333623066
0.0020182417 0.5336006461
0.0020186355 0.534506422
0.0020189394 0.5348956485
0.002019311 0.5353899715
0.0020196545 0.5358918301
0.0020199777 0.5365732423
0.0020203641 0.5370572387
0.0020205301 0.5373528736
0.0020206391 0.537399486
0.0020208376 0.538115599
0.002021069 0.5386078609
0.0020212511 0.5387984453
0.0020213474 0.5390192056
0.0020216611 0.5392124815
0.0020219626 0.5397292355
0.0020222519 0.5400237019
0.002022741 0.5409082476
0.002023061 0.5414610254
0.0020234922 0.5421497491
0.0020239362 0.5427243295
0.0020243607 0.5433405389
0.0020246438 0.5440972849
0.002025076 0.544918404
0.0020256952 0.5453796541
0.0020259859 0.545554171
0.00202641 0.5465826771
0.0020266529 0.5468824097
0.0020269863 0.5472208155
0.0020271506 0.5476480396
0.0020277046 0.5482276051
0.0020280449 0.5488648623
0.0020282075 0.5490463197
0.002028373 0.5494867959
0.002028648 0.5497468954
0.0020289082 0.5502176122
0.0020292495 0.5509597118
0.0020296033 0.5512607413
0.0020296304 0.5513658138
0.0020297284 0.5518738224
0.0020301459 0.5527202871
0.0020304647 0.5528744385
0.002030672 0.5538254925
0.002030832 0.554427188
0.0020310712 0.5547651625
0.002031197 0.5552170964
0.0020313456 0.5552638355
0.0020318225 0.5560058304
0.0020322258 0.5566490168
0.0020322912 0.5567332559
0.0020325713 0.5571936094
0.0020327012 0.5576616455
0.0020333063 0.5587325433
0.0020337644 0.5592618209
0.0020339766 0.5597138411
0.0020342427 0.5602383749
0.0020345781 0.5609225803
0.0020349253 0.561381888
0.0020350618 0.5616525239
0.002035163 0.5620363623
0.0020352671 0.5623274753
0.0020354086 0.5626614496
0.0020358005 0.5632026222
0.0020358849 0.5634520684
0.0020361746 0.5638921478
0.0020364417 0.5642705673
0.0020364417 0.5642705673
0.0020369231 0.5657426346
0.0020369693 0.5661802828
0.0020370399 0.5664257608
0.0020372692 0.5667925042
0.0020375253 0.5669738587
0.0020377259 0.5670439661
0.0020378047 0.5671717439
0.0020379981 0.5676185377
0.0020380914 0.5678441787
0.0020384518 0.5680527953
0.0020386793 0.5683237784
0.0020388256 0.5685901926
0.0020389566 0.5687341539
0.0020392889 0.569075155
0.002039567 0.5693580365
0.0020397469 0.5701939094
0.0020399558 0.5706422628
0.0020401405 0.5709989352
0.0020404417 0.5713794925
0.0020408265 0.5719370544
0.0020409951 0.5720115922
0.0020410937 0.5723615922
0.0020412613 0.5736655605
0.0020414717 0.5741900524
0.002041624 0.5744589751
0.0020417329 0.5747403604
0.0020418929 0.5749059448
0.0020419356 0.5755837225
0.0020421487 0.5761896277
0.0020424801 0.5763750345
0.0020427739 0.5769995582
0.0020430387 0.5770729915
0.0020434207 0.5774177029
0.0020437569 0.5777378547
0.0020439831 0.5778643986
0.0020442366 0.5782699855
0.0020442949 0.5783865356
0.0020445525 0.5785033608
0.0020445719 0.5785942699
0.0020448308 0.579265529
0.002044872 0.5795488623
0.0020450309 0.5800618056
0.0020450419 0.5802284723
0.0020452762 0.5806674378
0.0020454284 0.5808573603
0.0020457807 0.580973958
0.002046032 0.581365656
0.0020461156 0.581640656
0.002046207 0.5817730437
0.002046451 0.5824126996
0.0020466515 0.5832877869
0.0020468515 0.5837082414
0.0020471467 0.5840037414
0.0020472714 0.5846777958
0.0020473878 0.5848740717
0.0020475804 0.5853014089
0.0020478172 0.5854963375
0.0020478277 0.5855796709
0.0020479848 0.5863023357
0.0020480892 0.5865505915
0.0020482767 0.5872522004
0.002048404 0.5874645339
0.0020485672 0.5875595288
0.0020486215 0.5878717145
0.0020486988 0.5882111616
0.0020487913 0.5886034235
0.002049099 0.5890867568
0.0020491783 0.5891989425
0.0020493365 0.5892483931
0.0020495451 0.5895045903
0.0020495451 0.5895045903
0.0020495679 0.5895760189
0.0020496942 0.5898967791
0.0020497471 0.5900611582
0.002049923 0.5903791236
0.0020500959 0.5908516218
0.0020501584 0.5910177348
0.0020504352 0.5915490193
0.0020506292 0.5920237668
0.002050664 0.5924646759
0.0020507803 0.5926549132
0.0020509383 0.5932255481
0.0020510319 0.5935377338
0.0020510368 0.5937377338
0.0020512672 0.5938035428
0.0020514213 0.5939932976
0.0020514993 0.5941189387
0.0020515309 0.5943300498
0.0020519072 0.5950786211
0.0020522026 0.5955756296
0.0020523306 0.5963064612
0.0020524583 0.596771288
0.0020527227 0.5976050401
0.0020530009 0.5977983161
0.0020533047 0.5986761861
0.0020534121 0.5992339657
0.0020534788 0.5993839657
0.0020536071 0.5996887705
0.0020537279 0.6001936155
0.0020539619 0.6002903859
0.0020541766 0.6005261924
0.0020542001 0.6006171015
0.0020543996 0.6009647848
0.0020548188 0.6014648727
0.0020550034 0.6021136321
0.0020551106 0.6025814892
0.0020551548 0.6029263666
0.002055301 0.6031546948
0.0020553843 0.6034908059
0.0020557331 0.60384722
0.0020559151 0.6039745572
0.0020560392 0.6040778471
0.00205617 0.6042516276
0.0020562981 0.6050571832
0.0020566063 0.605333518
0.002056743 0.6057401071
0.0020570385 0.6062926324
0.0020571926 0.6065532604
0.0020573646 0.6068858923
0.002057482 0.6069386701
0.0020575473 0.6071285926
0.0020577293 0.6075242362
0.0020578795 0.6078623963
0.0020578795 0.6078623963
0.0020580827 0.608303242
0.0020582787 0.6087374992
0.0020583631 0.6092002953
0.0020583964 0.6093902178
0.0020584096 0.6095013289
0.0020585377 0.6098346622
0.002058661 0.6100268191
0.0020588039 0.6102441268
0.002058874 0.6105814283
0.0020588959 0.6108925395
0.0020590117 0.6110432455
0.0020590117 0.6110432455
0.002059103 0.6111659728
0.0020591767 0.6114431408
0.002059365 0.6119487715
0.0020594903 0.6121495041
0.0020595614 0.6124418118
0.0020596625 0.6128649719
0.0020598513 0.6135875784
0.0020600119 0.6136346437
0.0020601038 0.614047292
0.0020601742 0.614397292
0.0020602593 0.6147556253
0.0020603251 0.6150588641
0.0020604522 0.6155249814
0.0020604522 0.6155249814
0.0020604607 0.615691648
0.002060587 0.6161719511
0.0020607109 0.6166744763
0.0020608262 0.6170305824
0.0020609078 0.6173216953
0.0020610435 0.6175681697
0.0020610935 0.6177164255
0.0020611517 0.6180889835
0.0020612036 0.6181167613
0.0020612595 0.6182661515
0.0020613793 0.6186563562
0.0020614247 0.6187807464
0.0020615399 0.619330318
0.0020616693 0.6193755416
0.0020616857 0.6197255416
0.0020617941 0.6201376863
0.0020618369 0.6204432419
0.0020619041 0.6207073756
0.0020621379 0.621123316
0.0020623569 0.6215060512
0.0020624197 0.6219135909
0.0020624944 0.6219637162
0.002062686 0.622223378
0.0020627121 0.6226400447
0.0020628547 0.623171916
0.0020628747 0.6237135827
0.0020629247 0.6238503349
0.0020629806 0.6241253349
0.0020630165 0.6242735907
0.0020630861 0.6245190119
0.0020632825 0.6249896781
0.0020633637 0.625428567
0.0020634625 0.6255689266
0.0020635453 0.6258063535
0.0020636182 0.6259153279
0.0020638107 0.626186952
0.0020638774 0.6262952853
0.0020641259 0.6264907711
0.0020641806 0.6265164122
0.002064278 0.6265670532
0.0020644843 0.6271822408
0.002064692 0.627689471
0.0020646998 0.6278561376
0.0020649145 0.6282784735
0.0020650728 0.6285195304
0.0020651884 0.6289123876
0.0020652615 0.6295523101
0.0020653383 0.6296012069
0.0020654513 0.6298525227
0.0020654742 0.6304191894
0.0020654742 0.6304191894
0.0020656685 0.6309807334
0.0020658643 0.6317715378
0.0020659364 0.6319982184
0.0020659895 0.6320232184
0.0020660556 0.6321732184
0.0020660896 0.632194495
0.0020662402 0.632972831
0.0020663624 0.6331256088
0.0020665669 0.6335809118
0.0020665969 0.6338119724
0.0020666492 0.6340453058
0.0020668339 0.6341237246
0.0020669792 0.6344497582
0.0020669996 0.6348426153
0.0020671425 0.6356274955
0.0020671795 0.6356502227
0.002067198 0.6357502227
0.0020673493 0.6359930355
0.0020673732 0.6361162913
0.0020674762 0.6364858937
0.0020674854 0.6366287508
0.0020676081 0.6369481953
0.002067736 0.6372586966
0.0020678583 0.6376760707
0.0020679931 0.6377255212
0.0020681458 0.6380216348
0.0020682257 0.6383360288
0.0020682456 0.6385193621
0.002068336 0.638810419
0.002068466 0.6388851031
0.0020685867 0.6393272912
0.0020686748 0.6397319005
0.0020687628 0.6402712944
0.0020688667 0.6408450405
0.0020689633 0.6412696755
0.002069083 0.6413209576
0.0020691472 0.6413719912
0.002069165 0.6414629003
0.002069284 0.6416362686
0.0020693212 0.6416625844
0.0020694681 0.6418405119
0.0020695087 0.6423623373
0.0020695405 0.6427480516
0.002069544 0.6428480516
0.002069602 0.6430355516
0.0020696757 0.6435332789
0.0020698018 0.6438530928
0.0020699049 0.6444132377
0.0020699171 0.644647004
0.0020700042 0.6451309783
0.0020700199 0.6453647446
0.0020700199 0.6453647446
0.0020701533 0.6455130004
0.0020702416 0.6458356623
0.0020702899 0.6462452651
0.0020702968 0.6464119318
0.0020703605 0.6466891558
0.0020704155 0.6467141558
0.0020704635 0.6468515827
0.0020705029 0.6470426397
0.0020705337 0.6474113265
0.0020705678 0.6476133467
0.0020705746 0.6477800134
0.0020706256 0.6478077912
0.0020707784 0.6478772675
0.002070892 0.6481783011
0.0020709157 0.6486878249
0.0020709883 0.6493025465
0.0020710642 0.6495717773
0.0020710844 0.649800944
0.0020711819 0.6498692859
0.0020711853 0.6499692859
0.0020711953 0.650060195
0.0020713257 0.650366139
0.0020713257 0.650366139
0.0020714541 0.6505985154
0.0020714541 0.6505985154
0.0020714591 0.6507985154
0.0020714707 0.6509235154
0.0020714922 0.6512235154
0.0020715666 0.6513602676
0.0020717811 0.6517731129
0.0020717844 0.65191597
0.0020718288 0.6520101258
0.0020718682 0.652031865
0.0020719223 0.6523467875
0.0020720336 0.6525634854
0.0020720532 0.6530396759
0.0020721511 0.6533895563
0.0020722683 0.6534651973
0.0020723366 0.653856864
0.0020723431 0.653956864
0.0020724679 0.6540284881
0.0020725213 0.6542517439
0.0020727055 0.654545274
0.0020727861 0.6550042484
0.0020728232 0.6556653595
0.0020729679 0.6561897497
0.0020730321 0.6566203053
0.0020730321 0.6566203053
0.0020732417 0.6572050726
0.0020733279 0.6572533284
0.002073422 0.6573991617
0.0020735653 0.6576381272
0.002073613 0.6578497889
0.0020736686 0.658117646
0.002073732 0.6583259793
0.0020739187 0.6588148196
0.002073974 0.659007802
0.0020740292 0.6592994687
0.0020740749 0.6594924511
0.0020741425 0.6595434847
0.0020742068 0.6597345416
0.0020742554 0.6598504507
0.0020743556 0.659898178
0.0020744321 0.6601444546
0.0020744431 0.6604222324
0.0020746767 0.660742226
0.0020747809 0.661246591
0.0020748943 0.6620046719
0.0020749423 0.6620279277
0.0020749532 0.6621529277
0.002074981 0.6622716145
0.0020750335 0.6623271701
0.0020750843 0.6623521701
0.0020752966 0.6629330349
0.0020753227 0.6637108126
0.0020753595 0.6638294995
0.0020754407 0.6638760363
0.0020754804 0.6642331792
0.0020754804 0.6642331792
0.0020755567 0.6644526236
0.0020756967 0.6645253509
0.0020757651 0.664993208
0.0020757848 0.6652193985
0.0020758742 0.6652707143
0.0020759635 0.665699318
0.0020760964 0.6660402271
0.0020761416 0.6660629544
0.002076232 0.6664302018
0.0020763403 0.6667686501
0.0020763988 0.6667930403
0.0020764858 0.667234682
0.0020764858 0.667234682
0.0020765306 0.6673533689
0.0020765396 0.6678033689
0.0020766231 0.6681621351
0.0020766736 0.6684262689
0.0020767108 0.6685651578
0.0020767583 0.6688957204
0.0020767583 0.6688957204
0.0020767716 0.6692068315
0.0020768336 0.6697317107
0.0020769015 0.6699454949
0.0020769177 0.6701994632
0.0020769427 0.6705153723
0.0020770043 0.6706386281
0.0020770366 0.6709282243
0.0020770571 0.6713806053
0.0020770571 0.6713806053
0.002077098 0.6718817708
0.0020771053 0.6720484375
0.0020771708 0.6721316512
0.0020773277 0.6723610653
0.0020773814 0.6727540477
0.0020774351 0.672776775
0.0020774423 0.6729434417
0.0020774726 0.6729651808
0.0020775073 0.6729869199
0.0020775361 0.6732543192
0.0020776872 0.6737834066
0.0020777418 0.6738061339
0.0020777418 0.6738061339
0.0020777833 0.6738324497
0.0020777919 0.6739324497
0.0020778691 0.6742034327
0.0020778962 0.6746240677
0.0020779118 0.674707401
0.0020779161 0.6748740677
0.002077926 0.6749990677
0.0020779331 0.6750578912
0.0020779544 0.6753600592
0.0020779911 0.6756055372
0.0020780095 0.6756272764
0.0020780095 0.6756272764
0.0020780644 0.6756500037
0.0020781446 0.6759349243
0.0020781755 0.6761243182
0.0020782078 0.676147574
0.0020782932 0.6763772555
0.002078296 0.6765201126
0.0020783351 0.676653951
0.0020783895 0.6769005635
0.0020785176 0.6773521508
0.0020785413 0.6775754066
0.0020785413 0.6775754066
0.0020785468 0.6776754066
0.0020785468 0.6776754066
0.0020785579 0.6779670732
0.0020785662 0.6780781844
0.0020786476 0.6783781357
0.0020787467 0.6784263355
0.0020787591 0.6787596688
0.002078836 0.6789546034
0.0020789032 0.679235435
0.0020789375 0.6792586908
0.0020790018 0.6794442234
0.0020790633 0.6797458107
0.0020790674 0.6798367198
0.0020791259 0.6800528371
0.0020791858 0.6803539228
0.0020792483 0.6804427386
0.0020792483 0.6804427386
0.0020792659 0.6806126733
0.0020792781 0.6806895963
0.0020793876 0.6809293179
0.0020794726 0.6812917448
0.0020794726 0.6812917448
0.0020795681 0.6813394721
0.0020796246 0.6816394721
0.0020797266 0.6816907879
0.0020797306 0.6817907879
0.0020797413 0.6820130101
0.0020797681 0.6820407879
0.0020798482 0.6820898309
0.0020799095 0.6825926087
0.0020799095 0.6825926087
0.0020799175 0.6827592754
0.0020800118 0.6829539598
0.002080025 0.6829756989
0.0020800396 0.6833090322
0.0020800912 0.6834221636
0.0020801427 0.6835304969
0.0020802522 0.6836045399
0.0020802641 0.6838712066
0.002080272 0.6841807304
0.002080272 0.6841807304
0.0020803586 0.6843262085
0.0020803704 0.6846595418
0.0020803913 0.684827374
0.002080424 0.685177374
0.0020804984 0.685352879
0.0020805688 0.685667273
0.0020806313 0.6861742174
0.0020806807 0.6862992174
0.0020807392 0.6865469447
0.0020807923 0.6867706069
0.0020808325 0.6870918835
0.0020808946 0.6873050148
0.0020809101 0.6875716815
0.0020809282 0.6875966815
0.0020809578 0.6877494592
0.0020809578 0.6877494592
0.0020810067 0.6879145386
0.0020810156 0.6880395386
0.0020810156 0.6880395386
0.0020810502 0.6880658544
0.0020810771 0.6881785026
0.0020811358 0.68852338
0.0020811358 0.68852338
0.0020811766 0.6886355656
0.0020812313 0.6889249596
0.0020813609 0.6890138704
0.0020814066 0.6890360926
0.0020814725 0.689083158
0.0020814839 0.6893942691
0.0020814902 0.6894942691
0.002081494 0.6896192691
0.0020815381 0.6896425249
0.0020815608 0.6896657807
0.0020816023 0.6896890365
0.0020816538 0.6898539207
0.0020816613 0.6899650318
0.0020818004 0.6907715853
0.002081868 0.6909852216
0.002081878 0.6911102216
0.002081883 0.6912213328
0.0020819553 0.6913963328
0.0020820462 0.69157275
0.0020820836 0.6917088611
0.0020820836 0.6917088611
0.0020820836 0.6917088611
0.0020821455 0.6917608882
0.0020822024 0.6919573167
0.0020822383 0.6920934278
0.0020822593 0.692461285
0.0020823333 0.6925999214
0.0020824318 0.6927693878
0.0020824613 0.6929593102
0.0020824994 0.6930974484
0.0020825423 0.6931230894
0.0020825877 0.6932334498
0.0020825877 0.6932334498
0.0020826708 0.6932805151
0.0020827172 0.693449688
0.0020827538 0.6934767151
0.002082794 0.693729983
0.0020828317 0.6937570101
0.0020828451 0.6937826511
0.0020828451 0.6937826511
0.0020828996 0.6938261293
0.0020829081 0.6939689865
0.0020829153 0.6939917138
0.0020829153 0.6939917138
0.0020829563 0.6941149696
0.0020830082 0.6942724553
0.0020830382 0.6942941944
0.0020830382 0.6942941944
0.0020830382 0.6942941944
0.0020830826 0.6944424503
0.0020831808 0.6948028106
0.0020831808 0.6948028106
0.0020831808 0.6948028106
0.0020832106 0.6948272009
0.0020832738 0.6951394162
0.0020833155 0.695162672
0.0020833452 0.6951853993
0.0020833511 0.6953520659
0.0020833962 0.6953742882
0.002083427 0.6953999292
0.0020834862 0.6956459609
0.0020834933 0.6958126276
0.0020834933 0.6958126276
0.0020835298 0.695978212
0.0020835781 0.6960004342
0.002083584 0.6962365453
0.0020837109 0.6964058329
0.0020837227 0.6967724996
0.0020837227 0.6967724996
0.002083732 0.6968634087
0.0020837812 0.6969430655
0.002083787 0.6970680655
0.0020838535 0.6971185706
0.0020839071 0.697284155
0.0020839071 0.697284155
0.0020839467 0.6973074108
0.0020839583 0.6975074108
0.0020840604 0.6976523603
0.0020840673 0.6977773603
0.002084168 0.6979727336
0.002084227 0.6983798278
0.0020843032 0.6984507297
0.0020843032 0.6984507297
0.0020843343 0.6984785075
0.0020843688 0.6987685868
0.0020843734 0.6989352535
0.0020844182 0.6990218548
0.0020844686 0.6990683664
0.0020844858 0.6992344794
0.0020845419 0.6992804625
0.0020845785 0.6993293593
0.0020845922 0.6996150736
0.0020846104 0.6998309827
0.0020846446 0.6998542385
0.0020846696 0.7000024943
0.0020847673 0.7002400359
0.0020847855 0.7002632917
0.002084824 0.7005120377
0.0020848331 0.7006120377
0.002084901 0.7008128742
0.002084901 0.7008128742
0.0020849077 0.7011045409
0.0020849156 0.7012045409
0.0020849213 0.7013295409
0.002084946 0.7014639078
0.0020849674 0.7014871636
0.0020849674 0.7014871636
0.0020849674 0.7014871636
0.002084992 0.7015109732
0.0020850837 0.7016963737
0.0020850837 0.7016963737
0.0020851217 0.7017213737
0.0020851663 0.7017685959
0.0020852086 0.7020116319
0.002085292 0.7022903931
0.002085292 0.7022903931
0.0020853009 0.7025582503
0.0020853009 0.7025582503
0.0020853009 0.7025582503
0.0020853318 0.7025820598
0.0020853981 0.7026502651
0.002085439 0.7031235209
0.0020855106 0.7034390844
0.0020855162 0.7035819416
0.0020855646 0.7038747987
0.0020856448 0.7040463103
0.0020856722 0.7040680495
0.0020856898 0.7045180495
0.0020856898 0.7045180495
0.0020857499 0.7046635275
0.002085786 0.7048788268
0.002085786 0.7048788268
0.002085786 0.7048788268
0.0020857871 0.7050788268
0.0020857871 0.7050788268
0.0020857871 0.7050788268
0.0020857914 0.7052038268
0.002085799 0.7055704935
0.0020858705 0.7058754953
0.0020859073 0.7060237512
0.0020859387 0.706047007
0.0020859754 0.7063202628
0.0020860455 0.7063662459
0.0020860455 0.7063662459
0.0020861284 0.7065788956
0.0020861682 0.7066930605
0.0020862122 0.7067932394
0.0020862541 0.7069593524
0.0020862991 0.7073076082
0.0020863119 0.7075437193
0.0020863119 0.7075437193
0.0020863525 0.7076275428
0.002086392 0.7076507986
0.0020864411 0.7077740545
0.0020864485 0.7078740545
0.0020864538 0.7082073878
0.0020864538 0.7082073878
0.0020864613 0.7083502449
0.0020864613 0.7083502449
0.0020864708 0.7084502449
0.002086511 0.7088647748
0.0020865163 0.709007632
0.0020865247 0.7091553593
0.00208653 0.7092664704
0.0020866101 0.709417504
0.0020866154 0.709542504
0.0020866417 0.709568145
0.0020866417 0.709568145
0.0020866469 0.7097348117
0.0020866825 0.7097565508
0.0020866888 0.7098565508
0.0020866941 0.7100232175
0.0020866941 0.7100232175
0.0020866941 0.7100232175
0.0020867212 0.7100464733
0.0020867733 0.7103697291
0.0020867743 0.7104947291
0.0020868543 0.710685842
0.0020869083 0.7107303084
0.0020869083 0.7107303084
0.0020869519 0.711004118
0.0020869622 0.711104118
0.0020869943 0.7112263402
0.0020870036 0.7115263402
0.0020870087 0.7116374513
0.0020870335 0.7120368415
0.0020870778 0.7123896193
0.0020871354 0.7125390096
0.0020871467 0.7127284035
0.0020871631 0.7131367368
0.0020872287 0.7131851051
0.0020873199 0.7134545715
0.0020873199 0.7134545715
0.0020873649 0.7136783811
0.0020873721 0.7137894922
0.0020873874 0.7138112313
0.0020873884 0.7139540884
0.0020873935 0.7141207551
0.0020873955 0.7142207551
0.0020874128 0.7144691678
0.0020874199 0.7145941678
0.0020874676 0.7147406794
0.0020874828 0.7151017905
0.0020874899 0.7152017905
0.0020875333 0.7152245178
0.0020875333 0.7152245178
0.0020875364 0.7154245178
0.0020875444 0.7155245178
0.0020876179 0.7155705009
0.002087624 0.7162371676
0.0020876421 0.7164371676
0.0020876421 0.7164371676
0.0020876832 0.7164609771
0.0020876952 0.7167609771
0.0020877292 0.7168049385
0.0020877462 0.7168281943
