0.000251 0.0279475496
0.0004165 0.0508742205
0.0005391667 0.068648502
0.0006409167 0.0851496171
0.0007307167 0.0992880083
0.0008092167 0.1126141961
0.0008782167 0.1242711323
0.0009334667 0.1342011241
0.0009879111 0.144050388
0.0010442111 0.1542379125
0.0010887566 0.1634715195
0.0011270899 0.171420181
0.0011675514 0.1798136656
0.0012082657 0.1864113634
0.0012461991 0.1935976174
0.0012817616 0.2007517028
0.0013131145 0.2062937737
0.0013433923 0.2120499783
0.0013708133 0.2163436159
0.0013998133 0.2221005569
0.0014238609 0.227870881
0.0014455882 0.2322922268
0.0014675013 0.2356863897
0.0014921263 0.2403519998
0.0015135663 0.2437484998
0.0015345278 0.2482222514
0.0015545648 0.2534012655
0.0015729577 0.2584036981
0.001588268 0.2617473257
0.001604168 0.265338482
0.0016188455 0.2687317464
0.0016298455 0.2721444207
0.0016422394 0.2750524167
0.0016536512 0.2789903231
0.0016654512 0.2816126729
0.0016753123 0.2837702816
0.0016849339 0.2868915916
0.0016950655 0.2891605022
0.0017009886 0.2916009111
0.0017098386 0.2942121908
0.0017205459 0.2968078744
0.001728903 0.2991784706
0.0017354844 0.3026168589
0.0017446208 0.3059401434
0.0017541541 0.3091366901
0.0017620454 0.3110260458
0.0017692795 0.3131531593
0.0017776961 0.3157651204
0.0017837982 0.3178575076
0.0017900182 0.3209536943
0.0017982338 0.3235562931
0.0018037338 0.3258467244
0.0018095263 0.3276483652
0.0018146189 0.3299113415
0.0018192189 0.3328920775
0.0018246117 0.3349817245
0.0018300854 0.3371700999
0.0018347406 0.3397499815
0.0018395711 0.3415277762
0.0018441878 0.3428980969
0.0018488599 0.3451932973
0.0018551664 0.3478918718
0.0018589759 0.3502532263
0.0018642884 0.3527937023
0.0018683807 0.354506137
0.0018717292 0.3570036992
0.001875759 0.3591329599
0.001879259 0.3609048069
0.0018828242 0.3623292707
0.0018854671 0.3641668791
0.0018907629 0.3675462965
0.0018951101 0.3695365284
0.0018993704 0.3708251229
0.0019034379 0.3721620707
0.0019063046 0.374155637
0.0019087257 0.3763710798
0.0019114789 0.377453563
0.0019153507 0.3799289462
0.0019190089 0.3818779765
0.0019224714 0.3832820684
0.0019251134 0.385092431
0.0019275037 0.3864937582
0.0019306603 0.3880427394
0.0019339698 0.3898877809
0.0019362404 0.3913901941
0.001941066 0.392865582
0.0019436062 0.3945918459
0.0019466744 0.3961890659
0.0019495957 0.3975297252
0.0019516402 0.3993319498
0.0019529149 0.4002295284
0.0019559801 0.401822896
0.0019582919 0.4029134217
0.0019607175 0.4045905651
0.0019628017 0.4057422433
0.0019660621 0.4084928458
0.0019681961 0.4106205521
0.0019701961 0.4113334719
0.0019725396 0.4126079699
0.0019758996 0.4138798016
0.001978256 0.4157406909
0.0019805697 0.4171308536
0.0019829581 0.4177492671
0.0019846215 0.4191433743
0.0019867072 0.4199904673
0.0019886506 0.4215281216
0.0019900058 0.422210247
0.0019930613 0.4234405211
0.0019948962 0.4245281403
0.0019959053 0.4253662951
0.0019982206 0.4269802884
0.0020001045 0.4287036233
0.0020018037 0.4301464687
0.0020026194 0.4306782914
0.0020056629 0.4318622899
0.0020078784 0.4325941971
0.0020100494 0.4338302796
0.0020108799 0.4348512911
0.0020119975 0.4356436208
0.0020139642 0.4371922446
0.0020156749 0.438275325
0.0020173635 0.4392849808
0.0020191358 0.440086058
0.0020209181 0.4409499388
0.0020227661 0.4419104638
0.0020249645 0.4428156405
0.0020267204 0.4442969434
0.002027986 0.4448244162
0.0020286837 0.4458007462
0.0020299991 0.4470604436
0.0020320449 0.4480840312
0.0020335752 0.4493956651
0.0020351842 0.4502083943
0.0020360648 0.4512057521
0.0020377018 0.4525535613
0.0020384151 0.4540251737
0.0020392691 0.4546123814
0.0020405517 0.4551515452
0.0020417963 0.4561653728
0.0020427249 0.4571876546
0.0020438384 0.4583678801
0.0020448243 0.4597064867
0.0020455795 0.4601010227
0.0020471281 0.4607267134
0.0020481488 0.4611377148
0.0020489502 0.4615580479
0.0020501747 0.4619600381
0.0020510058 0.462818392
0.0020515158 0.463243668
0.0020524158 0.4639401064
0.0020532966 0.464876808
0.0020539611 0.4655516127
0.002054948 0.4662546579
0.0020557987 0.4673345316
0.0020566438 0.4677801047
0.0020579772 0.4689337105
0.0020591746 0.4697020543
0.0020600037 0.4701268611
0.0020606956 0.4707133204
0.0020615331 0.4716449847
0.0020623281 0.4727249272
0.0020628219 0.4735416155
0.002063644 0.4741948441
0.002064083 0.4744074687
0.0020652709 0.4752556443
0.0020664336 0.4760239412
0.0020680443 0.4774018693
0.0020688896 0.4784226934
0.0020695582 0.4794108106
0.0020705641 0.4799215767
0.002071529 0.4811723217
0.0020727557 0.4821692495
0.0020736112 0.4830277627
0.0020745365 0.4841365234
0.0020755708 0.4857928446
0.0020766447 0.4873263415
0.0020774469 0.4887101117
0.0020779357 0.4889500561
0.0020786899 0.4898884379
0.0020795454 0.4909025307
0.0020802084 0.4916411442
0.002081126 0.4932444116
0.0020818965 0.4943516958
0.002082565 0.4947586954
0.0020835109 0.4956844986
0.0020840808 0.4960277455
0.0020845193 0.4964591017
0.0020852427 0.4973415107
0.0020858988 0.4981167272
0.0020865409 0.4986826598
0.002087588 0.4994453952
0.0020880724 0.4997903045
0.0020889014 0.5001431258
0.0020894633 0.5008198253
0.0020900376 0.5014333006
0.0020906499 0.5019096926
0.0020914113 0.5028969717
0.0020919618 0.5033959774
0.0020925246 0.5037836321
0.0020928996 0.5044124435
0.002093432 0.5052741962
0.0020939171 0.5056810505
0.0020942373 0.5062631934
0.002094654 0.5070668228
0.0020951418 0.507859081
0.0020955156 0.5081707426
0.0020957233 0.5091704247
0.0020964156 0.5099652133
0.0020970568 0.5104538953
0.0020978615 0.510746564
0.0020979658 0.5114088655
0.0020982158 0.5117910957
0.0020986008 0.5123679017
0.0020988437 0.5128327285
0.0020994298 0.5132470537
0.0020998974 0.513600631
0.0021003905 0.5147289091
0.0021009593 0.5151954255
0.002101078 0.5156979507
0.0021017507 0.5161492626
0.0021023028 0.516930456
0.0021026631 0.5173788094
0.0021028963 0.5177169877
0.0021033472 0.5180127737
0.0021035339 0.5182588055
0.0021042374 0.5191523356
0.0021044092 0.5199932447
0.0021048785 0.5203931889
0.002105158 0.5214872365
0.0021055536 0.5221717785
0.002105835 0.5225388739
0.0021060893 0.5228580595
0.0021065829 0.5237815215
0.0021071085 0.524372631
0.0021074319 0.524909166
0.0021077667 0.525111841
0.0021081633 0.5253129168
0.0021086843 0.5257198169
0.0021089312 0.5265178202
0.002109027 0.5269595741
0.0021090976 0.5271429075
0.0021093579 0.5276332363
0.0021094731 0.5284245062
0.0021099116 0.5286660649
0.0021100912 0.5290005975
0.0021103758 0.5294328042
0.0021110033 0.5303667097
0.0021112372 0.5308409161
0.0021115263 0.5314075827
0.0021119223 0.5320532396
0.0021119702 0.5323279722
0.002112613 0.5326930952
0.0021129095 0.5335720958
0.002113126 0.5338033645
0.0021138044 0.5344295979
0.0021140036 0.5349136372
0.0021144667 0.5356381465
0.0021146837 0.5360210386
0.002114842 0.5362978701
0.0021149882 0.5369751648
0.0021153177 0.5372543301
0.002115833 0.5380257452
0.0021160231 0.5381567246
0.0021162503 0.5388934767
0.0021165032 0.5392030921
0.0021166122 0.5394970535
0.0021168931 0.540319609
0.0021171244 0.5408589394
0.0021172806 0.5409845805
0.0021175065 0.5414440752
0.0021182999 0.5422378704
0.0021187374 0.5426751127
0.0021187996 0.5430339362
0.0021193288 0.5435370285
0.0021196343 0.5439398063
0.0021199604 0.5446842766
0.0021202239 0.5457639021
0.0021205297 0.5464706037
0.0021208666 0.546956959
0.0021211237 0.547709127
0.0021212554 0.5478440477
0.0021214859 0.5482700813
0.002121659 0.5489528609
0.0021219372 0.5498187786
0.0021221582 0.5499913977
0.0021224205 0.5502637778
0.002122971 0.550910382
0.0021230509 0.551706017
0.0021232862 0.5522762982
0.0021233448 0.5525475748
0.0021236712 0.5530996263
0.0021239247 0.5534265336
0.0021241294 0.5537999463
0.0021246226 0.5542398044
0.0021247515 0.5547775028
0.0021249238 0.5549166677
0.0021249978 0.5551664003
0.0021252361 0.5556505536
0.0021254602 0.5561193284
0.0021257235 0.5567138608
0.0021258431 0.5571573596
0.0021260285 0.5577856879
0.0021262067 0.5581700952
0.0021262166 0.5584610042
0.0021263543 0.5588221154
0.0021267269 0.5594990093
0.0021268441 0.5597485809
0.0021271266 0.5604892807
0.0021272787 0.5605349475
0.0021277755 0.5611820153
0.0021279363 0.5616539226
0.0021282023 0.5624424005
0.0021283748 0.5632107627
0.0021284767 0.5633133268
0.0021286259 0.5635633268
0.0021288759 0.5639361803
0.002129062 0.5643756616
0.0021290778 0.5646851854
0.0021294226 0.564990007
0.0021295945 0.5656501718
0.0021297845 0.5658494001
0.0021299274 0.566098297
0.0021300295 0.5665792854
0.002130298 0.5672447427
0.002130535 0.5677155976
0.0021308847 0.5679724535
0.0021311415 0.5684373245
0.0021313153 0.5689033814
0.0021314491 0.5692054895
0.0021315703 0.5694024592
0.0021317969 0.5702087534
0.0021320529 0.5704911519
0.0021322571 0.5709561868
0.0021324397 0.5713775519
0.0021326666 0.5718172592
0.0021329106 0.5719723597
0.00213297 0.5723068243
0.0021330262 0.5725574653
0.0021333566 0.5736223622
0.0021336978 0.5738824063
0.0021338561 0.5741229698
0.0021338737 0.5742658269
0.0021340107 0.5747033269
0.0021341822 0.5751496035
0.0021344141 0.5752195424
0.0021346048 0.5755396498
0.0021347086 0.5759277451
0.0021349586 0.5760191291
0.0021351248 0.5762747726
0.0021354733 0.5769150612
0.0021358238 0.577275122
0.0021360084 0.5774331507
0.0021361784 0.5780739902
0.0021364948 0.5786645058
0.0021367736 0.5790683878
0.0021370517 0.5798580562
0.0021372926 0.5803136353
0.0021374323 0.5806972495
0.002137605 0.5811210104
0.002137805 0.581645461
0.002138118 0.581756682
0.002138339 0.5824055788
0.002138609 0.5829017389
0.0021389551 0.5837440549
0.0021390757 0.5843189383
0.0021391522 0.5843421942
0.0021394247 0.5846191362
0.0021394953 0.5846441362
0.0021395739 0.5848357595
0.0021396334 0.5850241653
0.0021397574 0.5853247568
0.0021399724 0.5856824205
0.0021405167 0.5860575288
0.0021408402 0.5861768869
0.0021410935 0.5862476141
0.0021412345 0.5869663009
0.0021414095 0.5871554347
0.0021416027 0.5874832125
0.0021417003 0.5880382849
0.0021418977 0.588479835
0.0021419948 0.5887439688
0.002142212 0.5894922295
0.0021422721 0.5899172295
0.0021424882 0.5905657302
0.0021426441 0.5907163712
0.0021427788 0.5914524823
0.0021431457 0.5922908444
0.0021432978 0.5927200427
0.0021434803 0.5932080693
0.0021437111 0.5935569412
0.0021437852 0.5938054792
0.0021439179 0.5942764247
0.0021441418 0.5944565397
0.0021442941 0.5953272937
0.0021443118 0.5955042168
0.0021445972 0.5958124336
0.0021446198 0.5960379238
0.0021447128 0.5962035082
0.0021449334 0.5967589111
0.0021450909 0.597084335
0.002145248 0.5974262102
0.0021455913 0.5977460028
0.0021458642 0.5983617239
0.0021459162 0.5986760096
0.0021460001 0.5988664591
0.0021463671 0.5992791933
0.0021464556 0.5999291933
0.0021466933 0.6000476339
0.0021468131 0.6004775898
0.0021471156 0.6006683988
0.0021471788 0.6008058257
0.0021474434 0.601240874
0.002147533 0.6014724631
0.0021478494 0.601887081
0.0021479 0.6023326909
0.0021481356 0.6028097863
0.0021485025 0.6032442458
0.0021488063 0.6035632383
0.0021489042 0.6040215717
0.0021491589 0.6045579026
0.0021492183 0.6045835437
0.0021492847 0.6046331153
0.0021493863 0.6051478369
0.0021496104 0.6054599356
0.0021497398 0.605830454
0.0021497539 0.606205454
0.0021498686 0.6065059591
0.0021499971 0.6067504255
0.0021504237 0.6070149907
0.0021506167 0.6075661857
0.0021506747 0.6076918267
0.0021508646 0.607765059
0.0021511186 0.6084751376
0.0021513836 0.6085752292
0.0021515629 0.6088469019
0.0021518129 0.6093683979
0.0021519342 0.6099211756
0.0021521739 0.6103071026
0.0021524632 0.6104229791
0.0021525768 0.6107131838
0.0021529941 0.6112209896
0.0021531321 0.6115376563
0.0021532088 0.611913237
0.002153425 0.6122837628
0.0021534632 0.6124767453
0.0021536269 0.6128295231
0.0021538394 0.6131477755
0.0021539399 0.6134386915
0.0021541091 0.6137270032
0.0021541669 0.6143603365
0.0021543975 0.6148857982
0.0021544661 0.6155489363
0.0021545632 0.6158926232
0.0021546117 0.6160572194
0.0021547875 0.6163716134
0.0021551494 0.6168609971
0.0021553157 0.6173870307
0.0021554576 0.6177696938
0.0021555229 0.6181740087
0.0021555838 0.6183089293
0.0021556923 0.6185069812
0.0021558524 0.6188165466
0.0021561181 0.618914894
0.0021563379 0.6192691067
0.0021563766 0.6196052178
0.0021566556 0.6197263755
0.0021568762 0.6198851056
0.0021569339 0.6199083615
0.0021571066 0.6201461882
0.002157364 0.6202864212
0.0021575063 0.6209309739
0.0021577859 0.6213538843
0.0021579635 0.6219450015
0.0021580774 0.6225046506
0.0021582648 0.6229733375
0.0021582984 0.6232931177
0.0021584431 0.623441486
0.0021587088 0.6241995459
0.0021588653 0.6246717195
0.0021589278 0.6246973605
0.0021589653 0.625016805
0.002159181 0.6256095052
0.002159446 0.6260165182
0.002159601 0.6262533619
0.0021597268 0.6263015617
0.0021598502 0.6264298445
0.0021598502 0.6264298445
0.0021598625 0.6265409556
0.0021599464 0.6268414607
0.0021601566 0.6274891067
0.0021602075 0.6275141067
0.0021602644 0.6277918845
0.0021603902 0.6283968629
0.0021604833 0.6288252817
0.0021606146 0.6289765974
0.0021607154 0.6296055657
0.0021609186 0.6297479774
0.0021609969 0.6298712332
0.0021611532 0.6303897498
0.0021611652 0.6305008609
0.002161287 0.6307110882
0.002161297 0.6308777549
0.0021613407 0.630899494
0.002161424 0.6314439384
0.0021616518 0.6317261451
0.0021617328 0.631770788
0.0021617762 0.6320652324
0.0021619179 0.6324956311
0.002161967 0.6325212721
0.0021620023 0.6329002404
0.0021620473 0.6330674878
0.0021620708 0.6332353199
0.0021621604 0.6335706374
0.0021621702 0.6337134945
0.0021623663 0.6340137072
0.0021624535 0.6343036296
0.0021626102 0.6345869849
0.0021626855 0.6347119849
0.0021626893 0.6348786516
0.0021627912 0.6352715087
0.0021629026 0.6355224258
0.0021630347 0.6358209964
0.0021631476 0.6358703867
0.0021631972 0.6358953867
0.00216326 0.6359203867
0.0021635053 0.6366063883
0.0021635641 0.6367313883
0.0021636304 0.636923055
0.0021637022 0.6372672255
0.002163989 0.6377503451
0.0021641359 0.6383509033
0.0021642449 0.638813048
0.0021645545 0.6393808608
0.0021645863 0.6398725274
0.002164663 0.6402634365
0.0021647413 0.6405590715
0.0021648456 0.6408429098
0.0021651003 0.6419201339
0.0021651856 0.6422123813
0.0021652671 0.6423282904
0.0021654205 0.6426721251
0.0021655699 0.6428490819
0.0021656068 0.6432379708
0.0021657483 0.6435082479
0.0021657997 0.6435338889
0.0021659462 0.6441039744
0.0021660102 0.6448974123
0.0021660887 0.6450970626
0.0021660887 0.6450970626
0.002166185 0.6453136127
0.0021662667 0.6455463363
0.0021663192 0.6456680755
0.0021663825 0.6456930755
0.0021665017 0.6459385535
0.0021665503 0.6461879437
0.0021666924 0.646362334
0.0021667068 0.6464734451
0.0021667157 0.6466163022
0.0021667336 0.6468841594
0.0021667443 0.647150826
0.00216678 0.647566939
0.002166796 0.64759258
0.0021668386 0.64761758
0.00216689 0.6479828794
0.0021669449 0.6482489923
0.0021669537 0.6483918495
0.0021670049 0.6486292764
0.0021670595 0.6487636433
0.0021671403 0.6491618991
0.0021673421 0.6494333004
0.0021673999 0.6498478966
0.0021674453 0.6498742124
0.002167475 0.6506019902
0.002167536 0.6508686569
0.0021676646 0.6510574971
0.0021677098 0.6510802244
0.0021677687 0.6513493973
0.0021678293 0.6514750383
0.0021679208 0.6516306158
0.0021679811 0.6516562569
0.0021680276 0.6520260981
0.0021681857 0.652206544
0.00216828 0.6523787662
0.0021684307 0.6526746932
0.0021686 0.6527487026
0.0021686153 0.6528598137
0.0021686971 0.65307345
0.0021687719 0.6534300392
0.002168906 0.6538700138
0.0021689145 0.6539811249
0.002168923 0.6541811249
0.0021689466 0.6542043808
0.0021689736 0.6546404919
0.0021689736 0.6546404919
0.0021689786 0.6547654919
0.0021690273 0.6552113252
0.0021690625 0.6554700914
0.0021690993 0.6554964072
0.0021691176 0.6557630739
0.0021692126 0.6564696062
0.0021692126 0.6564696062
0.0021692591 0.656495922
0.0021693288 0.6567146089
0.0021693735 0.6568354422
0.0021694413 0.6570728691
0.0021695238 0.6571202493
0.0021695617 0.6574361584
0.0021696258 0.6583365552
0.0021696898 0.6583860721
0.0021697112 0.6584093279
0.0021698077 0.658459969
0.0021699172 0.658605952
0.0021700004 0.6587585836
0.0021700981 0.6589126772
0.0021701274 0.658938993
0.0021701923 0.659312531
0.0021703268 0.6597184751
0.0021704029 0.6597680467
0.0021704481 0.6600240351
0.0021704997 0.6606113367
0.0021705142 0.6607113367
0.0021706348 0.6609072116
0.0021707103 0.66118326
0.002170832 0.6613292431
0.0021709312 0.6614747917
0.0021710015 0.6617854197
0.0021711562 0.6621892076
0.0021711722 0.6624392076
0.0021712437 0.6624874634
0.0021712961 0.663024765
0.0021713405 0.6633906741
0.0021714639 0.6636164067
0.0021715618 0.663789134
0.0021716975 0.6641221268
0.0021717888 0.6641703826
0.0021717998 0.6642292062
0.0021718249 0.6643991408
0.0021718892 0.6646352519
0.002171933 0.6646602519
0.0021720127 0.6648558868
0.0021720564 0.6648786141
0.0021720579 0.6651286141
0.0021721575 0.6654349994
0.0021722336 0.6655363127
0.0021722816 0.6655613127
0.002172359 0.6656140905
0.0021723946 0.6658655078
0.0021724764 0.6660425348
0.0021725873 0.6662892739
0.0021725873 0.6662892739
0.0021726472 0.6663136642
0.0021726994 0.6663386642
0.0021727897 0.6667793846
0.0021728203 0.6669016068
0.0021728203 0.6669016068
0.0021729072 0.6673835512
0.0021730015 0.6675442339
0.0021730502 0.6678174898
0.0021731185 0.6678702675
0.0021731276 0.6679702675
0.0021731276 0.6679702675
0.0021732182 0.6685824532
0.0021732378 0.6689315985
0.002173292 0.6693982652
0.0021734078 0.6696744557
0.0021735024 0.6700031808
0.0021735954 0.6707779824
0.0021736478 0.6708029824
0.0021736627 0.6713279824
0.0021736672 0.6715279824
0.0021737894 0.6716666187
0.0021738504 0.6721860632
0.0021738578 0.6723527298
0.0021739424 0.6724012678
0.0021739587 0.6727663472
0.0021740075 0.6729342043
0.0021740474 0.6733074602
0.0021741226 0.6737730446
0.0021742286 0.6739874385
0.0021742286 0.6739874385
0.0021742889 0.6741106943
0.0021744281 0.6742797835
0.0021745643 0.6743524898
0.002174614 0.6743757457
0.0021747235 0.6746991804
0.0021747935 0.6747456547
0.0021748386 0.6748830816
0.0021748473 0.6750259388
0.0021748473 0.6750259388
0.0021749038 0.6754079048
0.002174969 0.6756566508
0.0021750167 0.6758049066
0.002175197 0.6760779252
0.0021752475 0.676101181
0.002175269 0.6761244369
0.0021752992 0.6764617384
0.0021753021 0.6766617384
0.0021753021 0.6766617384
0.0021753593 0.6770599943
0.002175395 0.6775683276
0.0021754649 0.6779556292
0.0021755305 0.6781450231
0.002175539 0.6782561342
0.0021756129 0.67830439
0.0021756512 0.6783321678
0.0021756512 0.6783321678
0.0021757304 0.6785215366
0.0021758066 0.6786684542
0.0021758179 0.6787934542
0.0021758912 0.6789995
0.0021759052 0.6791813182
0.0021759445 0.679304574
0.0021760834 0.679623838
0.0021761226 0.6796516158
0.0021761744 0.6799131598
0.0021761772 0.6801131598
0.0021761981 0.680335382
0.0021761981 0.680335382
0.0021762356 0.6803591916
0.0021762523 0.6806687154
0.0021762662 0.681210382
0.0021762731 0.6813770487
0.0021763395 0.6815144694
0.0021764362 0.6816885125
0.002176512 0.6819824032
0.0021765768 0.6822973257
0.0021765768 0.6822973257
0.0021766372 0.6823969761
0.0021766811 0.6826868985
0.0021767907 0.6831693896
0.0021768358 0.6831971673
0.0021769137 0.6835512609
0.0021769301 0.683912372
0.0021769519 0.6841143922
0.0021769546 0.6846143922
0.0021769614 0.6847393922
0.0021769614 0.6847393922
0.0021769804 0.6849731585
0.0021770372 0.6852439918
0.0021770493 0.6852657309
0.0021770547 0.6854657309
0.0021771033 0.6854879531
0.0021771167 0.6857796198
0.0021772135 0.6860665661
0.0021772672 0.6862762152
0.0021772672 0.6862762152
0.0021773328 0.6863257868
0.0021773475 0.6866257868
0.0021774049 0.6867490426
0.0021774609 0.6869663503
0.0021774662 0.6872163503
0.0021774995 0.6876206652
0.0021775752 0.6876677306
0.0021775884 0.6876894697
0.0021775884 0.6876894697
0.0021775884 0.6876894697
0.0021776545 0.6880387121
0.0021776584 0.6881498232
0.0021777269 0.6887058838
0.0021777309 0.688848741
0.0021777506 0.6893404076
0.0021777506 0.6893404076
0.0021777794 0.6895292965
0.0021777938 0.6896062196
0.0021778461 0.689925664
0.0021778461 0.689925664
0.0021779348 0.690340058
0.0021779973 0.690496164
0.0021780662 0.6906840161
0.0021781013 0.6908057553
0.0021781013 0.6908057553
0.0021781803 0.6912041236
0.0021781919 0.6913950326
0.0021782733 0.6915438422
0.0021783004 0.6916938422
0.0021783494 0.6919188422
0.0021784099 0.6919695482
0.0021784202 0.6920945482
0.0021785781 0.6922254371
0.002178637 0.6924481643
0.0021787023 0.6926714202
0.0021787023 0.6926714202
0.0021787572 0.6932068671
0.0021787623 0.6933497242
0.002178784 0.6933714633
0.002178784 0.6933714633
0.0021789594 0.6937232842
0.0021789987 0.6938359324
0.0021790405 0.6938586597
0.0021790899 0.6938819155
0.0021791556 0.694158106
0.0021792326 0.6944576776
0.0021792326 0.6944576776
0.002179283 0.6947526725
0.0021792868 0.6948955297
0.002179386 0.6951237043
0.0021794011 0.6953903709
0.0021794086 0.6954903709
0.0021794286 0.6955116475
0.0021795186 0.6956543136
0.0021795573 0.6956775694
0.0021795736 0.6960184785
0.0021795823 0.6961434785
0.0021795823 0.6961434785
0.0021795897 0.6962863356
0.0021796096 0.6964882587
0.0021796455 0.6965145745
0.0021796888 0.6967923523
0.0021796888 0.6967923523
0.0021796975 0.6968756856
0.0021797308 0.6968974248
0.0021797468 0.6971974248
0.0021797701 0.6972206806
0.0021798291 0.6972727076
0.0021799751 0.6973659129
0.0021801173 0.6978351116
0.0021801173 0.6978351116
0.0021801173 0.6978351116
0.0021801869 0.6980078389
0.0021802235 0.6980348659
0.0021802649 0.6983376437
0.002180316 0.6983903118
0.0021803512 0.6985062209
0.0021803828 0.6985312209
0.0021803828 0.6985312209
0.0021804385 0.6986784431
0.0021804784 0.699017332
0.0021805037 0.6990405878
0.0021805737 0.6990946814
0.0021805737 0.6990946814
0.0021805773 0.6992375385
0.0021805845 0.6993625385
0.0021806337 0.6995102658
0.0021806337 0.6995102658
0.002180672 0.6995372928
0.002180739 0.6995833245
0.0021807868 0.6996065804
0.0021808107 0.6997726933
0.0021808727 0.7000209108
0.0021809084 0.7001736886
0.0021809345 0.7005109902
0.0021809595 0.7005387679
0.0021810544 0.700587811
0.0021810686 0.7008647341
0.0021811136 0.7010874613
0.0021811372 0.7011092005
0.0021812033 0.7013018624
0.0021812033 0.7013018624
0.0021812516 0.7013240846
0.0021812516 0.7013240846
0.0021812516 0.7013240846
0.0021813479 0.7017075433
0.0021813783 0.701733859
0.0021813959 0.7019497681
0.0021814825 0.7020201184
0.0021815245 0.7021714342
0.0021815245 0.7021714342
0.0021815874 0.7022242119
0.0021815956 0.7023075453
0.0021816735 0.7025419122
0.0021817269 0.7028793391
0.0021817896 0.7031515613
0.0021817931 0.703318228
0.0021817931 0.703318228
0.0021817988 0.703518228
0.0021818312 0.7036537293
0.0021818369 0.7037787293
0.0021818369 0.7037787293
0.0021819014 0.7040926182
0.0021819221 0.7041138948
0.0021819542 0.704135634
0.0021819542 0.704135634
0.0021820046 0.704467885
0.0021820366 0.7046956628
0.0021820881 0.7047466964
0.0021821235 0.7049744742
0.0021821337 0.7050744742
0.0021822043 0.7052678364
0.0021822134 0.7055773602
0.0021822328 0.7059690269
0.0021822328 0.7059690269
0.0021822328 0.7059690269
0.0021822713 0.7061396618
0.0021822758 0.7062396618
0.0021822837 0.7063646618
0.0021822837 0.7063646618
0.0021823356 0.7064168298
0.0021823885 0.7064678634
0.0021824481 0.7068389928
0.0021824481 0.7068389928
0.0021824481 0.7068389928
0.0021824963 0.7070900264
0.0021825837 0.7073794203
0.0021826094 0.7074071981
0.0021826217 0.7074841212
0.0021827411 0.7078018214
0.0021827411 0.7078018214
0.0021827623 0.7078262117
0.0021827789 0.7081849779
0.0021827789 0.7081849779
0.0021828333 0.7085806128
0.0021828588 0.7086050031
0.002182861 0.7088050031
0.002182861 0.7088050031
0.0021828655 0.7089478602
0.0021828655 0.7089478602
0.0021828765 0.7092018285
0.002182882 0.7093446856
0.0021829414 0.7096107986
0.0021829414 0.7096107986
0.002182948 0.7096351888
0.0021830872 0.7097350319
0.0021831562 0.7098819495
0.002183235 0.7100478586
0.0021832744 0.7102728586
0.0021833781 0.710493184
0.0021834653 0.7105637746
0.0021834664 0.7107637746
0.0021834893 0.7107894156
0.0021835099 0.7108106922
0.002183549 0.7108345017
0.0021835512 0.7110011684
0.0021836053 0.7112108175
0.0021836129 0.7112352077
0.0021836291 0.711359598
0.0021836345 0.7113818202
0.002183668 0.7114318515
0.002183668 0.7114318515
0.0021837164 0.7117212454
0.0021837637 0.7118450549
0.0021837712 0.711921978
0.0021837852 0.7126886447
0.0021838613 0.7127616996
0.0021838827 0.7127849554
0.0021838827 0.7127849554
0.0021839073 0.7128105964
0.0021839137 0.7129534536
0.0021839403 0.713147898
0.0021839488 0.713272898
0.0021839488 0.713272898
0.0021839743 0.713298539
0.0021839765 0.713498539
0.0021839871 0.7138413962
0.0021840273 0.7139663962
0.0021840347 0.7140913962
0.0021840347 0.7140913962
0.0021840664 0.7141141235
0.0021841012 0.7141624918
0.0021841718 0.7142330823
0.0021842066 0.7142580823
0.0021842066 0.7142580823
0.0021842066 0.7142580823
0.0021842811 0.7144491952
0.0021843219 0.7146709344
0.0021843219 0.7146709344
0.0021843261 0.714837601
0.0021843261 0.714837601
0.0021843261 0.714837601
0.0021843772 0.7148864979
0.0021844345 0.7149347537
0.0021844949 0.7149853947
0.002184498 0.7151853947
0.002184552 0.7152342916
0.0021845727 0.7156342916
0.002184581 0.7159438154
0.0021845893 0.7160438154
0.002184642 0.7161916786
0.0021846803 0.7163166786
0.0021846803 0.7163166786
0.0021847174 0.7165319779
0.0021847267 0.7166319779
0.0021847935 0.7167793581
0.0021848059 0.7169439544
0.0021848151 0.7169666816
0.0021848459 0.717012811
0.0021849084 0.7172101912
0.002184979 0.7172808272
0.0021850097 0.7173046367
0.0021850097 0.7173046367
0.002185024 0.7176263758
0.0021850566 0.7176520168
0.0021851177 0.7177654226
0.0021851553 0.7180788284
0.0021851665 0.7181005676
0.0021852274 0.718173894
0.0021852558 0.7183725562
0.0021852771 0.718395812
0.0021852912 0.7184175511
0.0021853661 0.7184630057
0.0021853711 0.7186058628
0.0021853711 0.7186058628
0.0021854225 0.7189068964
0.0021854527 0.7192937149
0.0021854628 0.7196714927
0.0021854698 0.720129826
0.002185501 0.7201530818
0.0021855511 0.7203928005
0.0021855511 0.7203928005
0.0021855781 0.7206812063
0.0021855851 0.7208062063
