0.000236 0.0259026238
0.000399 0.0488330731
0.00052 0.0672820281
0.00061425 0.0814865308
0.00069425 0.0947913176
0.00076725 0.1061085596
0.0008315357 0.1172975006
0.0008880357 0.1263017145
0.000942369 0.1371117831
0.000995669 0.1462361939
0.0010385781 0.1552045408
0.0010796615 0.1638511594
0.0011139692 0.170264568
0.0011463977 0.1762996037
0.0011798644 0.182995311
0.0012163644 0.1903201934
0.0012469526 0.1966666205
0.001275786 0.2034188258
0.0013033123 0.2082974381
0.0013264123 0.2118018139
0.0013511742 0.2172106671
0.0013765378 0.2221851506
0.0013985813 0.2274084653
0.0014197063 0.2318575441
0.0014380663 0.2355663004
0.0014565663 0.240381844
0.0014710478 0.2441617027
0.0014862621 0.246901028
0.0015016759 0.2509046938
0.0015133092 0.2539117818
0.0015268253 0.2570967363
0.0015358878 0.2600800732
0.0015512515 0.2635297416
0.0015631632 0.2666525314
0.0015750489 0.2691072037
0.0015840489 0.2722391796
0.0015942922 0.2753787784
0.0016046869 0.2790236089
0.0016134562 0.282037484
0.0016206312 0.2837009183
0.0016328263 0.2870988169
0.0016433025 0.2894921336
0.0016502094 0.2920364348
0.0016586185 0.2939032488
0.0016672852 0.296267782
0.0016740461 0.2997068297
0.0016801312 0.3021991728
0.0016866103 0.3044316808
0.0016931818 0.3070125242
0.0017000618 0.3103584577
0.0017046304 0.3122191783
0.0017083612 0.3151110758
0.0017128517 0.3170924754
0.0017165369 0.3192089644
0.0017229006 0.3211762579
0.0017287041 0.3233865314
0.0017342129 0.3261505545
0.0017385922 0.3284359277
0.0017431854 0.3304751076
0.0017475854 0.3322871794
0.0017540444 0.3353055585
0.0017604154 0.3380648748
0.0017648122 0.3406188923
0.0017679997 0.3422638741
0.0017732459 0.3440535945
0.0017795944 0.3457816152
0.0017846541 0.3479761135
0.00178836 0.3500000515
0.0017930121 0.3529708138
0.001798255 0.3551461673
0.0018022691 0.357000009
0.0018076996 0.3600696718
0.0018124531 0.3617934931
0.0018160071 0.3633219335
0.0018187004 0.3650818066
0.0018214899 0.3661533334
0.0018255289 0.3673944168
0.0018299776 0.3692738106
0.0018325725 0.3707238061
0.00183506 0.3722096406
0.0018375786 0.3739445468
0.0018396639 0.3746151778
0.0018431579 0.3764381733
0.0018455031 0.3781675341
0.001848809 0.379545265
0.0018504486 0.3803668962
0.0018516325 0.3818004251
0.0018538484 0.383397536
0.0018556574 0.3853482707
0.0018576574 0.3880286738
0.0018604046 0.3902036065
0.0018628503 0.391732309
0.0018655599 0.393934634
0.0018683259 0.3951231212
0.0018713575 0.397060712
0.0018733783 0.3988484663
0.0018756979 0.4006388582
0.0018777081 0.4026034606
0.0018793243 0.4039453594
0.0018813243 0.4052740128
0.001883354 0.4073524637
0.0018851285 0.4086456328
0.0018871479 0.4094776041
0.001889869 0.411240444
0.0018919833 0.4122593905
0.0018948324 0.4141905636
0.001896795 0.4158464294
0.0018993413 0.4172524614
0.0019010752 0.419034989
0.0019035571 0.4209099498
0.0019050255 0.422252783
0.0019066773 0.423983996
0.0019084561 0.4254569588
0.0019097456 0.4266498309
0.0019110673 0.428152485
0.0019127828 0.4295306809
0.0019135862 0.4303386805
0.0019154167 0.4316203015
0.0019177193 0.4323897061
0.0019196359 0.433850185
0.0019208508 0.4351808808
0.001922318 0.4362549552
0.0019243912 0.437585278
0.0019259557 0.4382331131
0.0019276117 0.4398574798
0.0019292546 0.4412699165
0.001931475 0.4421385624
0.001932725 0.4432402295
0.0019337638 0.4438499118
0.0019342792 0.4445276896
0.0019356609 0.4455644403
0.0019371306 0.4464784813
0.0019390103 0.4471461015
0.0019408162 0.4481427905
0.0019427421 0.4495087217
0.001944176 0.4505919557
0.0019451322 0.4508006491
0.0019460742 0.4515122363
0.0019473332 0.4523251995
0.0019483261 0.4531176994
0.0019492622 0.4538797109
0.0019500228 0.4543495635
0.0019512955 0.4557168771
0.0019538858 0.4573194779
0.0019549617 0.4579419594
0.0019557151 0.4586620172
0.0019562389 0.4594526016
0.0019578132 0.4606416774
0.0019588602 0.4618743523
0.0019593002 0.4627154092
0.0019601346 0.463359232
0.0019604373 0.464148626
0.0019610124 0.4644255415
0.0019614929 0.4656159886
0.0019622413 0.466572605
0.0019633118 0.4675367107
0.0019643373 0.4683771915
0.0019654576 0.469296643
0.0019662437 0.4704452363
0.0019664 0.4710800096
0.0019678596 0.4717554989
0.0019687238 0.4733884668
0.001969503 0.4742479308
0.0019700395 0.4751331933
0.0019714335 0.4763445925
0.0019724214 0.4768452077
0.0019732657 0.4779160339
0.0019743074 0.4791151019
0.0019746861 0.4796943144
0.001975192 0.4811005773
0.0019758762 0.4817163785
0.0019765681 0.4820663193
0.0019777819 0.4831379409
0.0019781497 0.4840682439
0.0019787783 0.484963971
0.0019793863 0.4856384075
0.0019799512 0.4865858608
0.0019809962 0.4874474396
0.0019817001 0.4886155378
0.0019824001 0.4899109263
0.0019827703 0.4901909047
0.001983056 0.4910816914
0.0019841598 0.4928025489
0.0019848935 0.4936218074
0.0019857476 0.4943940981
0.0019868067 0.4952056651
0.0019878388 0.4957948252
0.0019885409 0.4963845751
0.0019895039 0.4968687414
0.0019903618 0.4977916904
0.0019909429 0.4984704835
0.0019916408 0.4992759343
0.0019921227 0.5002796955
0.0019927464 0.5009565702
0.001993649 0.5014479859
0.0019951235 0.5024246565
0.001995961 0.5038859389
0.0019969408 0.5047600708
0.0019978705 0.5058679002
0.0019985105 0.5066645228
0.001999008 0.5080017977
0.0019999535 0.5093355015
0.0020008501 0.5099104524
0.0020015217 0.5103363971
0.0020022729 0.5107690834
0.0020028603 0.5115616683
0.0020036525 0.5119133169
0.0020043641 0.5125745866
0.0020052062 0.5137754455
0.0020055014 0.5143514567
0.0020058616 0.5150298755
0.0020062248 0.5154388718
0.0020067131 0.5164010666
0.002007671 0.5170243045
0.0020080431 0.5176856916
0.002008395 0.5184417693
0.0020092198 0.5191293951
0.0020095042 0.5199109427
0.0020097097 0.5204504726
0.0020099961 0.5207741625
0.0020105164 0.5213461634
0.0020109849 0.522568514
0.0020110567 0.5230370121
0.0020112933 0.5234051453
0.0020116133 0.5246625323
0.0020119053 0.5249840691
0.0020126057 0.5258420853
0.0020132329 0.5264964017
0.0020137744 0.5268339922
0.0020142005 0.5271000608
0.0020147849 0.5277055996
0.0020151772 0.5281380092
0.0020154218 0.5286252516
0.0020157081 0.5292095342
0.0020159422 0.5299419219
0.0020163701 0.5303479616
0.0020165938 0.5306285391
0.0020172072 0.5309070321
0.0020177177 0.5312104535
0.002018126 0.5317603009
0.002018765 0.5324367488
0.00201917 0.5332539464
0.0020194663 0.5338457004
0.0020197572 0.5342593822
0.0020202266 0.5349758647
0.0020204624 0.5355252875
0.0020208956 0.5357406906
0.0020214238 0.5364421281
0.002021713 0.5372459768
0.002021717 0.5374959768
0.0020220317 0.5377888208
0.0020224246 0.538675546
0.0020226183 0.5392640106
0.0020228072 0.5394609282
0.0020229484 0.5401503222
0.0020232844 0.5409341136
0.0020234361 0.5414230025
0.0020236222 0.5423658597
0.0020238577 0.5425101876
0.0020244077 0.5430749045
0.002024741 0.5435066818
0.0020252525 0.5438751913
0.0020260966 0.5447369006
0.0020263769 0.545385599
0.002026675 0.5459290972
0.0020271787 0.5465197434
0.0020276207 0.5472794252
0.002027852 0.547557844
0.0020280491 0.547908349
0.0020287231 0.5483805201
0.0020292914 0.5487795194
0.002029887 0.5494695998
0.002030191 0.5497886946
0.0020303954 0.5503177502
0.0020306754 0.5505990347
0.0020309652 0.5510517639
0.0020316476 0.5519319417
0.0020319569 0.5525025819
0.0020323333 0.5528087089
0.0020326225 0.5534354924
0.0020330211 0.5541698768
0.0020332764 0.5547035567
0.002033598 0.5550358752
0.0020340452 0.5554637665
0.002034175 0.5557804403
0.0020344372 0.5558492448
0.0020348693 0.5567374705
0.0020354283 0.5572591219
0.0020358332 0.5577061524
0.002036009 0.5577545207
0.0020363939 0.5583387057
0.002036548 0.5589761326
0.0020368347 0.5591293072
0.0020371884 0.5599330726
0.0020372766 0.5602346599
0.0020373509 0.5603468456
0.0020376068 0.5606866161
0.0020378048 0.5612058812
0.0020382897 0.561705191
0.0020385931 0.5620838558
0.0020386894 0.5622088558
0.0020387391 0.5623739352
0.0020393133 0.563228021
0.0020393232 0.5635708782
0.0020395134 0.5639871036
0.0020396866 0.564302536
0.00203997 0.5647617864
0.0020400187 0.5652157547
0.002040064 0.5655995782
0.0020403349 0.5663016204
0.0020407015 0.5670946171
0.0020409034 0.5673652076
0.0020409545 0.5675298039
0.0020410087 0.5678949554
0.002041288 0.5684524825
0.0020414937 0.5691508508
0.0020415253 0.569332669
0.0020416102 0.5698249766
0.0020418704 0.570294443
0.002042186 0.5705365555
0.002042401 0.570802979
0.0020426742 0.5712917983
0.0020431665 0.5719946406
0.0020433856 0.5725953699
0.002043678 0.5733720549
0.0020438283 0.5739205555
0.0020441432 0.5746424216
0.0020443353 0.575260559
0.0020446514 0.5757903777
0.002044909 0.5760998152
0.0020450117 0.5763395338
0.0020455388 0.5767315
0.0020458181 0.5769676331
0.0020461265 0.5771943077
0.0020463922 0.5776808191
0.0020466273 0.5780079872
0.0020468795 0.5785396888
0.002047276 0.5788748742
0.0020474677 0.5795265698
0.0020477295 0.580037973
0.0020479611 0.5803861241
0.0020481717 0.5808128135
0.0020482008 0.5809605408
0.0020482183 0.5810374639
0.002048311 0.5811561508
0.0020485393 0.5817465783
0.002048986 0.5821422764
0.0020492849 0.5824390141
0.0020495055 0.5829926555
0.0020498398 0.5836547365
0.0020501076 0.5839665163
0.0020502724 0.5845652824
0.0020503998 0.5848892643
0.0020506484 0.5856269306
0.0020510005 0.5861770708
0.0020512309 0.5868852875
0.0020516398 0.5875601291
0.0020518996 0.5877422537
0.0020522367 0.5879833823
0.0020523228 0.5882923524
0.0020526247 0.5884045079
0.0020529728 0.5889666083
0.0020530692 0.5896462175
0.0020532093 0.5900935977
0.0020536093 0.5906120449
0.0020539946 0.5910482547
0.0020542779 0.591355328
0.0020546285 0.5920819373
0.002054829 0.5921806371
0.0020552506 0.5931926863
0.0020554312 0.5934511486
0.0020555952 0.5939987066
0.0020557319 0.5942862577
0.002055887 0.5949645937
0.0020562764 0.5956293452
0.0020564386 0.5960769352
0.0020567118 0.596309768
0.0020569049 0.5964461317
0.002056926 0.5965461317
0.0020571681 0.5971105256
0.002057365 0.5978090416
0.0020578153 0.598440358
0.0020581338 0.5987751193
0.0020582484 0.5990142282
0.0020584873 0.5990840208
0.0020586868 0.5999188913
0.0020588625 0.6000474016
0.0020591512 0.6006819072
0.0020593594 0.6011401813
0.0020594774 0.6014728143
0.0020596231 0.6017498918
0.0020598655 0.6019493424
0.0020601276 0.6022211552
0.002060488 0.6026554062
0.0020607918 0.6029708093
0.0020609736 0.6031446188
0.0020610668 0.6034005712
0.002061499 0.6038693663
0.0020615165 0.6042026996
0.002061784 0.6043965953
0.0020620434 0.6045724532
0.0020622896 0.6046669856
0.0020624087 0.6049806219
0.0020625424 0.6052729296
0.0020627029 0.6061767813
0.0020631241 0.6069139982
0.0020637137 0.6080668223
0.0020637211 0.6081668223
0.00206388 0.6087706747
0.0020641361 0.6090787045
0.002064321 0.6095687566
0.0020644764 0.6099031645
0.0020646919 0.609975282
0.0020648779 0.6101374677
0.0020649092 0.6103485788
0.0020651664 0.6107663181
0.0020651832 0.6108251417
0.0020655133 0.6113922701
0.0020657615 0.6118241925
0.0020657949 0.6120817683
0.0020658281 0.6126317683
0.0020658826 0.6129328019
0.002066093 0.6130253892
0.0020662605 0.6131003892
0.0020662793 0.613409913
0.002066392 0.6137808961
0.0020664833 0.6141181977
0.002066516 0.6145209755
0.002066551 0.6145459755
0.0020665836 0.6149126421
0.0020666624 0.6152898662
0.0020668453 0.6155525646
0.0020670393 0.6156988363
0.0020671845 0.6159465636
0.0020672488 0.6162370398
0.0020673842 0.6166948194
0.0020675466 0.6170650575
0.0020676676 0.6172055382
0.0020677815 0.6175436695
0.002067827 0.6178658917
0.0020680855 0.6179647989
0.0020682212 0.6183286877
0.0020683544 0.6184754269
0.0020685098 0.6189850387
0.0020686941 0.6194613857
0.0020689318 0.6199894968
0.0020690347 0.6202408126
0.0020691373 0.6207935904
0.0020693667 0.6213181282
0.0020695023 0.621805549
0.0020696154 0.6219794458
0.0020697879 0.6220557616
0.002069969 0.6222182075
0.0020700571 0.6223709852
0.0020700966 0.622748763
0.0020703247 0.6230496504
0.0020705413 0.6232932739
0.0020707095 0.6235939149
0.0020708097 0.6239625047
0.0020708271 0.6242541713
0.0020711156 0.6246856558
0.0020712 0.6248323949
0.0020714678 0.6250093493
0.0020715885 0.6255279727
0.0020718186 0.6260146769
0.0020718722 0.6261490438
0.0020719665 0.6262717711
0.0020720861 0.6266076751
0.0020721693 0.6267956184
0.0020722714 0.6269390966
0.0020723606 0.6275271308
0.0020726296 0.6277604197
0.0020726846 0.6279821589
0.0020726994 0.6282738255
0.0020727141 0.6283507486
0.0020728318 0.6285666577
0.0020729555 0.6287284098
0.0020730036 0.6287516657
0.0020731288 0.6292082548
0.0020731872 0.6295410344
0.0020731976 0.6297077011
0.0020732536 0.6299309569
0.0020734109 0.6302864078
0.0020735349 0.630891608
0.0020736029 0.6310832747
0.002073677 0.631248354
0.0020737571 0.6312721636
0.0020737837 0.6314971636
0.0020739739 0.6317342848
0.0020740066 0.6319501939
0.0020741593 0.6324086145
0.0020742569 0.632551187
0.0020742914 0.6328849532
0.0020743096 0.6329849532
0.002074352 0.6336036401
0.0020744326 0.6337953068
0.0020745051 0.6340339827
0.0020745372 0.6344248918
0.0020747076 0.6346942315
0.0020747996 0.6348280699
0.0020748275 0.635339181
0.0020749311 0.6355154968
0.00207511 0.6358357612
0.0020752568 0.6359034834
0.0020753539 0.6362652355
0.0020754626 0.6364391324
0.002075502 0.6365734993
0.0020756221 0.6366533041
0.0020756398 0.6369211613
0.0020757613 0.6370935414
0.0020757809 0.6371523649
0.0020758336 0.6372912538
0.002075935 0.6381305395
0.0020760284 0.6384389811
0.0020761527 0.6385939617
0.0020762437 0.6388925944
0.0020763791 0.6393407867
0.0020765625 0.6395049516
0.0020766146 0.6396036138
0.0020767646 0.6397991797
0.0020767646 0.6397991797
0.0020767914 0.6398580033
0.0020767914 0.6398580033
0.0020768811 0.6402573935
0.0020771249 0.6404601713
0.0020772104 0.6406778715
0.0020772996 0.6410028715
0.002077364 0.641192794
0.0020774585 0.641237789
0.0020776208 0.641894898
0.002077747 0.6424712138
0.0020778654 0.6427104912
0.0020780324 0.6429942574
0.0020782084 0.6434690049
0.0020783542 0.6437117051
0.0020784288 0.6438349609
0.0020784363 0.6440016276
0.0020784567 0.6442682943
0.0020784641 0.6445182943
0.0020785512 0.6451361514
0.002078566 0.6452361514
0.0020789147 0.6457258418
0.0020789883 0.6460025373
0.0020790416 0.6461414262
0.0020790894 0.646544845
0.0020791095 0.6466281783
0.0020791186 0.6469781783
0.0020792446 0.6472236329
0.0020792446 0.6472236329
0.0020793282 0.6473080974
0.002079359 0.6476529748
0.0020794913 0.6480244491
0.0020796649 0.6485656327
0.0020797606 0.6491443873
0.0020798452 0.6493228061
0.0020799388 0.6500061394
0.0020800052 0.6500311394
0.00208005 0.6501498263
0.0020801287 0.6502207011
0.0020802019 0.6503232652
0.0020802019 0.6503232652
0.0020802802 0.6504829144
0.0020802802 0.6504829144
0.0020802802 0.6504829144
0.0020803315 0.650820216
0.0020804729 0.6512235745
0.002080644 0.6517653187
0.0020807725 0.652413322
0.0020808111 0.6524410998
0.0020808375 0.6528327665
0.0020809373 0.6531480442
0.0020810684 0.6535696372
0.0020811993 0.6537998236
0.0020812655 0.6538242139
0.0020813351 0.6541631028
0.0020813351 0.6541631028
0.0020814685 0.6547378313
0.002081491 0.6550628313
0.0020814996 0.6553544979
0.0020815583 0.6556291334
0.0020815789 0.6559208001
0.0020815944 0.6560208001
0.0020816578 0.6560458001
0.0020817349 0.6570708001
0.002081817 0.6573718337
0.002081817 0.6573718337
0.0020818357 0.6577646908
0.0020818476 0.6578758019
0.0020818476 0.6578758019
0.0020818595 0.6581853258
0.0020819458 0.6589303207
0.0020820184 0.6592561534
0.0020820386 0.6592794092
0.0020820386 0.6592794092
0.0020821059 0.6595532187
0.0020822183 0.6598590503
0.0020822987 0.6599834405
0.002082307 0.6601501072
0.0020823554 0.6606389961
0.0020824054 0.6609056628
0.0020824154 0.6610723294
0.0020825433 0.6613699218
0.0020826462 0.6616454269
0.0020827322 0.6617009824
0.0020828562 0.6618611366
0.0020829503 0.6620615334
0.0020829997 0.6622261297
0.0020830079 0.6623511297
0.0020830605 0.662498857
0.0020830933 0.6626266347
0.0020830933 0.6626266347
0.0020831341 0.6626483739
0.0020832238 0.6628843388
0.0020833004 0.663105099
0.0020834483 0.663300227
0.0020835344 0.6635156515
0.002083583 0.6636517627
0.0020835943 0.6637628738
0.0020836218 0.6638906515
0.0020836492 0.6645239849
0.0020836766 0.6645452615
0.0020837425 0.6648138512
0.0020839399 0.6649054667
0.0020839399 0.6649054667
0.0020840375 0.6654261017
0.002084151 0.6655032697
0.0020842339 0.6656352141
0.002084253 0.6658352141
0.0020843357 0.6661583705
0.0020843912 0.6664401166
0.0020844673 0.6666966101
0.0020844736 0.6671966101
0.0020844736 0.6671966101
0.0020845698 0.6674128483
0.0020845809 0.6675128483
0.0020846359 0.6678138819
0.0020847081 0.667864387
0.0020848178 0.6679392301
0.0020848444 0.668459865
0.0020848569 0.6687693888
0.0020848569 0.6687693888
0.0020849301 0.6690074841
0.0020850219 0.6691667949
0.0020850933 0.6697264441
0.0020851677 0.6699880602
0.0020852235 0.6703232251
0.0020852776 0.6705148917
0.002085347 0.6708145421
0.0020853994 0.6710935103
0.0020854717 0.6713205305
0.0020855685 0.6716956559
0.0020855761 0.671906767
0.0020856282 0.6720428781
0.0020857398 0.6721815144
0.0020858024 0.6722834375
0.0020858421 0.6724090785
0.0020859227 0.6724603943
0.002085979 0.6725108994
0.0020860958 0.6728038818
0.0020861276 0.6728276914
0.0020862214 0.6731899929
0.0020863438 0.6732617746
0.0020863543 0.6737201079
0.0020863574 0.6738629651
0.0020864446 0.6740234664
0.0020864716 0.6740512442
0.002086566 0.6748604102
0.0020866274 0.6749965213
0.0020867216 0.6750455644
0.002086744 0.6757066755
0.0020868066 0.6758745327
0.0020868215 0.6759745327
0.0020868244 0.6761173898
0.0020869342 0.6764949692
0.0020870009 0.676565844
0.0020870675 0.6768890998
0.0020871398 0.6773552128
0.0020872047 0.677654603
0.0020872474 0.6776778589
0.0020872901 0.6779632124
0.0020873738 0.6780120219
0.0020874368 0.6781814883
0.0020874998 0.678228
0.002087513 0.678328
0.0020875786 0.678605224
0.0020875786 0.678605224
0.0020877169 0.6786780514
0.0020878245 0.6791976538
0.0020878579 0.6793460055
0.0020879057 0.6794788557
0.0020879129 0.6796455224
0.0020879216 0.6797455224
0.0020879303 0.6798566335
0.0020879994 0.6801688488
0.0020880167 0.6804355155
0.0020881345 0.68050597
0.0020881532 0.6805337478
0.0020882133 0.6808100636
0.0020882219 0.6809211747
0.0020882733 0.6812989525
0.0020883575 0.6816259795
0.0020883575 0.6816259795
0.0020883632 0.6817926462
0.0020884058 0.6819870906
0.0020884115 0.6821537573
0.0020885121 0.6825036526
0.0020885658 0.6831744128
0.0020886435 0.6834205422
0.0020886632 0.6836781179
0.0020888266 0.6838579881
0.0020888407 0.6842917543
0.002088887 0.6843155638
0.002088887 0.6843155638
0.0020889711 0.684362944
0.0020889822 0.6845967102
0.0020889822 0.6845967102
0.002089006 0.6849295605
0.0020890798 0.6851411766
0.0020890798 0.6851411766
0.0020890798 0.6851411766
0.0020890923 0.6854078433
0.0020891227 0.6856310991
0.0020891255 0.6857739562
0.0020891324 0.6859406229
0.0020891752 0.6859684007
0.0020892454 0.686501734
0.002089277 0.6869611009
0.0020892839 0.6871277676
0.0020893251 0.687592847
0.0020893826 0.6882522139
0.0020894045 0.6883766041
0.0020894564 0.6884261757
0.0020894878 0.6884768168
0.0020895763 0.6890770928
0.0020895886 0.689101483
0.0020896266 0.6891232222
0.0020896985 0.6894771904
0.0020897026 0.6896438571
0.0020897026 0.6896438571
0.0020897175 0.6899355238
0.0020897458 0.6899572629
0.0020897997 0.6901223422
0.0020898064 0.6903223422
0.0020898185 0.6907667867
0.0020899702 0.6911884488
0.0020899957 0.6916085246
0.0020899957 0.6916085246
0.0020900037 0.6917335246
0.0020900037 0.6917335246
0.002090033 0.6920533048
0.0020900717 0.6921810826
0.0020900717 0.6921810826
0.0020901713 0.6924254105
0.0020901951 0.692960764
0.0020902031 0.6933274307
0.0020902097 0.693410764
0.0020903259 0.6937918246
0.0020903589 0.6939564209
0.0020903826 0.6944369764
0.0020904497 0.6949735204
0.0020904497 0.6949735204
0.0020904865 0.6951217762
0.0020905442 0.695336089
0.0020906698 0.6955500417
0.0020907156 0.6959061023
0.0020907156 0.6959061023
0.0020907547 0.6959324181
0.0020907547 0.6959324181
0.0020907625 0.6960574181
0.0020907768 0.6964407514
0.0020908273 0.6966736017
0.002090839 0.6968736017
0.0020908597 0.6970324252
0.0020909372 0.697181322
0.0020909553 0.697206322
0.0020910107 0.697395716
0.002091048 0.697663696
0.0020910519 0.697788696
0.0020910519 0.697788696
0.0020910519 0.697788696
0.0020911338 0.6978397295
0.0020911581 0.6979614687
0.0020912156 0.6982508626
0.0020912283 0.6985365769
0.0020912283 0.6985365769
0.0020913212 0.6985843042
0.0020913212 0.6985843042
0.0020913694 0.6986070314
0.0020913808 0.6988090516
0.0020914758 0.6990217501
0.0020915491 0.699239461
0.0020915946 0.6993246003
0.0020916311 0.6995139943
0.0020916311 0.6995139943
0.0020916588 0.6995410213
0.0020917053 0.6998366562
0.0020917542 0.7001033229
0.0020917542 0.7001033229
0.0020917755 0.700294232
0.002091808 0.7003169592
0.002091808 0.7003169592
0.002091808 0.7003169592
0.002091818 0.7004169592
0.0020918242 0.7005169592
0.0020918391 0.7007419592
0.0020919135 0.7007913495
0.002091942 0.7008183765
0.0020920509 0.7013094409
0.0020920856 0.7013586901
0.0020921214 0.7015114679
0.0020921892 0.7017534106
0.002092199 0.7018534106
0.0020922519 0.7019017142
0.0020922679 0.7024183809
0.0020923538 0.702561958
0.0020924261 0.7028102139
0.0020924591 0.7030018805
0.0020926058 0.7031011951
0.0020926437 0.7031261951
0.0020927144 0.7032789729
0.0020927205 0.7034456395
0.0020927886 0.7036600335
0.0020928688 0.7037065451
0.0020929344 0.7037571861
0.0020930374 0.7041802073
0.0020931403 0.7044501568
0.0020931754 0.7044985251
0.0020932563 0.7046518679
0.0020933347 0.704703895
0.0020933696 0.704730922
0.0020933696 0.704730922
0.0020933696 0.704730922
0.002093408 0.705257949
0.0020934836 0.705509976
0.0020936021 0.7055847303
0.0020936069 0.7057097303
0.0020936332 0.7058986192
0.0020936332 0.7058986192
0.0020936344 0.7060652859
0.0020936344 0.7060652859
0.0020936344 0.7060652859
0.002093657 0.7060865625
0.002093721 0.706613258
0.0020937767 0.7066688136
0.0020938181 0.7067920694
0.0020938229 0.7068829785
0.0020938665 0.7071357562
0.002093896 0.707163534
0.0020939443 0.7071857562
0.0020939714 0.7073246451
0.0020940478 0.707400042
0.0020941158 0.707650547
0.0020941955 0.7077302816
0.0020942272 0.7078489685
0.0020943184 0.7079253574
0.0020943546 0.7082448018
0.0020943873 0.7084392463
0.0020944269 0.7087586907
0.0020944269 0.7087586907
0.0020944769 0.7088930576
0.002094578 0.7089721512
0.0020946336 0.7091054845
0.0020946881 0.7092532118
0.002094746 0.7096532118
0.0020947645 0.710128702
0.0020947645 0.710128702
0.0020948187 0.7103186245
0.0020948337 0.7105345336
0.0020948532 0.7107595336
0.0020949003 0.7109095336
0.0020949681 0.7109589238
0.002094991 0.7109802004
0.0020950288 0.7111686062
0.0020950609 0.711196384
0.002095182 0.7113998028
0.0020952242 0.7116138496
0.0020952345 0.7117138496
0.0020952345 0.7117138496
0.0020952345 0.7117138496
0.0020952345 0.7117138496
0.0020952345 0.7117138496
0.0020952424 0.7118388496
0.0020952617 0.7120547587
0.002095282 0.7120780145
0.0020953374 0.712264833
0.0020953487 0.7123481663
0.0020953735 0.7124964222
0.0020953825 0.7127880888
0.0020953915 0.7128505888
0.0020954454 0.7129982349
0.0020954454 0.7129982349
0.0020954454 0.7129982349
0.0020954499 0.713141092
0.0020955282 0.7131926793
0.0020955763 0.7133079787
0.0020955763 0.7133079787
0.0020955874 0.7134079787
0.002095632 0.71366848
0.0020956386 0.71399348
0.0020956542 0.7144141149
0.0020956853 0.7145603915
0.0020957196 0.7145881693
0.0020957595 0.7147040784
0.0020957595 0.7147040784
0.0020957595 0.7147040784
0.0020957705 0.7152290784
0.0020957805 0.7153199875
0.0020958102 0.7153449875
0.0020958674 0.7155388782
0.0020959081 0.7155601548
0.0020959146 0.715703012
0.0020959388 0.715728012
0.0020959881 0.7158507392
0.0020959946 0.7160174059
0.0020960351 0.7160401332
0.0020960383 0.7161512443
0.0020960416 0.7162941014
0.0020960427 0.7164941014
0.0020960808 0.7166067496
0.0020961156 0.7166300055
0.0020961156 0.7166300055
0.0020961156 0.7166300055
0.0020961448 0.7166527327
0.0020961535 0.7170455899
0.002096161 0.7171455899
0.0020961848 0.7171668665
0.0020961924 0.7173097236
0.0020962344 0.7178310002
0.0020962344 0.7178310002
0.0020962344 0.7178310002
0.0020962773 0.7180567328
0.0020962827 0.7182233995
0.0020963342 0.718383565
0.0020963684 0.7187520631
0.0020964037 0.7188758727
0.0020964037 0.7188758727
0.0020964037 0.7188758727
0.0020964783 0.7194253232
0.0020964783 0.7194253232
0.0020965103 0.7196620753
0.0020965124 0.7198620753
0.0020965187 0.720028742
0.0020965484 0.7200519978
0.0020965876 0.7200783136
0.0020966331 0.7202677076
0.0020967103 0.7204357233
0.0020967177 0.7204584505
0.0020967451 0.7204840916
0.0020968062 0.7205323474
0.0020968062 0.7205323474
0.0020968346 0.7205567376
0.0020969145 0.7206044649
0.0020969543 0.7206307807
0.0020970214 0.720899742
0.002097035 0.721320377
0.0020970779 0.7214345419
0.0020971124 0.721551092
0.0020971312 0.7215754822
0.0020971364 0.7217183394
0.0020971697 0.7220343963
0.0020972353 0.7221920442
0.0020973133 0.7223500729
0.0020973724 0.7225041998
0.0020973724 0.7225041998
0.0020974108 0.7226403109
0.0020974108 0.7226403109
0.0020974366 0.7226615875
0.0020974666 0.7227838097
0.0020974965 0.7228094507
0.0020975275 0.7228350917
0.0020976068 0.7229855968
0.0020976068 0.7229855968
0.0020976304 0.7230361018
0.0020976602 0.7230588291
0.0020976694 0.7231699402
0.0020976878 0.7231949402
0.002097739 0.7233010008
0.0020977584 0.7233242566
0.0020977676 0.7236909233
0.0020978217 0.7240061606
0.0020978268 0.7241728273
0.0020978594 0.7241984683
0.0020978991 0.7245069099
0.0020979946 0.7247135303
0.0020980139 0.7248913081
0.0020981285 0.7249868986
0.0020982085 0.7250334354
0.0020982541 0.7254172738
0.0020982662 0.725702988
0.0020982662 0.725702988
0.0020982945 0.7258952957
0.0020983106 0.7261064069
0.0020983106 0.7261064069
0.0020983237 0.7262897402
0.0020983237 0.7262897402
0.002098406 0.7264610168
0.0020984662 0.7265122988
0.0020985123 0.726805797
0.0020985653 0.7268538519
0.0020986173 0.7270238014
