0.007 0.7
0.001 0.1666666667
0.007 0.875
0.005 1.0
0.005 1.0
0.03 0.7142857143
0.004 1.0
0.001 0.2
0.005 0.8333333333
0.005 0.8333333333
0.005 1.0
0.008 0.8888888889
0.005 0.8333333333
0.006 1.0
0.005 0.8333333333
0.006 0.75
0.008 1.0
0.005 0.7142857143
0.036 0.9230769231
0.005 1.0
0.006 1.0
0.024 0.6666666667
0.006 1.0
0.003 0.5
0.005 0.625
0.006 0.75
0.016 0.347826087
0.004 0.6666666667
0.004 0.3636363636
0.007 0.875
0.005 0.8333333333
0.0 0.0
0.001 0.1666666667
0.039 0.9285714286
0.003 0.375
0.013 0.9285714286
0.006 0.8571428571
0.006 1.0
0.005 0.8333333333
0.009 0.8181818182
0.003 0.6
0.005 0.7142857143
0.003 0.6
0.005 0.625
0.006 0.6666666667
0.005 0.8333333333
0.003 0.5
0.006 0.8571428571
0.003 0.3
0.007 0.7
0.004 0.6666666667
0.007 0.5833333333
0.009 0.9
0.003 0.6
0.004 0.6666666667
0.007 0.6363636364
0.007 0.6363636364
0.009 0.9
0.003 0.75
0.004 0.4444444444
0.011 0.6470588235
0.003 0.3333333333
0.004 0.6666666667
0.008 0.8
0.006 0.75
0.034 0.7727272727
0.0 0.0
0.005 1.0
0.002 0.4
0.005 0.7142857143
0.008 1.0
0.035 0.7954545455
0.01 1.0
0.032 0.7619047619
0.036 0.9230769231
0.003 1.0
0.003 0.3
0.007 1.0
0.022 0.6111111111
0.028 0.6086956522
0.008 0.8
0.023 0.6388888889
0.009 0.2195121951
0.004 1.0
0.007 0.7
0.005 0.8333333333
0.003 0.3
0.001 0.1666666667
0.008 1.0
0.006 0.6666666667
0.009 1.0
0.032 0.7272727273
0.004 0.6666666667
0.007 1.0
0.01 1.0
0.005 1.0
0.005 0.8333333333
0.0 0.0
0.002 0.4
0.004 1.0
