0.008 0.8
0.001 0.1666666667
0.007 0.875
0.005 1.0
0.005 1.0
0.028 0.6666666667
0.004 1.0
0.001 0.2
0.006 1.0
0.005 0.8333333333
0.005 1.0
0.008 0.8888888889
0.006 1.0
0.006 1.0
0.005 0.8333333333
0.005 0.625
0.008 1.0
0.005 0.7142857143
0.02 0.5128205128
0.004 0.8
0.006 1.0
0.024 0.6666666667
0.006 1.0
0.003 0.5
0.008 1.0
0.007 0.875
0.015 0.3260869565
0.0 0.0
0.005 0.4545454545
0.007 0.875
0.005 0.8333333333
0.0 0.0
0.0 0.0
0.039 0.9285714286
0.003 0.375
0.013 0.9285714286
0.006 0.8571428571
0.006 1.0
0.005 0.8333333333
0.009 0.8181818182
0.003 0.6
0.005 0.7142857143
0.003 0.6
0.005 0.625
0.006 0.6666666667
0.005 0.8333333333
0.003 0.5
0.006 0.8571428571
0.003 0.3
0.007 0.7
0.004 0.6666666667
0.006 0.5
0.009 0.9
0.001 0.2
0.004 0.6666666667
0.007 0.6363636364
0.007 0.6363636364
0.009 0.9
0.002 0.5
0.004 0.4444444444
0.011 0.6470588235
0.005 0.5555555556
0.004 0.6666666667
0.008 0.8
0.004 0.5
0.035 0.7954545455
0.0 0.0
0.005 1.0
0.002 0.4
0.003 0.4285714286
0.004 0.5
0.037 0.8409090909
0.01 1.0
0.033 0.7857142857
0.037 0.9487179487
0.003 1.0
0.003 0.3
0.007 1.0
0.022 0.6111111111
0.022 0.4782608696
0.005 0.5
0.023 0.6388888889
0.009 0.2195121951
0.004 1.0
0.007 0.7
0.005 0.8333333333
0.009 0.9
0.001 0.1666666667
0.005 0.625
0.004 0.4444444444
0.009 1.0
0.025 0.5681818182
0.004 0.6666666667
0.007 1.0
0.01 1.0
0.005 1.0
0.003 0.5
0.0 0.0
0.005 1.0
0.004 1.0
0.005 0.7142857143
0.031 0.8157894737
0.005 0.5555555556
0.004 1.0
0.007 1.0
0.009 0.9
0.041 0.9761904762
0.007 1.0
0.002 0.4
0.004 1.0
0.007 0.7
0.003 0.5
0.003 0.5
0.003 0.3
0.008 1.0
0.005 0.7142857143
0.017 0.3777777778
0.008 1.0
0.007 0.7
0.008 0.8888888889
0.028 0.6086956522
0.003 0.6
0.036 0.8181818182
0.002 0.3333333333
0.001 0.2
0.008 0.8888888889
0.009 1.0
0.007 0.875
0.006 1.0
0.005 0.7142857143
0.04 0.9523809524
0.004 0.8
0.007 0.6363636364
0.022 0.5365853659
0.003 0.2727272727
0.012 1.0
0.006 0.5454545455
0.033 0.9166666667
0.007 0.7777777778
0.006 0.8571428571
0.004 1.0
0.004 0.8
0.01 0.8333333333
0.004 0.8
0.002 0.25
0.001 0.2
0.005 0.8333333333
0.01 1.0
0.03 0.75
0.005 0.5
0.002 0.25
0.011 1.0
0.01 1.0
0.004 0.4444444444
0.008 1.0
0.006 1.0
0.004 0.8
0.009 1.0
0.002 0.3333333333
0.007 0.7777777778
0.015 0.3846153846
0.008 1.0
0.004 0.6666666667
0.008 1.0
0.007 1.0
0.001 0.25
0.009 1.0
0.0 0.0
0.032 0.8
0.006 0.6666666667
0.004 0.8
0.002 0.2222222222
0.008 0.8
0.006 0.75
0.011 0.9166666667
0.003 0.6
0.005 0.8333333333
0.004 0.5
0.011 1.0
0.01 1.0
0.009 1.0
0.006 1.0
0.003 0.75
0.008 1.0
0.003 0.4285714286
0.005 0.4166666667
0.001 0.1666666667
0.003 0.4285714286
0.006 0.6666666667
0.002 0.2222222222
0.032 0.8
0.005 0.8333333333
0.009 0.8181818182
0.002 0.3333333333
0.007 0.6363636364
0.002 0.5
0.032 0.8421052632
0.029 0.7435897436
0.003 0.4285714286
0.025 0.5434782609
0.002 0.3333333333
0.009 1.0
0.005 0.7142857143
0.005 1.0
0.032 0.7441860465
0.033 0.7674418605
0.003 0.6
0.018 0.9
0.002 0.4
0.001 0.125
0.01 0.9090909091
0.004 0.6666666667
0.024 0.6666666667
0.001 0.2
0.009 1.0
0.041 0.9761904762
0.002 0.5
0.002 0.3333333333
0.032 0.8421052632
0.007 1.0
0.004 0.8
0.005 0.8333333333
0.004 0.6666666667
0.005 0.8333333333
0.007 0.875
0.007 0.7
0.007 0.7777777778
0.014 0.9333333333
0.006 0.75
0.007 0.875
0.007 1.0
0.009 0.75
0.005 1.0
0.004 0.6666666667
0.004 0.8
0.006 0.5
0.009 0.9
0.005 0.4545454545
0.008 0.8888888889
0.008 1.0
0.008 0.7272727273
0.004 0.4
0.007 0.7
0.004 0.3076923077
0.003 0.375
0.006 0.8571428571
0.005 0.7142857143
0.008 0.8
0.007 0.875
0.007 1.0
0.003 0.5
0.008 1.0
0.005 0.7142857143
0.007 0.7777777778
0.004 1.0
0.003 0.4285714286
0.001 0.1666666667
0.039 0.9069767442
0.003 0.75
0.012 0.3
0.024 0.5853658537
0.011 1.0
0.005 1.0
0.008 0.8888888889
0.011 1.0
0.002 0.3333333333
0.01 1.0
0.01 0.9090909091
0.005 0.8333333333
0.008 1.0
0.005 0.8333333333
0.008 1.0
0.033 0.7173913043
0.033 0.825
0.007 1.0
0.004 0.5714285714
0.008 1.0
0.006 1.0
0.006 1.0
0.009 1.0
0.008 1.0
0.005 0.5555555556
0.003 0.375
0.009 1.0
0.021 0.5384615385
0.004 0.8
0.004 0.8
0.008 0.8
0.005 0.7142857143
0.009 0.75
0.009 0.75
0.002 0.3333333333
0.038 1.0
0.005 0.8333333333
0.009 0.9
0.005 0.5555555556
0.021 0.4565217391
0.005 0.7142857143
0.002 0.5
0.003 0.5
0.002 0.4
0.006 0.75
0.006 1.0
0.032 0.8648648649
0.004 0.6666666667
0.006 1.0
0.01 1.0
0.038 0.8837209302
0.018 0.8571428571
0.004 1.0
0.02 0.4444444444
0.007 0.7777777778
0.006 0.6666666667
0.007 0.6363636364
0.002 0.2857142857
0.009 1.0
0.003 0.75
0.004 1.0
0.006 1.0
0.006 1.0
0.0 0.0
0.008 0.8888888889
0.005 1.0
0.001 0.5
0.02 0.4347826087
0.006 0.5454545455
0.006 0.6
0.005 0.5555555556
0.005 1.0
0.004 1.0
0.01 0.7142857143
0.004 0.6666666667
0.005 1.0
0.009 0.8181818182
0.007 0.5833333333
0.021 0.488372093
0.002 0.4
0.016 0.8888888889
0.006 0.6
0.009 0.75
0.006 0.4615384615
0.003 0.75
0.011 1.0
0.0 0.0
0.004 0.8
0.007 0.7777777778
0.002 0.3333333333
0.005 1.0
0.007 1.0
0.005 0.7142857143
0.006 0.8571428571
0.008 0.1739130435
0.008 0.8888888889
0.007 0.1627906977
0.008 1.0
0.023 0.575
0.031 0.8611111111
0.004 0.8
0.004 0.6666666667
0.006 1.0
0.004 0.3076923077
0.033 0.7021276596
0.0 0.0
0.004 0.3636363636
0.0 0.0
0.009 0.8181818182
0.006 0.8571428571
0.005 0.7142857143
0.035 0.7954545455
0.004 0.6666666667
0.004 0.8
0.006 1.0
0.008 1.0
0.039 0.9512195122
0.007 0.875
0.003 0.3
0.006 0.6666666667
0.006 0.75
0.011 0.6470588235
0.008 1.0
0.006 1.0
0.003 0.5
0.042 0.8571428571
0.003 0.75
0.014 1.0
0.008 1.0
0.004 0.6666666667
0.007 0.7777777778
0.042 0.9545454545
0.038 0.8636363636
0.004 0.8
0.005 0.8333333333
0.006 0.4615384615
0.006 0.8571428571
0.005 0.7142857143
0.004 0.8
0.005 0.8333333333
0.007 1.0
0.005 0.8333333333
0.005 0.8333333333
0.003 0.4285714286
0.007 0.7
0.023 0.5
0.01 1.0
0.01 0.9090909091
0.035 0.7608695652
0.005 0.7142857143
0.002 0.2857142857
0.002 0.4
0.004 1.0
0.004 0.6666666667
0.007 0.875
0.008 0.8
0.04 0.9756097561
0.005 1.0
0.007 0.875
0.004 1.0
0.006 1.0
0.0 0.0
0.002 1.0
0.032 0.8205128205
0.009 0.9
0.003 0.3333333333
0.003 0.5
0.006 1.0
0.005 0.7142857143
0.026 0.6666666667
0.002 0.3333333333
0.04 0.8888888889
0.003 0.6
0.005 1.0
0.014 0.7368421053
0.007 0.7
0.004 0.4
0.0 0.0
0.006 0.8571428571
0.004 0.5714285714
0.007 0.5833333333
0.029 0.6744186047
0.005 1.0
0.001 0.0909090909
0.009 1.0
0.037 0.8409090909
0.007 0.7777777778
0.004 0.5714285714
0.004 0.6666666667
0.01 0.8333333333
0.013 0.2888888889
0.016 1.0
0.005 0.7142857143
0.006 0.75
0.003 0.75
0.005 0.5
0.009 1.0
0.008 0.8
0.001 0.1666666667
0.006 0.8571428571
0.006 0.6
0.006 0.6
0.038 1.0
0.003 0.5
0.005 1.0
0.011 0.8461538462
0.007 0.875
0.01 0.7692307692
0.002 0.4
0.006 1.0
0.006 0.6
0.004 1.0
0.006 0.6
0.008 0.8888888889
0.007 0.7
0.003 0.375
0.004 0.8
0.003 0.6
0.034 0.85
0.008 0.8888888889
0.001 0.2
0.001 0.1111111111
0.004 0.8
0.003 0.5
0.006 1.0
0.003 0.5
0.008 0.8888888889
0.005 1.0
0.007 1.0
0.024 0.5581395349
0.003 0.5
0.005 1.0
0.008 1.0
0.008 0.8888888889
0.009 0.8181818182
0.006 1.0
0.002 0.2857142857
0.001 0.1666666667
0.01 0.2631578947
0.008 1.0
0.017 0.425
0.003 0.6
0.002 0.2857142857
0.0 0.0
0.039 1.0
0.007 1.0
0.035 0.8139534884
0.006 0.8571428571
0.039 0.829787234
0.039 0.9069767442
0.005 0.8333333333
0.01 1.0
0.008 0.6153846154
0.006 1.0
0.005 1.0
0.003 0.6
0.001 0.2
0.001 0.0625
0.001 0.1666666667
0.009 0.225
0.04 0.9090909091
0.009 1.0
0.01 1.0
0.006 0.8571428571
0.005 1.0
0.005 0.7142857143
0.005 0.8333333333
0.01 1.0
0.005 0.625
0.006 0.75
0.008 0.8
0.004 0.6666666667
0.005 0.3125
0.004 0.4444444444
0.006 1.0
0.003 0.375
0.006 1.0
0.001 0.2
0.003 0.6
0.004 1.0
0.012 1.0
0.004 0.8
0.031 0.775
0.005 0.5555555556
0.001 0.1111111111
0.007 0.875
0.005 0.8333333333
0.002 0.3333333333
0.003 0.4285714286
0.002 0.5
0.006 1.0
0.009 0.9
0.006 0.6
0.004 1.0
0.005 1.0
0.004 0.6666666667
0.007 0.7777777778
0.037 0.925
0.006 0.8571428571
0.002 0.3333333333
0.035 0.8974358974
0.003 0.5
0.002 0.6666666667
0.023 0.575
0.002 0.3333333333
0.001 0.1666666667
0.004 0.5714285714
0.007 0.875
0.004 0.4444444444
0.003 0.5
0.003 0.5
0.005 1.0
0.041 1.0
0.009 1.0
0.005 0.8333333333
0.007 0.875
0.003 0.5
0.005 0.5555555556
0.008 0.8888888889
0.005 0.5
0.003 0.6
0.038 0.9743589744
0.006 0.8571428571
0.003 0.75
0.029 0.8055555556
0.005 0.8333333333
0.036 0.9473684211
0.011 0.2444444444
0.004 0.8
0.002 0.1818181818
0.01 1.0
0.003 0.2727272727
0.007 0.875
0.026 0.6666666667
0.001 0.1666666667
0.004 0.5
0.004 0.5714285714
0.011 0.275
0.005 0.8333333333
0.007 0.875
0.006 1.0
0.007 0.7777777778
0.008 0.8
0.004 0.8
0.01 1.0
0.008 1.0
0.005 0.4545454545
0.002 0.4
0.007 1.0
0.002 0.3333333333
0.003 0.75
0.003 1.0
0.005 0.8333333333
0.006 0.8571428571
0.005 0.7142857143
0.028 0.6086956522
0.007 1.0
0.007 0.7777777778
0.0 0.0
0.021 0.5
0.007 0.875
0.009 0.6428571429
0.008 1.0
0.009 1.0
0.021 0.5833333333
0.004 0.8
0.005 0.4166666667
0.003 0.75
0.02 0.487804878
0.01 1.0
0.007 1.0
0.005 1.0
0.01 1.0
0.005 1.0
0.011 1.0
0.001 0.25
0.0 0.0
0.01 0.7692307692
0.005 0.625
0.005 0.5
0.005 1.0
0.005 0.5555555556
0.004 0.8
0.006 1.0
0.01 0.9090909091
0.005 0.8333333333
0.009 1.0
0.004 0.8
0.011 1.0
0.006 0.8571428571
0.003 0.4285714286
0.005 0.5555555556
0.004 0.3636363636
0.006 0.8571428571
0.0 0.0
0.003 0.75
0.042 0.9545454545
0.033 0.9166666667
0.008 1.0
0.011 1.0
0.004 1.0
0.027 0.6136363636
0.005 0.7142857143
0.005 1.0
0.031 0.6739130435
0.007 1.0
0.029 0.725
0.003 0.4285714286
0.005 0.4166666667
0.003 0.4285714286
0.003 0.6
0.004 0.6666666667
0.041 0.9318181818
0.009 0.75
0.003 0.4285714286
0.031 0.7380952381
0.011 0.9166666667
0.005 0.5
0.005 0.7142857143
0.01 1.0
0.003 0.3333333333
0.002 0.25
0.007 0.875
0.008 0.8888888889
0.002 0.25
0.009 0.9
0.006 0.6
0.001 0.1428571429
0.009 1.0
0.003 0.4285714286
0.036 0.9230769231
0.005 0.8333333333
0.01 1.0
0.004 0.5
0.003 0.6
0.005 0.8333333333
0.005 0.8333333333
0.002 0.2
0.003 0.3
0.023 0.4893617021
0.01 0.9090909091
0.033 0.7674418605
0.006 1.0
0.004 0.6666666667
0.035 0.8974358974
0.005 0.8333333333
0.005 0.8333333333
0.003 0.6
0.005 0.7142857143
0.006 1.0
0.009 1.0
0.004 0.8
0.003 0.3
0.0 0.0
0.005 0.8333333333
0.004 0.3636363636
0.005 0.7142857143
0.009 0.8181818182
0.007 1.0
0.012 1.0
0.009 0.8181818182
0.003 0.5
0.003 0.5
0.03 0.7317073171
0.035 0.8139534884
0.004 0.3636363636
0.007 0.1590909091
0.005 0.8333333333
0.005 0.8333333333
0.004 0.5
0.005 0.7142857143
0.003 0.6
0.003 0.3333333333
0.004 0.8
0.005 0.7142857143
0.011 0.7857142857
0.002 0.2857142857
0.006 1.0
0.017 1.0
0.004 0.6666666667
0.008 1.0
0.006 0.8571428571
0.006 1.0
0.007 1.0
0.004 0.5714285714
0.005 0.7142857143
0.003 0.5
0.003 0.4285714286
0.004 0.5
0.003 0.4285714286
0.008 0.8888888889
0.006 0.6
0.002 0.2857142857
0.04 0.9523809524
0.003 0.6
0.004 0.8
0.007 0.7777777778
0.004 0.3636363636
0.014 1.0
0.004 0.8
0.005 1.0
0.005 0.7142857143
0.002 0.4
0.014 1.0
0.004 0.5
0.004 0.6666666667
0.007 0.6363636364
0.006 1.0
0.015 0.8823529412
0.005 0.8333333333
0.003 0.75
0.035 0.875
0.011 1.0
0.008 0.8
0.015 0.4166666667
0.006 1.0
0.005 0.7142857143
0.008 0.7272727273
0.007 1.0
0.038 0.9743589744
0.018 1.0
0.006 0.8571428571
0.009 1.0
0.004 1.0
0.005 0.7142857143
0.01 0.9090909091
0.031 0.6458333333
0.006 0.8571428571
0.002 0.25
0.041 0.9534883721
0.008 0.8888888889
0.037 0.925
0.02 0.4761904762
0.008 0.6666666667
0.001 0.3333333333
0.005 0.8333333333
0.003 0.75
0.006 1.0
0.039 0.8863636364
0.003 0.5
0.035 0.7446808511
0.027 0.7105263158
0.005 1.0
0.009 0.9
0.007 0.7
0.006 0.8571428571
0.003 0.6
0.008 0.7272727273
0.008 0.7272727273
0.02 0.4651162791
0.006 1.0
0.004 0.6666666667
0.009 1.0
0.007 0.875
0.006 0.6666666667
0.009 1.0
0.008 1.0
0.004 0.5
0.008 1.0
0.003 0.6
0.001 0.1666666667
0.006 0.8571428571
0.008 0.8888888889
0.012 1.0
0.008 0.8
0.003 0.4285714286
0.006 0.75
0.002 0.25
0.005 0.8333333333
0.005 1.0
0.005 0.8333333333
0.009 1.0
0.004 0.8
0.0 0.0
0.007 1.0
0.016 0.3720930233
0.008 0.8
0.036 0.8780487805
0.007 0.7777777778
0.032 0.8648648649
0.006 0.8571428571
0.004 0.4
0.006 0.75
0.038 0.95
0.005 0.5
0.008 0.8
0.006 0.6
0.007 1.0
0.006 1.0
0.011 0.8461538462
0.01 1.0
0.006 0.6666666667
0.003 0.4285714286
0.002 0.3333333333
0.004 0.5714285714
0.011 0.9166666667
0.01 1.0
0.04 0.9090909091
0.003 1.0
0.005 1.0
0.007 1.0
0.024 0.6666666667
0.004 0.5714285714
0.005 0.8333333333
0.008 0.8888888889
0.008 1.0
0.005 0.8333333333
0.004 0.8
0.01 1.0
0.037 0.9736842105
0.005 0.5
0.004 0.5
0.003 0.375
0.003 0.6
0.005 1.0
0.038 0.9047619048
0.005 1.0
0.004 0.3636363636
0.004 0.5714285714
0.006 1.0
0.004 0.8
0.006 1.0
0.001 0.2
0.033 0.825
0.005 0.625
0.011 1.0
0.0 0.0
0.004 0.6666666667
0.006 0.75
0.008 0.8888888889
0.003 0.375
0.001 0.2
0.002 0.4
0.007 1.0
0.034 0.9444444444
0.006 0.8571428571
0.006 1.0
0.01 1.0
0.005 0.8333333333
0.004 0.3333333333
0.004 0.6666666667
0.005 0.625
0.02 0.487804878
0.007 0.7777777778
0.004 0.5
0.003 0.375
0.005 0.5555555556
0.005 1.0
0.002 0.5
0.006 1.0
0.003 0.6
0.007 1.0
0.016 0.9411764706
0.009 0.9
0.036 0.9230769231
0.01 0.7692307692
0.002 0.4
0.007 0.875
0.011 1.0
0.01 1.0
0.005 0.5
0.009 1.0
0.004 0.6666666667
0.004 0.5
0.009 0.9
0.038 1.0
0.0 0.0
0.003 0.375
0.044 1.0
0.008 0.8888888889
0.008 0.8888888889
0.015 0.3488372093
0.005 0.8333333333
0.029 0.6904761905
0.009 0.9
0.009 0.75
0.011 0.9166666667
0.029 0.6744186047
0.043 0.9772727273
0.008 0.6666666667
0.002 0.4
0.005 1.0
0.006 0.8571428571
0.006 1.0
0.002 0.1818181818
0.004 1.0
0.018 0.5
0.003 0.5
0.005 0.5
0.006 1.0
0.005 0.8333333333
0.007 0.875
0.001 0.2
0.003 0.6
0.0 0.0
0.008 0.8888888889
0.006 0.6666666667
0.008 0.4705882353
0.003 0.6
0.009 1.0
0.005 0.8333333333
0.006 1.0
0.007 0.875
0.006 0.6
0.004 0.8
0.004 0.6666666667
0.009 0.9
0.031 0.775
0.002 0.2857142857
0.033 0.825
0.004 1.0
0.004 0.5714285714
0.003 0.5
0.009 0.9
0.007 0.7
0.004 0.8
0.005 0.8333333333
0.005 1.0
0.007 0.875
0.005 0.7142857143
0.001 0.5
0.01 1.0
0.004 1.0
0.015 0.4054054054
0.0 0.0
0.005 0.8333333333
0.007 1.0
0.003 0.75
0.01 1.0
0.036 0.9473684211
0.04 0.8888888889
0.004 0.6666666667
0.004 0.5714285714
0.005 1.0
0.006 0.8571428571
0.006 0.1333333333
0.007 0.5833333333
0.007 1.0
0.001 0.2
0.007 0.7
0.005 0.4166666667
0.004 0.5714285714
0.004 0.4444444444
