0.0002565541 0.6
0.0 0.0
0.0 0.0
0.0 0.0
0.0 0.0
6.5287e-06 0.0714285714
0.0 0.0
0.0 0.0
0.0 0.0
0.0 0.0
0.0 0.0
2.8902e-06 0.1111111111
0.0 0.0
2.5445e-06 0.1666666667
0.0 0.0
0.0 0.0
0.0 0.0
7.874e-06 0.1428571429
0.0 0.0
0.0 0.0
0.0 0.0
0.0055891156 0.6388888889
0.0 0.0
1.29731e-05 0.5
0.0 0.0
1.7007e-06 0.125
2.17693e-05 0.1086956522
0.0 0.0
7.36223e-05 0.3636363636
0.0 0.0
0.0 0.0
0.0 0.0
0.0 0.0
0.0 0.0
0.0 0.0
2.4331e-06 0.0714285714
0.0010027548 0.2857142857
0.0 0.0
0.0 0.0
1.3441e-06 0.0909090909
0.0 0.0
0.0 0.0
0.0 0.0
0.0 0.0
0.0 0.0
0.0 0.0
0.0 0.0
0.0 0.0
0.0 0.0
0.0 0.0
0.0 0.0
1.0881e-06 0.0833333333
9.2593e-06 0.1
0.0 0.0
6.5785e-06 0.3333333333
0.0003333333 0.0909090909
0.0 0.0
0.0 0.0
0.0 0.0
0.0 0.0
0.0 0.0
0.0 0.0
0.0 0.0
0.0 0.0
0.0 0.0
1.00298e-05 0.0454545455
2.0877e-06 0.1666666667
0.0 0.0
0.0 0.0
0.0 0.0
0.0001111111 0.125
9.905e-06 0.0454545455
2.907e-06 0.1
0.0 0.0
7.00337e-05 0.0769230769
0.0 0.0
0.0001428571 0.1
5.988e-06 0.1428571429
1.9881e-06 0.0277777778
6.51846e-05 0.0434782609
2.2272e-06 0.1
0.0 0.0
0.0 0.0
0.0 0.0
0.0 0.0
0.0 0.0
7.3529e-06 0.1
0.0 0.0
0.0 0.0
0.0004102665 0.3333333333
0.0 0.0
0.0001906845 0.0681818182
0.001 0.1666666667
0.0 0.0
0.000125 0.1
0.0 0.0
0.0 0.0
1.4837e-06 0.125
0.0 0.0
0.0 0.0
0.0 0.0
4.5249e-06 0.0263157895
0.0 0.0
0.0 0.0
2.7248e-06 0.1428571429
0.0 0.0
2.81534e-05 0.0714285714
0.0 0.0
0.0 0.0
0.0 0.0
1.2579e-06 0.1
0.0 0.0
0.0 0.0
1.0267e-06 0.1
0.0 0.0
0.0 0.0
4.20266e-05 0.0444444444
0.0 0.0
0.0 0.0
0.0 0.0
4.6237e-05 0.1086956522
0.0001111111 0.2
0.0001906845 0.0681818182
0.0 0.0
1.2285e-06 0.2
0.0 0.0
0.0 0.0
0.0 0.0
0.0 0.0
0.0 0.0
4.065e-06 0.0238095238
0.0 0.0
0.00025 0.0909090909
5.3298e-06 0.0487804878
9.1462e-06 0.1818181818
0.0 0.0
4.4319e-06 0.1818181818
0.0 0.0
0.0 0.0
0.0013333333 0.2857142857
0.0 0.0
0.0 0.0
0.0 0.0
0.0 0.0
0.0 0.0
0.0 0.0
0.0 0.0
0.0002952381 0.2
6.0102e-06 0.05
0.0 0.0
0.0 0.0
1.1905e-06 0.0909090909
0.0 0.0
0.0 0.0
0.0 0.0
0.0 0.0
1.1338e-06 0.2
2.0534e-06 0.1111111111
0.0 0.0
0.0 0.0
0.0001201589 0.1025641026
0.0 0.0
1.7825e-06 0.1666666667
0.0 0.0
0.0 0.0
0.0 0.0
0.0 0.0
0.0 0.0
6.0102e-06 0.05
0.0 0.0
0.0 0.0
0.0 0.0
0.0 0.0
0.0 0.0
0.0 0.0
4.8875e-06 0.4
0.0 0.0
1.0941e-06 0.125
0.0003333333 0.0909090909
0.0 0.0
0.0 0.0
0.0 0.0
0.0 0.0
0.0 0.0
0.0 0.0
1.0661e-06 0.0833333333
1.355e-06 0.1666666667
0.0 0.0
0.0 0.0
0.0 0.0
7.8836e-06 0.075
0.0 0.0
0.0 0.0
0.0 0.0
0.0 0.0
0.0 0.0
0.0 0.0
8.2813e-06 0.0769230769
0.0 0.0
4.0096e-06 0.0434782609
0.0 0.0
0.0 0.0
0.0 0.0
0.0 0.0
0.0 0.0
1.9763e-06 0.023255814
0.0 0.0
0.0 0.0
1.4472e-06 0.2
1.1792e-06 0.125
0.0 0.0
0.0 0.0
0.0055891156 0.6388888889
2.0619e-06 0.2
0.0 0.0
0.000421739 0.119047619
0.0 0.0
0.0 0.0
1.0163e-06 0.0263157895
7.69231e-05 0.1428571429
3.9841e-06 0.2
0.0 0.0
0.0 0.0
0.0 0.0
0.0 0.0
0.0 0.0
0.0 0.0
0.0 0.0
0.0 0.0
0.0 0.0
0.0 0.0
1.4599e-06 0.0833333333
0.0 0.0
0.0 0.0
0.0 0.0
0.0 0.0
0.0 0.0
0.0001666667 0.0909090909
0.0 0.0
2.3641e-06 0.125
0.0 0.0
0.0 0.0
0.0 0.0
0.0 0.0
0.0 0.0
0.0 0.0
0.0009356345 0.5714285714
5.3445e-06 0.2
2.43902e-05 0.125
0.0 0.0
0.0 0.0
0.0 0.0
0.002 0.2857142857
0.0 0.0
3.413e-06 0.25
1.675e-06 0.1428571429
0.0 0.0
1.9763e-06 0.023255814
1.0593e-06 0.25
6.3595e-06 0.05
2.23185e-05 0.1219512195
0.0 0.0
1.9305e-06 0.2
0.0 0.0
3.69e-06 0.0909090909
1.1086e-06 0.1666666667
0.0 0.0
0.0001428571 0.0909090909
0.0 0.0
0.0 0.0
0.0 0.0
0.0 0.0
0.0027263403 0.152173913
3.7037e-05 0.025
0.0 0.0
0.0 0.0
0.0 0.0
0.0 0.0
4.5872e-06 0.1666666667
0.0 0.0
0.0 0.0
0.0 0.0
2.1598e-06 0.125
1.355e-06 0.1111111111
0.0 0.0
0.0 0.0
0.0 0.0
0.0 0.0
0.0 0.0
0.0001666667 0.0833333333
1.6313e-06 0.0833333333
0.0 0.0
1.23457e-05 0.0263157895
0.0 0.0
0.0 0.0
0.0 0.0
0.0 0.0
1.7889e-06 0.1428571429
0.0 0.0
0.0005 0.1666666667
0.0 0.0
0.0 0.0
0.0 0.0
1.19086e-05 0.0810810811
1.7857e-06 0.1666666667
3.096e-06 0.1666666667
0.0 0.0
0.0 0.0
0.0 0.0
0.0 0.0
9.6752e-06 0.0444444444
1.53846e-05 0.1111111111
0.0 0.0
0.0 0.0
0.0 0.0
0.0 0.0
0.0 0.0
0.0 0.0
0.0 0.0
0.0 0.0
0.0 0.0
0.0 0.0
0.0 0.0
0.0 0.0
0.0034278399 0.1304347826
0.0 0.0
1.6051e-06 0.1
5.55556e-05 0.1111111111
0.0 0.0
0.0 0.0
0.0 0.0
0.0 0.0
0.0 0.0
2.08333e-05 0.0909090909
0.0 0.0
6.4919e-06 0.0465116279
0.0 0.0
0.0 0.0
0.0 0.0
0.0 0.0
0.0 0.0
0.0 0.0
0.0001324786 0.1818181818
0.0 0.0
0.0 0.0
0.0 0.0
0.0 0.0
0.0 0.0
0.0 0.0
0.0 0.0
0.0 0.0
6.51846e-05 0.0434782609
0.0 0.0
0.0 0.0
0.0 0.0
0.0 0.0
0.0 0.0
0.0 0.0
0.0 0.0
0.0 0.0
2.5773e-06 0.0769230769
0.0 0.0
0.0 0.0
0.0 0.0
0.0 0.0
0.0 0.0
0.0 0.0
0.0 0.0
0.00025 0.0227272727
4.4338e-06 0.3333333333
0.0 0.0
0.0 0.0
0.0 0.0
0.0 0.0
0.0 0.0
0.0 0.0
0.0 0.0
0.0 0.0
1.0537e-06 0.0588235294
0.0 0.0
0.0 0.0
0.0 0.0
3.08148e-05 0.0816326531
0.0 0.0
0.0 0.0
0.0 0.0
0.0 0.0
0.0 0.0
6.6382e-06 0.0454545455
1.2392e-06 0.0227272727
0.0 0.0
0.0005224719 0.3333333333
0.0 0.0
0.0 0.0
0.0 0.0
0.0 0.0
0.0 0.0
0.0 0.0
0.0 0.0
0.0 0.0
1.2579e-06 0.1428571429
1.35135e-05 0.1
0.0 0.0
0.0 0.0
0.0 0.0
8.32138e-05 0.0434782609
1.007e-06 0.1428571429
0.0 0.0
0.0001428571 0.2
0.0 0.0
0.0 0.0
0.0 0.0
0.0 0.0
0.0 0.0
0.0 0.0
0.0 0.0
0.0 0.0
7.874e-06 0.1666666667
0.0 0.0
0.0 0.0
0.0 0.0
1.0846e-06 0.1
1.27461e-05 0.2222222222
1.35135e-05 0.1666666667
0.0 0.0
0.0 0.0
0.0001358292 0.1025641026
0.0 0.0
0.0010164119 0.1111111111
0.0 0.0
0.0 0.0
0.000388386 0.2631578947
0.0 0.0
0.0 0.0
7.9365e-06 0.1111111111
2.3095e-06 0.1428571429
0.0 0.0
1.0661e-06 0.0833333333
0.0001363964 0.0697674419
0.0 0.0
1.16279e-05 0.0909090909
0.0 0.0
0.0001906845 0.0681818182
0.0 0.0
1.2422e-06 0.1428571429
0.0 0.0
0.0 0.0
4.20266e-05 0.0444444444
0.0 0.0
0.0001 0.1428571429
0.0 0.0
0.0 0.0
0.0 0.0
0.0 0.0
0.0 0.0
0.0 0.0
0.0 0.0
0.0 0.0
7.6923e-06 0.1
1.23457e-05 0.0263157895
0.0 0.0
0.0 0.0
0.0 0.0
0.0 0.0
0.0 0.0
0.0 0.0
0.0 0.0
0.0 0.0
1.0593e-06 0.25
9.0909e-06 0.1
1.7637e-06 0.1111111111
1.3889e-06 0.1
5.291e-06 0.125
1.81818e-05 0.2
0.0 0.0
0.0004275624 0.225
0.0 0.0
0.0 0.0
2.3753e-06 0.1111111111
0.0 0.0
0.0 0.0
0.0 0.0
5.3476e-06 0.1666666667
0.0 0.0
0.0 0.0
0.0 0.0
1.49254e-05 0.023255814
0.0 0.0
0.0 0.0
0.0 0.0
0.0 0.0
0.0 0.0
0.0004242424 0.3333333333
4.23923e-05 0.2857142857
0.0 0.0
4.5249e-06 0.0263157895
8.4746e-06 0.125
8.2157e-06 0.075
4.8595e-06 0.4
0.0 0.0
0.0 0.0
8.0596e-06 0.0769230769
1.8116e-06 0.1428571429
0.0001479885 0.0465116279
1.2821e-06 0.1428571429
5.88235e-05 0.0212765957
1.25e-05 0.023255814
0.0 0.0
5.4863e-06 0.2
4.2735e-06 0.0769230769
0.0 0.0
0.0 0.0
0.0 0.0
0.0 0.0
2.68677e-05 0.1875
0.0 0.0
0.0005248621 0.225
0.003 0.0681818182
0.0 0.0
1.0173e-06 0.1
7.3529e-06 0.1428571429
0.0 0.0
0.0 0.0
0.0 0.0
3.5098e-06 0.2
2.2026e-06 0.125
0.0 0.0
0.0 0.0
0.0 0.0
0.0 0.0
0.0 0.0
0.0 0.0
0.0 0.0
0.0 0.0
2.4876e-06 0.2
0.0 0.0
0.0 0.0
0.0 0.0
0.0 0.0
8.123e-06 0.075
0.0 0.0
0.0 0.0
7.5725e-06 0.25
0.0 0.0
0.0 0.0
0.0 0.0
6.25e-06 0.25
0.0 0.0
0.0 0.0
0.0 0.0
0.0 0.0
0.0 0.0
0.0 0.0
1.287e-06 0.1111111111
1.5221e-06 0.025
0.0 0.0
0.0 0.0
8.0694e-06 0.0769230769
0.0 0.0
0.0 0.0
8.2428e-06 0.075
0.0 0.0
0.0 0.0
3.3817e-06 0.2857142857
0.0 0.0
0.0 0.0
0.0 0.0
1.8657e-06 0.1666666667
0.0 0.0
0.0 0.0
0.0 0.0
0.0 0.0
0.0 0.0
0.0 0.0
0.0 0.0
0.0005 0.1111111111
0.0 0.0
0.0 0.0
0.0 0.0
3.33333e-05 0.1428571429
0.0005 0.25
0.0 0.0
9.2775e-06 0.3333333333
1.0163e-06 0.0263157895
1.15863e-05 0.0888888889
0.0 0.0
0.0 0.0
0.0 0.0
0.0001428571 0.0909090909
0.0 0.0
0.0 0.0
0.0 0.0
0.0 0.0
0.0002 0.1428571429
2.09975e-05 0.075
1.5699e-06 0.1666666667
0.0 0.0
0.0 0.0
0.0 0.0
0.0 0.0
0.0 0.0
4.2373e-06 0.1
0.0 0.0
0.0001428571 0.0909090909
0.0 0.0
1.5873e-05 0.1428571429
0.0 0.0
7.6923e-06 0.25
0.0 0.0
0.0 0.0
0.0 0.0
0.0 0.0
3.3405e-06 0.0434782609
4.2735e-06 0.1428571429
0.0 0.0
1.9841e-06 0.2
3.5631e-06 0.0476190476
1.4641e-06 0.125
3.52444e-05 0.1428571429
0.0 0.0
0.001 0.1111111111
7.0423e-06 0.0277777778
4.0486e-06 0.2
0.0 0.0
0.0 0.0
8.4275e-06 0.0731707317
0.0 0.0
0.0 0.0
0.0 0.0
0.0 0.0
3.76984e-05 0.4
0.0 0.0
0.0 0.0
1.1696e-06 0.1428571429
2.7473e-06 0.0769230769
0.0 0.0
0.0 0.0
0.0 0.0
0.0 0.0
0.0 0.0
3.9829e-06 0.3333333333
0.0 0.0
0.0 0.0
0.0 0.0
0.0 0.0
0.0 0.0
0.0 0.0
1.1186e-06 0.1428571429
7.94388e-05 0.2222222222
0.0 0.0
0.0 0.0
0.0 0.0
0.0 0.0
6.6382e-06 0.0454545455
0.0 0.0
0.0 0.0
1.7241e-06 0.0909090909
0.0 0.0
2.79141e-05 0.0909090909
0.0 0.0
0.0 0.0
4.9241e-06 0.0434782609
1.96199e-05 0.2857142857
0.0005289899 0.1
3.1546e-06 0.1428571429
7.0433e-06 0.25
1.8116e-06 0.1428571429
0.0 0.0
0.0 0.0
6.6382e-06 0.0454545455
3.1153e-06 0.0833333333
0.0 0.0
0.0 0.0
0.0 0.0
0.0 0.0
0.0 0.0
0.0 0.0
0.0 0.0
0.0 0.0
0.0006176471 0.25
6.3823e-06 0.2222222222
0.0 0.0
1.8553e-06 0.1
2.907e-06 0.1
0.0 0.0
0.0005 0.1111111111
0.0 0.0
8.7762e-06 0.0512820513
0.0 0.0
1.1429e-06 0.1
0.0 0.0
0.0 0.0
0.0 0.0
0.0 0.0
0.0 0.0
1.996e-06 0.1
5.56122e-05 0.0425531915
0.0 0.0
0.0 0.0
0.0 0.0
0.0 0.0
0.0 0.0
0.0 0.0
0.0 0.0
1.1494e-06 0.2
0.0 0.0
1.2594e-06 0.1666666667
0.0 0.0
0.0 0.0
0.0 0.0
0.0 0.0
0.0 0.0
0.0 0.0
0.0 0.0
0.0 0.0
0.0 0.0
0.001 0.0833333333
0.001 0.0909090909
0.0 0.0
3.8462e-06 0.1666666667
0.0003333333 0.0243902439
0.0 0.0
0.0 0.0
3.8569e-06 0.0454545455
0.0 0.0
0.0 0.0
0.0 0.0
0.0 0.0
1.4286e-06 0.2
0.0 0.0
0.0 0.0
0.0 0.0
3.2362e-06 0.0714285714
7.874e-06 0.1428571429
0.0 0.0
1.7271e-06 0.0588235294
0.0 0.0
0.0 0.0
0.0 0.0
0.0 0.0
3.5435e-06 0.2857142857
0.0 0.0
1.81818e-05 0.1428571429
0.0 0.0
0.0 0.0
0.0 0.0
0.0 0.0
0.0 0.0
0.0 0.0
0.0 0.0
1.2392e-06 0.0238095238
1.36986e-05 0.2
0.0 0.0
1.6051e-06 0.1111111111
0.0 0.0
3.52444e-05 0.1428571429
0.0 0.0
0.0 0.0
0.0 0.0
0.0 0.0
0.0 0.0
1.0493e-06 0.125
0.0 0.0
0.0 0.0
2.8986e-06 0.1666666667
0.00025 0.0588235294
0.0 0.0
0.0 0.0
0.0 0.0
0.0 0.0
0.0 0.0
1.9802e-06 0.0277777778
0.0 0.0
1.8657e-06 0.1428571429
0.0 0.0
0.001 0.1428571429
1.30166e-05 0.0512820513
0.0 0.0
0.0 0.0
0.0 0.0
0.0 0.0
0.0 0.0
0.0 0.0
9.4156e-06 0.0416666667
0.0 0.0
0.0 0.0
0.0001479885 0.0465116279
0.0 0.0
0.0004275624 0.225
0.0 0.0
1.33333e-05 0.0833333333
0.0 0.0
0.0 0.0
1.6077e-06 0.25
0.0 0.0
0.00025 0.0227272727
0.0 0.0
0.0 0.0
0.00025 0.0263157895
7.4074e-06 0.2
0.0 0.0
0.0 0.0
0.000181717 0.5714285714
0.0 0.0
0.0 0.0
5.0761e-06 0.0909090909
0.0 0.0
0.0 0.0
0.0 0.0
0.0 0.0
0.0 0.0
0.0 0.0
0.0 0.0
0.0 0.0
1.269e-06 0.125
0.0 0.0
0.0001111111 0.2
0.0 0.0
0.0 0.0
6.2028e-06 0.2222222222
2.381e-06 0.0833333333
0.0 0.0
0.0 0.0
0.0 0.0
0.0 0.0
0.0001666667 0.1666666667
0.0 0.0
0.0 0.0
0.0 0.0
0.0 0.0
0.0 0.0
1.007e-06 0.1428571429
0.0001363964 0.0697674419
0.0 0.0
0.0 0.0
0.0 0.0
1.3351e-06 0.027027027
0.0 0.0
0.0 0.0
0.0 0.0
5.00312e-05 0.05
0.0 0.0
0.0 0.0
1.5291e-06 0.1
0.0 0.0
0.0 0.0
0.0 0.0
2.94118e-05 0.1
0.0 0.0
2.7778e-06 0.1428571429
1.53595e-05 0.3333333333
0.0 0.0
0.0 0.0
0.0 0.0
0.0 0.0
0.0 0.0
0.0 0.0
0.0 0.0
0.0 0.0
0.0 0.0
0.0 0.0
0.0 0.0
0.0 0.0
0.0 0.0
0.0 0.0
0.0 0.0
1.02506e-05 0.0789473684
9.2593e-06 0.1
2e-05 0.125
1.5038e-06 0.125
0.0 0.0
0.0 0.0
4.065e-06 0.0238095238
0.0 0.0
1.5873e-05 0.0909090909
0.0 0.0
0.0 0.0
0.0 0.0
0.0 0.0
4.5045e-06 0.2
0.0 0.0
4.6083e-06 0.125
0.0 0.0
0.0 0.0
0.0 0.0
0.0 0.0
2.3753e-06 0.1111111111
0.0 0.0
0.0 0.0
0.0 0.0
0.0 0.0
0.0 0.0
0.0 0.0
0.0 0.0
0.0 0.0
2.04082e-05 0.1666666667
0.0 0.0
0.0 0.0
1.5432e-06 0.125
5.2766e-06 0.0487804878
0.0 0.0
0.0 0.0
3.5211e-06 0.125
0.0 0.0
0.0 0.0
0.0 0.0
0.0 0.0
1.5106e-06 0.2
0.0 0.0
0.0 0.0
0.0 0.0
0.0 0.0
0.0 0.0
0.0 0.0
0.0 0.0
0.0 0.0
1.287e-06 0.1
6.6364e-06 0.2
0.0 0.0
0.0001165501 0.3333333333
1.25e-06 0.125
0.0 0.0
0.0060246479 0.1842105263
3.1348e-06 0.1666666667
0.0 0.0
2.7397e-06 0.0227272727
8.60315e-05 0.2222222222
0.0 0.0
6.4919e-06 0.0465116279
0.0 0.0
0.0 0.0
0.0 0.0
1.634e-06 0.0833333333
0.0 0.0
6.4919e-06 0.0465116279
9.905e-06 0.0454545455
0.0 0.0
0.0 0.0
0.0 0.0
0.0 0.0
0.0 0.0
3.9683e-06 0.0909090909
1.38889e-05 0.25
0.0 0.0
0.0001666667 0.1666666667
0.0 0.0
0.0 0.0
0.0 0.0
0.0 0.0
0.0 0.0
0.0 0.0
5.3191e-06 0.25
0.0 0.0
0.0 0.0
0.0 0.0
0.0 0.0
1.355e-06 0.1111111111
0.0 0.0
0.0 0.0
0.0 0.0
0.0 0.0
0.0 0.0
0.0 0.0
0.0 0.0
6.0102e-06 0.05
0.0 0.0
0.0 0.0
0.0 0.0
0.0 0.0
0.0 0.0
0.0 0.0
0.0 0.0
0.0 0.0
0.0 0.0
1.2804e-06 0.2
2e-05 0.125
0.0 0.0
0.0 0.0
0.0 0.0
0.0 0.0
1.19086e-05 0.0810810811
0.0 0.0
7.874e-06 0.1666666667
0.0 0.0
0.0 0.0
0.0 0.0
1.0163e-05 0.0789473684
3.8524e-06 0.0444444444
0.0 0.0
1.1587e-06 0.1428571429
0.0 0.0
6.2391e-06 0.2857142857
6.6448e-06 0.0666666667
0.0 0.0
0.0 0.0
1.2788e-06 0.2
0.0 0.0
6.4103e-06 0.0833333333
0.0 0.0
0.0 0.0
