0.000238 0.0263452506
0.0003885 0.0472229252
0.0005078333 0.0650599171
0.0006025833 0.0804840781
0.0006807833 0.0947564237
0.0007532833 0.1070145165
0.0008167119 0.1184475727
0.0008733369 0.1297213687
0.0009232258 0.1385919677
0.0009731258 0.1468966878
0.0010112167 0.153878784
0.00105155 0.1631488941
0.0010862423 0.1701115323
0.0011223138 0.1766392013
0.0011533138 0.1835274875
0.0011848138 0.1888958153
0.0012125197 0.1951785199
0.0012405752 0.2016787408
0.0012712068 0.2067988451
0.0012952568 0.2120654807
0.0013190663 0.217646083
0.00134293 0.2216393043
0.0013666256 0.2262292465
0.0013874589 0.2311603521
0.0014090189 0.2353019836
0.0014275189 0.2396970297
0.0014446671 0.2436534519
0.0014592385 0.2468705492
0.0014721006 0.2504525434
0.0014866672 0.2532511982
0.0014966672 0.2565489513
0.0015065735 0.2590124755
0.001518422 0.2621813284
0.0015328337 0.2653674421
0.0015408337 0.2679256872
0.0015526671 0.2710850341
0.0015611265 0.2738467239
0.0015737318 0.2774407707
0.0015825267 0.2802683629
0.0015908017 0.28359495
0.0015985578 0.2860746406
0.0016069625 0.2891876325
0.0016121718 0.292995207
0.0016217173 0.2957783552
0.0016311173 0.2988647684
0.0016366608 0.3015353259
0.0016428948 0.3038850244
0.0016507906 0.306669605
0.0016590151 0.309332178
0.0016641351 0.3115349205
0.001667841 0.3130897198
0.0016740526 0.3161152292
0.0016811846 0.318727193
0.0016858143 0.3207184494
0.0016921234 0.3230061625
0.0016971055 0.3253762116
0.001700895 0.3271202235
0.0017056019 0.330098692
0.0017096697 0.3314994718
0.001716603 0.3346880798
0.0017209964 0.336684954
0.0017243835 0.3389272244
0.0017296692 0.3407009216
0.0017345442 0.3430417028
0.0017391135 0.3444652643
0.0017431741 0.3468801884
0.0017478607 0.3487029065
0.0017523165 0.3508385398
0.0017566064 0.3536344712
0.0017596921 0.3545809071
0.0017634808 0.3570025357
0.0017673142 0.3590363105
0.0017715196 0.3607641456
0.0017764791 0.3626614329
0.0017789591 0.3647512984
0.0017807881 0.3661105605
0.001783892 0.3680809482
0.0017879304 0.3703446908
0.0017922722 0.372329529
0.0017952597 0.3740066688
0.0017984078 0.3755073598
0.0018008225 0.3764804295
0.0018045695 0.3779057005
0.0018067242 0.3796526649
0.0018089595 0.3812714739
0.0018110293 0.3830974248
0.0018133626 0.383738771
0.0018164876 0.3860140848
0.0018176449 0.3876701921
0.0018206449 0.3901261417
0.0018226119 0.3914780145
0.0018253402 0.3934525624
0.0018275768 0.3944168002
0.0018298002 0.3956734728
0.0018336633 0.3973329856
0.0018366842 0.4000555614
0.001839179 0.40096646
0.001841128 0.401853875
0.0018428351 0.4030604252
0.0018443651 0.4040546395
0.0018468007 0.4066402679
0.0018495556 0.4079074387
0.0018517401 0.4097064302
0.0018537978 0.4109175521
0.0018557216 0.4128520415
0.0018580235 0.4141247556
0.0018601076 0.4151796019
0.0018622557 0.4165986522
0.0018633016 0.4173877804
0.0018654925 0.418162046
0.0018676096 0.4191827939
0.0018686007 0.4198271453
0.0018703352 0.4215596676
0.0018718352 0.4227775341
0.0018733048 0.4237592902
0.0018754772 0.4248741178
0.0018764857 0.4257677602
0.0018775535 0.4268475864
0.0018796964 0.4276182437
0.0018821547 0.4288938834
0.0018844192 0.4296062816
0.0018858618 0.4306148109
0.001888252 0.4318398629
0.0018887762 0.4325361707
0.0018906002 0.4337041465
0.0018929733 0.4353132203
0.0018942016 0.4363799732
0.0018955922 0.4377876791
0.0018970186 0.439009699
0.0018989647 0.4402347937
0.0019007357 0.4415187301
0.0019028418 0.4420698924
0.0019041801 0.4436322783
0.0019060458 0.4442612139
0.0019081643 0.4463310821
0.0019098261 0.4474217137
0.0019113589 0.4481566092
0.0019123082 0.4496565688
0.0019134089 0.4505328377
0.0019150589 0.4518163407
0.0019157752 0.4530197815
0.0019167189 0.4535843371
0.0019180965 0.4549240356
0.0019193535 0.4559006265
0.001920119 0.4564389382
0.0019208176 0.4570303074
0.0019220353 0.4577129538
0.0019228056 0.4581662596
0.0019241814 0.4591647095
0.0019247681 0.4599940448
0.0019259601 0.4608572513
0.0019264075 0.4616486655
0.0019275121 0.4626266263
0.0019277329 0.4633094059
0.0019282877 0.4639311451
0.0019297108 0.4646189569
0.0019311439 0.4654810955
0.0019318338 0.4661124266
0.0019326136 0.4666532407
0.0019338199 0.4673143074
0.0019351864 0.4679548426
0.001935853 0.46853699
0.0019362947 0.4696100547
0.0019376057 0.4700285521
0.0019383451 0.4706317757
0.001939062 0.4713374469
0.0019399302 0.4719575856
0.0019406624 0.4728599846
0.0019414671 0.4739887559
0.0019420495 0.4747043194
0.0019424881 0.4751506681
0.001943145 0.4761401465
0.0019436248 0.4769186735
0.001944257 0.4779975683
0.0019450684 0.479004052
0.0019458241 0.479902178
0.0019466772 0.4811302648
0.001947284 0.4817808578
0.0019482002 0.4826452248
0.0019488557 0.4842809266
0.0019494082 0.4845699734
0.0019500236 0.4856298438
0.0019506247 0.4866679838
0.0019509834 0.487065711
0.0019523131 0.488450713
0.0019528937 0.489569635
0.0019534071 0.4904800178
0.001953939 0.4910424999
0.0019548597 0.492081001
0.0019557176 0.4925876482
0.0019562621 0.4930512034
0.0019569339 0.4937607912
0.0019577215 0.4954244997
0.0019585823 0.4966090411
0.0019590182 0.4973578208
0.0019600999 0.497827733
0.0019607953 0.4988195837
0.0019615377 0.4992977678
0.0019621106 0.500078222
0.0019626656 0.5007198713
0.0019636059 0.5012978836
0.0019642148 0.5024870528
0.0019650916 0.503763074
0.0019653857 0.5043144224
0.0019663272 0.5049063136
0.0019670068 0.5062719519
0.001967403 0.5072931666
0.0019690087 0.5080199174
0.0019694968 0.5093157532
0.0019699825 0.5096123529
0.0019703521 0.5104174427
0.0019707154 0.5109536418
0.0019714055 0.5112192063
0.0019720644 0.5115268271
0.0019723062 0.5115992073
0.0019726257 0.5118682549
0.0019731234 0.5120793027
0.0019737289 0.5125424795
0.0019743271 0.5134848091
0.0019747271 0.5139889528
0.0019750438 0.5145704859
0.0019761564 0.5150111257
0.0019767035 0.5155993512
0.0019773999 0.5162952279
0.0019778888 0.5167539498
0.001978318 0.5173269511
0.0019786264 0.5184924273
0.0019791966 0.5191923343
0.0019794455 0.5197255203
0.0019797411 0.5202699216
0.0019807325 0.520950873
0.0019807713 0.5212365873
0.0019811446 0.5219729964
0.0019812643 0.5222305722
0.0019813792 0.5224961566
0.0019818326 0.5226557741
0.00198236 0.5230159336
0.0019826583 0.5233065074
0.0019829763 0.52424445
0.0019832263 0.5243174712
0.0019836247 0.5244066384
0.0019839966 0.5254165895
0.001984585 0.526234534
0.0019852244 0.5269335906
0.0019854366 0.5274847606
0.0019857334 0.5278402114
0.0019861099 0.5285337437
0.0019863639 0.529136385
0.0019866973 0.5292695988
0.0019870413 0.5302435165
0.0019872843 0.5303894996
0.0019879073 0.5308741668
0.0019880694 0.5313959059
0.0019881639 0.5322998742
0.0019885129 0.5326489499
0.001988798 0.5331124104
0.0019890081 0.5335551149
0.0019893182 0.5340407848
0.0019896232 0.5346458991
0.001989754 0.5348697086
0.0019899111 0.5352389762
0.0019902432 0.5358219758
0.0019907603 0.5366172071
0.001991086 0.537153468
0.0019911917 0.5378491029
0.0019914699 0.5382677669
0.001991777 0.5390057095
0.0019920606 0.5393244572
0.0019924249 0.5399262407
0.0019927508 0.5400770997
0.0019931161 0.5406503117
0.0019933 0.5411849229
0.0019938421 0.5415686044
0.0019942107 0.5419893528
0.0019945671 0.5424166475
0.0019950779 0.5429793284
0.001995374 0.54391599
0.0019955538 0.5445249644
0.001995966 0.5448264664
0.0019962624 0.5451043322
0.0019967962 0.5455664611
0.0019968991 0.5457114561
0.0019971994 0.54664336
0.0019973368 0.5469461378
0.0019974315 0.5474882374
0.0019977741 0.5479245249
0.0019980982 0.5483660566
0.0019985843 0.5492327871
0.0019986985 0.5492555144
0.0019988778 0.5500293239
0.0019991355 0.5504008607
0.00199943 0.5508171905
0.0019996826 0.5512079115
0.0020000534 0.551894443
0.0020005076 0.5527805359
0.0020005988 0.5530404565
0.0020007032 0.5536298504
0.0020008072 0.5538804915
0.0020011015 0.5545065957
0.0020014715 0.5552864406
0.0020015347 0.5553102502
0.0020017135 0.5558435333
0.0020017993 0.5562814766
0.0020020756 0.5568360475
0.0020022067 0.5577721947
0.0020023276 0.5580169749
0.0020025752 0.5583427739
0.0020027635 0.5585577837
0.0020030904 0.5588248388
0.0020033291 0.5591834701
0.002003522 0.5597640983
0.0020039579 0.5603065241
0.002004124 0.5606188477
0.0020042769 0.5611119248
0.0020045912 0.5613986177
0.0020052209 0.5618362124
0.0020053282 0.5621164903
0.002005476 0.5621659408
0.0020057236 0.5624030621
0.0020059236 0.5627588625
0.0020061417 0.5632736532
0.0020063902 0.5635640659
0.0020064738 0.5636762516
0.0020067824 0.5639672548
0.0020068932 0.5641362161
0.0020069852 0.5643278828
0.0020072023 0.5647593136
0.0020074127 0.5650315671
0.0020074947 0.565076562
0.0020077463 0.5655366406
0.002007858 0.5659740675
0.0020081864 0.5663900195
0.0020085527 0.5666019296
0.0020086366 0.5669236687
0.0020088097 0.5673584839
0.0020090835 0.5676580321
0.002009315 0.5681903747
0.0020094866 0.568397404
0.0020098199 0.5694642705
0.0020099993 0.5699573789
0.0020103864 0.5701994914
0.0020104507 0.5703167163
0.0020104624 0.5703394435
0.0020105874 0.5708157926
0.0020108019 0.5712800179
0.0020110736 0.571625745
0.0020113704 0.5718795493
0.002011448 0.5719252162
0.0020115941 0.5722598986
0.0020118427 0.5723266297
0.0020118826 0.5727932964
0.0020120559 0.572953858
0.0020123448 0.5733286368
0.0020127318 0.5740695936
0.0020130896 0.5744890913
0.0020136008 0.5750737392
0.0020142394 0.5757742556
0.0020143344 0.5763642487
0.0020144598 0.5764944997
0.0020145292 0.576853474
0.0020148034 0.5769684671
0.0020148173 0.5773684671
0.0020151286 0.5777188563
0.0020153786 0.5782236182
0.0020154662 0.5788231351
0.0020155919 0.5790398018
0.0020159134 0.579574011
0.0020161064 0.5800041697
0.0020163638 0.5807693413
0.0020166773 0.5812764765
0.0020168256 0.5821160727
0.0020169681 0.5822103043
0.0020172951 0.5829625326
0.0020174663 0.5837515829
0.0020178316 0.5844735011
0.0020181986 0.5853055258
0.0020182145 0.5855971924
0.0020183838 0.5859522664
0.0020185791 0.5863777715
0.0020188265 0.5873842554
0.0020189787 0.5880595003
0.0020194394 0.5891697988
0.0020194681 0.5893947988
0.0020195801 0.5897670426
0.0020197464 0.5899158521
0.0020198163 0.5903385073
0.0020202013 0.5906932524
0.0020204462 0.5910790901
0.0020206261 0.5914146421
0.0020208774 0.5915867074
0.0020210436 0.5917751132
0.0020212707 0.5918513952
0.0020213648 0.5920988623
0.0020216136 0.5924858103
0.0020218465 0.5928049832
0.0020220106 0.5932153367
0.0020221416 0.5932863685
0.0020224959 0.5935944503
0.0020227014 0.5940765932
0.0020227639 0.5944344434
0.0020228113 0.5945844434
0.00202306 0.5950367446
0.0020230675 0.5952867446
0.0020232803 0.595968396
0.0020233766 0.5962467545
0.0020235195 0.5965498083
0.002023689 0.5966858035
0.002023863 0.5970954874
0.0020240097 0.5974301698
0.0020242683 0.5977431131
0.0020243924 0.5978660679
0.002024589 0.5980406058
0.0020247197 0.5980940246
0.0020249999 0.598522444
0.0020251324 0.5989574439
0.0020255459 0.5997100655
0.0020256994 0.5998667253
0.0020259697 0.600512645
0.0020260127 0.6008562347
0.0020261603 0.6012148129
0.0020261959 0.6015485791
0.0020263476 0.6020210774
0.0020264209 0.6020691323
0.0020265789 0.6023118325
0.0020266801 0.6027688956
0.0020267974 0.6030843284
0.0020268981 0.6033978205
0.0020270079 0.6040687049
0.0020270522 0.6044042063
0.0020272592 0.6047371153
0.0020274587 0.6051902899
0.0020275166 0.6053291788
0.0020276991 0.6057486452
0.0020280263 0.6059523519
0.0020281389 0.6061223468
0.0020282536 0.6061971899
0.002028416 0.606728936
0.0020285416 0.6068817137
0.0020285803 0.606903936
0.0020286917 0.6073428249
0.0020289797 0.6076123669
0.0020290295 0.6080218907
0.002029201 0.6084606498
0.0020293294 0.6087518105
0.0020295249 0.6093759896
0.0020296101 0.6095009896
0.002029751 0.6096739997
0.0020299854 0.6100817949
0.0020300945 0.6102556917
0.002030139 0.6106478486
0.0020303009 0.6106933972
0.0020304712 0.6110046337
0.002030586 0.6114030464
0.0020306565 0.6114308241
0.0020307378 0.6116558241
0.002031036 0.6122261013
0.002031233 0.6126411111
0.0020313138 0.612910284
0.0020314249 0.6134504355
0.0020314423 0.6135504355
0.0020315074 0.6138908827
0.0020316069 0.6143933889
0.0020316091 0.6145933889
0.0020317125 0.614870836
0.0020319405 0.6153988411
0.0020320671 0.6155834909
0.0020322684 0.6159117737
0.0020324094 0.6163471492
0.002032467 0.616470405
0.0020325074 0.6164981828
0.002032622 0.6171613141
0.002032692 0.6172684569
0.0020328378 0.6178935402
0.0020328632 0.6181602069
0.0020329979 0.6186016061
0.0020330819 0.6187354445
0.0020332622 0.6192204525
0.0020334589 0.6192902451
0.0020336593 0.6195931005
0.0020336718 0.6200609576
0.0020337321 0.6201842134
0.0020338379 0.6202376322
0.0020340491 0.6208335341
0.002034078 0.6210696452
0.0020341399 0.621192901
0.0020342613 0.621241439
0.0020343906 0.6212866626
0.0020344091 0.6215227737
0.0020345113 0.6221328026
0.0020346705 0.6228002699
0.002034809 0.6232420239
0.0020349635 0.6235168169
0.0020350405 0.6237395441
0.0020350628 0.6239395441
0.0020350951 0.6243173219
0.0020351738 0.624678433
0.0020352985 0.6249866137
0.0020354511 0.6254106419
0.0020355593 0.6256946163
0.0020356873 0.6260762054
0.0020356993 0.6261873166
0.0020357352 0.6262136323
0.0020357928 0.6263821305
0.0020359396 0.6267133934
0.0020361396 0.6272067112
0.0020362543 0.6273465172
0.0020363766 0.6276117218
0.0020365025 0.6282891351
0.0020365654 0.6283118624
0.0020365654 0.6283118624
0.0020367259 0.6286020333
0.0020367571 0.6287964778
0.002036802 0.629134573
0.0020370276 0.6293074792
0.0020372063 0.6298330567
0.0020373826 0.6303723694
0.002037491 0.6305182028
0.0020377632 0.6307362799
0.0020377728 0.630847391
0.0020379363 0.6310516691
0.0020381128 0.6314732932
0.0020383006 0.6320226802
0.002038379 0.6322912699
0.002038461 0.6328308662
0.0020385467 0.6330467753
0.0020387159 0.6335404622
0.0020388336 0.6339831624
0.0020389112 0.6343325527
0.0020390379 0.6347180569
0.002039236 0.6348138391
0.0020393716 0.6355893973
0.0020395239 0.6361921751
0.0020396083 0.6366755084
0.0020398087 0.6371931703
0.0020399115 0.6373492309
0.0020401092 0.6376314671
0.0020402135 0.6380104354
0.0020402265 0.6383021021
0.0020403174 0.6385985764
0.0020404637 0.6386695595
0.0020405432 0.638893369
0.0020407775 0.6392801978
0.0020408236 0.6397645647
0.0020409412 0.6399218052
0.0020409742 0.6400062698
0.002041216 0.6404534328
0.0020412233 0.6405962899
0.0020413711 0.6410712899
0.0020415059 0.6411678058
0.0020417095 0.6413917905
0.0020418439 0.6417732335
0.002041862 0.6421065668
0.002042003 0.6424337348
0.0020422124 0.6427794833
0.0020423223 0.6430795146
0.0020424788 0.6436150159
0.0020424788 0.6436150159
0.0020424788 0.6436150159
0.002042511 0.6440848933
0.0020426288 0.6444671234
0.0020427144 0.6445147695
0.0020428728 0.6449710311
0.0020428728 0.6449710311
0.002042965 0.6451680008
0.0020431349 0.645462595
0.0020432215 0.6460517281
0.0020432391 0.6463612519
0.0020432989 0.6463839792
0.0020434641 0.6468308461
0.0020434641 0.6468308461
0.0020435254 0.647000019
0.0020436094 0.6472425184
0.0020436949 0.6477685923
0.0020437698 0.6480192333
0.0020438498 0.6483762554
0.0020438671 0.6484762554
0.0020439139 0.6488782756
0.0020439399 0.6490801987
0.0020440211 0.6495893617
0.0020440262 0.6497004728
0.0020440366 0.6498004728
0.002044241 0.6503118107
0.0020443148 0.6504368107
0.0020443576 0.650586201
0.0020443576 0.650586201
0.0020444753 0.6507483457
0.0020444907 0.6508483457
0.0020444941 0.6510983457
0.0020444941 0.6510983457
0.0020445331 0.6511261235
0.0020446532 0.6518750867
0.0020447123 0.6521231416
0.0020447123 0.6521231416
0.0020448908 0.6522190434
0.0020449513 0.652467853
0.0020450519 0.6528981039
0.0020451089 0.6531134033
0.0020452159 0.6534214841
0.002045286 0.6538381507
0.002045361 0.6541037352
0.0020453943 0.6541275447
0.0020454109 0.6542275447
0.0020454922 0.6545436016
0.002045522 0.6550102683
0.0020456013 0.6551939984
0.0020456426 0.6553328873
0.0020457035 0.6555796264
0.0020457397 0.655851055
0.0020457397 0.655851055
0.0020457676 0.6559993108
0.0020458134 0.6560243108
0.0020458363 0.6562909775
0.0020458706 0.6564172933
0.0020461116 0.6567353999
0.0020462384 0.6568396188
0.0020463391 0.6571068437
0.0020463601 0.6572535828
0.0020463666 0.6574535828
0.0020464555 0.6578985323
0.0020464877 0.6584747228
0.0020465892 0.6587724501
0.0020466535 0.6592932834
0.0020467048 0.6593798847
0.0020467048 0.6593798847
0.0020468664 0.6597758678
0.0020469144 0.6598008678
0.0020469909 0.6601792769
0.0020470849 0.6603533199
0.0020471294 0.6606483149
0.0020472199 0.6610997814
0.00204725 0.6611241716
0.0020473829 0.6616852341
0.0020474619 0.6617342771
0.0020474997 0.6619272596
0.0020475076 0.6620939263
0.0020475076 0.6620939263
0.0020475186 0.6622189263
0.0020476048 0.6622702083
0.0020476611 0.6622929356
0.0020477565 0.6628320693
0.0020478111 0.6628876249
0.0020478889 0.6629392122
0.0020480413 0.663289609
0.0020481594 0.664042945
0.0020482276 0.664194972
0.0020482879 0.664246999
0.0020484224 0.6643488312
0.0020484224 0.6643488312
0.002048595 0.6649304725
0.0020486858 0.665349917
0.0020487948 0.6660401216
0.0020488393 0.6660651216
0.0020489006 0.6663905185
0.0020489755 0.6668799124
0.0020490213 0.6669049124
0.0020490868 0.6670959693
0.002049166 0.6671472851
0.0020492648 0.6673383981
0.0020493133 0.667507571
0.0020493482 0.6676782059
0.0020494874 0.6678435656
0.0020495115 0.6681344747
0.0020495613 0.6682346535
0.0020495899 0.6684346535
0.0020496771 0.6691936236
0.0020498048 0.6692628625
0.0020498317 0.6692846017
0.0020498317 0.6692846017
0.0020500007 0.6696750589
0.0020500096 0.6701250589
0.0020500305 0.670315968
0.0020500766 0.6709326346
0.0020500811 0.6711326346
0.00205013 0.6711548569
0.0020501834 0.6713204413
0.0020501834 0.6713204413
0.0020502351 0.6716634773
0.0020502587 0.6720378676
0.002050269 0.6721489787
0.0020502925 0.6723600898
0.002050313 0.6726267564
0.0020504523 0.673152812
0.0020504655 0.6734206691
0.0020504655 0.6734206691
0.0020504801 0.6734975922
0.002050518 0.6736869861
0.00205055 0.6737133019
0.0020507216 0.6738061366
0.002050768 0.6741767716
0.0020508042 0.6742045493
0.0020508115 0.674371216
0.0020508201 0.674433716
0.0020508447 0.6745864938
0.0020508677 0.67477697
0.0020509972 0.6752624115
0.0020510604 0.6753851387
0.0020510662 0.6755101387
0.0020511063 0.6755364545
0.0020511063 0.6755364545
0.0020511163 0.6756364545
0.0020511805 0.6759682006
0.0020511805 0.6759682006
0.0020511805 0.6759682006
0.0020512543 0.6760164564
0.0020512997 0.6761692342
0.002051321 0.6764714022
0.0020513903 0.6766320849
0.0020514087 0.676653824
0.0020514496 0.676678824
0.0020516383 0.6771714859
0.0020516481 0.6772714859
0.0020516481 0.6772714859
0.0020516481 0.6772714859
0.0020516958 0.677297127
0.0020516986 0.6774399841
0.0020517097 0.6777649841
0.0020517544 0.6778978344
0.0020518936 0.6779698997
0.0020519103 0.6779931555
0.0020519478 0.6782158828
0.0020519534 0.6783158828
0.0020519617 0.6786492161
0.0020520059 0.6787974719
0.0020520888 0.6790610271
0.0020521274 0.6795938067
0.0020522858 0.6797652623
0.0020522858 0.6797652623
0.0020523614 0.6804879895
0.002052371 0.6805788986
0.0020524203 0.6811092017
0.0020524312 0.6811335919
0.00205252 0.6813646086
0.0020525337 0.6813902496
0.0020526141 0.681628589
0.0020526862 0.6816995161
0.0020526984 0.6818106272
0.0020527473 0.6818333544
0.0020528015 0.6821629644
0.0020528177 0.6824724882
0.0020528258 0.6826391549
0.0020528258 0.6826391549
0.0020529107 0.6828259733
0.0020529686 0.6830153673
0.0020529686 0.6830153673
0.0020530599 0.6831666831
0.0020531054 0.683371293
0.0020531362 0.6833945488
0.0020531362 0.6833945488
0.0020531509 0.6836612155
0.0020532096 0.6843844713
0.0020532722 0.6847505843
0.0020533134 0.6847755843
0.0020533891 0.685015511
0.0020533957 0.685215511
0.0020534142 0.685715511
0.0020534473 0.6858387668
0.0020535504 0.6860804335
0.0020536163 0.6863254284
0.002053644 0.6865143173
0.0020537308 0.6867036861
0.0020537308 0.6867036861
0.0020537754 0.6867269419
0.0020538239 0.6869213863
0.0020538711 0.6869470274
0.0020539586 0.6875536165
0.0020540553 0.6879124549
0.002054123 0.6882975369
0.0020541855 0.6883440485
0.0020542064 0.6887980168
0.0020542583 0.6889207441
0.0020543063 0.689345261
0.0020543594 0.6896685168
0.0020543762 0.6898935168
0.0020543853 0.6899935168
0.0020544859 0.6902991603
0.0020545014 0.690790827
0.00205454 0.6908985506
0.0020545554 0.6911525188
0.0020545554 0.6911525188
0.0020545708 0.6913886299
0.0020545708 0.6913886299
0.0020545976 0.6915012781
0.0020547254 0.6919624725
0.0020547254 0.6919624725
0.0020547674 0.6922198602
0.0020548501 0.6922703653
0.002054892 0.6925421044
0.0020550075 0.6926153367
0.0020550797 0.6927735132
0.0020551304 0.692978214
0.0020551784 0.6930004362
0.0020552138 0.693151752
0.0020552138 0.693151752
0.0020552364 0.6931750078
0.0020552364 0.6931750078
0.002055288 0.6934060685
0.0020552992 0.6935060685
0.0020553556 0.6937576558
0.002055412 0.6938712921
0.0020554282 0.6939301156
0.0020554282 0.6939301156
0.0020554282 0.6939301156
0.0020554456 0.6941729728
0.002055468 0.6945840839
0.0020554742 0.6947090839
0.0020554817 0.6948340839
0.0020554817 0.6948340839
0.002055525 0.695160112
0.0020555312 0.6952712232
0.002055546 0.6955390803
0.0020555855 0.6957623361
0.0020555953 0.6958623361
0.0020556691 0.6961583192
0.0020558079 0.6963691846
0.0020559638 0.6964680814
0.0020560397 0.6968867751
0.0020560814 0.6970095024
0.0020561156 0.6970333119
0.0020561437 0.6970583119
0.0020561888 0.6972281961
0.0020562278 0.6976198628
0.0020562655 0.6976468898
0.0020563189 0.6978086419
0.002056382 0.6978563692
0.002056393 0.6980722783
0.0020564753 0.6982412397
0.0020564946 0.6985734907
0.0020565381 0.6987664732
0.0020565381 0.6987664732
0.0020565381 0.6987664732
0.0020566091 0.6988132123
0.0020566608 0.6990026063
0.0020566692 0.6991276063
0.0020566692 0.6991276063
0.0020567231 0.6994657444
0.0020567434 0.6994879666
0.0020567625 0.6996896473
0.0020567625 0.6996896473
0.0020568424 0.7001258464
0.0020568662 0.7003202908
0.0020568662 0.7003202908
0.0020568757 0.7003827908
0.0020568757 0.7003827908
0.002056916 0.7004853549
0.0020569195 0.7006853549
0.0020569373 0.7011615454
0.0020570152 0.7014098012
0.0020570458 0.7019109917
0.0020571307 0.7020378238
0.0020571765 0.7021878238
0.0020572106 0.7022116334
0.0020572165 0.7023783
0.002057254 0.7025157269
0.0020573219 0.7028202724
0.0020573652 0.702924439
0.0020574061 0.7030772168
0.0020574422 0.7034978517
0.0020574446 0.7036645184
0.0020574527 0.7039220942
0.0020574958 0.7040882071
0.0020575689 0.7043389132
0.0020576153 0.7043611354
0.0020576756 0.7044838627
0.0020577311 0.7047744471
0.0020577496 0.7052466693
0.0020577566 0.7053375784
0.0020577819 0.7056909875
0.0020578511 0.7057414925
0.0020578856 0.7060315719
0.0020579051 0.7060537941
0.002057982 0.7062154103
0.0020580463 0.7062630563
0.0020580543 0.7066059135
0.0020580623 0.7067487706
0.0020581057 0.7069405246
0.0020581308 0.7069622637
0.0020581514 0.7073781728
0.0020581514 0.7073781728
0.0020581957 0.7080680953
0.0020583037 0.7083041201
0.0020583037 0.7083041201
0.0020583037 0.7083041201
0.0020583127 0.7084041201
0.0020583603 0.7086438388
0.0020584213 0.7086933557
0.0020584213 0.7086933557
0.0020584213 0.7086933557
0.002058428 0.7088183557
0.0020584483 0.7092100223
0.0020585157 0.7093844126
0.0020585157 0.7093844126
0.0020585157 0.7093844126
0.0020585157 0.7093844126
0.0020585459 0.7095233015
0.0020585459 0.7095233015
0.0020585459 0.7095233015
0.0020585805 0.709547111
0.0020585905 0.7096380201
0.0020586038 0.7098642106
0.0020586038 0.7098642106
0.0020586183 0.7101320677
0.0020586183 0.7101320677
0.0020586183 0.7101320677
0.0020586902 0.710182193
0.0020587321 0.7102271425
0.0020587708 0.7104503983
0.0020588039 0.7104760394
0.0020588391 0.7106438965
0.0020588985 0.7109350095
0.0020589359 0.7109600095
0.0020589359 0.7109600095
0.0020589808 0.7112322317
0.0020590224 0.7113963654
0.0020591198 0.7115804048
0.0020591231 0.7116713139
0.0020591449 0.7120379805
0.0020591776 0.7120629805
0.0020591787 0.7122629805
0.0020592048 0.7122847197
0.0020592048 0.7122847197
0.0020592439 0.7123097197
0.0020592927 0.7128674432
0.0020593328 0.712995221
0.0020593328 0.712995221
0.0020593599 0.7135214115
0.0020593599 0.7135214115
0.0020593793 0.7135436337
0.0020593793 0.7135436337
0.0020594288 0.713816361
0.0020594696 0.7139299974
0.0020595266 0.71425573
0.0020595266 0.71425573
0.0020595555 0.7142774691
0.0020595555 0.7142774691
0.0020595619 0.7143774691
0.0020595619 0.7143774691
0.0020595683 0.7143996913
0.0020595737 0.7145996913
0.0020595737 0.7145996913
0.0020595737 0.7145996913
0.0020595832 0.7149425485
0.0020595907 0.7150854056
0.0020596013 0.7151442291
0.0020596108 0.7152442291
0.0020596161 0.7154442291
0.0020596552 0.7154705449
0.0020596911 0.7155159995
0.0020596985 0.7157382217
0.0020597912 0.7158142553
0.0020597965 0.7158975886
0.0020597965 0.7158975886
0.0020597965 0.7158975886
0.0020598385 0.7159995117
0.0020598793 0.7162212508
0.0020599191 0.7162475666
0.0020599191 0.7162475666
0.0020599223 0.7164142333
0.0020599275 0.7165808999
0.0020599275 0.7165808999
0.0020599598 0.7167041558
0.0020599598 0.7167041558
0.0020600107 0.7169290922
0.0020600398 0.7172841647
0.0020600398 0.7172841647
0.0020601113 0.7173579742
0.0020601216 0.7174579742
0.0020601816 0.7176385298
0.002060256 0.7179120678
0.0020603138 0.7180464347
0.0020603478 0.7180714347
0.0020603869 0.7182658792
0.0020603952 0.7184908792
0.0020604034 0.7185136064
0.0020604116 0.7186386064
0.0020604157 0.7188386064
0.0020604413 0.7189636064
0.0020605242 0.7193207006
0.0020605242 0.7193207006
0.0020605263 0.7194207006
0.0020605416 0.7194424398
0.0020605416 0.7194424398
0.0020605487 0.719464662
0.0020605691 0.7194890522
0.0020605741 0.7196319094
0.0020605955 0.7196575504
0.0020606157 0.7197808062
0.0020606228 0.7199236634
0.0020606228 0.7199236634
0.0020606724 0.7200892478
0.0020606724 0.7200892478
0.0020606734 0.7205892478
0.0020606764 0.7207892478
0.0020606764 0.7207892478
0.0020607106 0.7209105244
0.0020607548 0.7210479513
0.0020608301 0.7211939344
0.0020608743 0.7213427439
0.0020608763 0.721453855
0.0020609103 0.7214988499
0.0020609133 0.721589759
