0.000243 0.0270366534
0.000411 0.0514066963
0.0005306667 0.0690130599
0.0006319167 0.0857046298
0.0007183167 0.0994874467
0.0007958167 0.1113848033
0.0008613881 0.1231787016
0.0009212631 0.1332064383
0.0009699298 0.1417821071
0.0010105298 0.1504232909
0.0010505298 0.1584653023
0.0010845298 0.1662831431
0.0011220682 0.1739277943
0.0011591397 0.1794956389
0.001194073 0.1870508259
0.001221948 0.1922588405
0.001254948 0.1983317876
0.0012848369 0.2040443879
0.0013118895 0.2104243352
0.0013361895 0.2147551528
0.0013626657 0.2206986136
0.0013914384 0.2267568841
0.0014133949 0.2317698731
0.0014336033 0.2363693848
0.0014545633 0.2406905676
0.0014759094 0.2452219993
0.0014950205 0.2490463932
0.0015105205 0.2522685582
0.0015283136 0.2564405051
0.0015435803 0.2604292549
0.0015558061 0.2640610858
0.0015681811 0.2697477927
0.0015806963 0.2740872488
0.0015947257 0.2776946146
0.0016090685 0.281456416
0.0016176519 0.2837253036
0.0016290843 0.2871795787
0.0016383475 0.2893664254
0.0016487834 0.2916831793
0.0016602834 0.2950399189
0.0016700151 0.2987766358
0.0016786341 0.3015841877
0.0016880295 0.3050000983
0.0016961886 0.3076466714
0.0017067663 0.3102709186
0.0017135489 0.3119361012
0.0017220596 0.3141521899
0.0017320596 0.3170073756
0.0017404065 0.3200980848
0.0017448265 0.3224743848
0.0017511206 0.3244141232
0.0017587937 0.3272837255
0.0017654918 0.32938255
0.0017705474 0.3319130485
0.0017737292 0.3334732714
0.0017790506 0.3356830125
0.0017856822 0.3378612866
0.0017919926 0.3409421741
0.0017979756 0.3431984903
0.0018035756 0.3456582832
0.0018088543 0.3474759954
0.0018149349 0.3487345193
0.0018186333 0.3504309444
0.0018246021 0.3525262039
0.0018279867 0.3539201055
0.0018321534 0.3555522057
0.0018351832 0.357602858
0.0018392274 0.3597965968
0.001842836 0.3613581298
0.0018467218 0.3632415058
0.0018495668 0.3649164245
0.0018545113 0.3663756962
0.0018586894 0.3679700848
0.0018635407 0.3697110936
0.001866554 0.3716257857
0.0018699488 0.372514839
0.0018721436 0.3733220514
0.0018753231 0.3749447133
0.0018781712 0.37646442
0.0018820587 0.378192545
0.001883676 0.380124636
0.0018857735 0.381149575
0.0018880024 0.3827767937
0.0018912167 0.3842910666
0.0018936167 0.3864093148
0.0018969772 0.3886385461
0.0019003105 0.3898893458
0.0019027651 0.3912911425
0.0019055291 0.3928681312
0.0019082291 0.3954684659
0.0019101632 0.3972098626
0.0019127501 0.3989106065
0.0019152125 0.4002105385
0.001916521 0.4013578002
0.0019190263 0.4029293042
0.0019213909 0.4049336198
0.0019236383 0.4070828917
0.0019250464 0.4090696692
0.0019274202 0.4104077988
0.0019287902 0.411257073
0.0019305823 0.4131782961
0.0019327489 0.4149205873
0.0019346615 0.415944003
0.0019358827 0.4177756332
0.0019389875 0.4196643697
0.0019410441 0.421367266
0.0019428104 0.422578918
0.0019449956 0.4235547375
0.0019471883 0.4249644758
0.0019488428 0.4262095551
0.0019504734 0.4274270568
0.0019518842 0.4287884972
0.0019532293 0.4300429705
0.0019543082 0.431300326
0.0019569865 0.4326753267
0.0019578572 0.433874977
0.0019597717 0.4349586643
0.0019608904 0.4356386704
0.0019620584 0.4363948701
0.0019633001 0.4375178343
0.0019654489 0.4384613801
0.0019665718 0.4398874795
0.001967523 0.4406019125
0.0019691601 0.4413469687
0.0019700321 0.441797094
0.0019715797 0.4427114432
0.0019730758 0.4436978299
0.0019751149 0.445100717
0.0019760373 0.4458646201
0.0019779681 0.4461978642
0.001979388 0.4473807762
0.0019809637 0.4479546737
0.0019818434 0.4484104184
0.0019832986 0.4495376683
0.0019846542 0.4511412108
0.0019853968 0.4517090679
0.0019866669 0.4525156174
0.0019879785 0.4528536456
0.0019888274 0.4539481121
0.0019894631 0.4551029822
0.001990449 0.4563685001
0.0019913785 0.4571025615
0.0019918681 0.4583499416
0.0019929028 0.4595719561
0.0019935304 0.4606916448
0.0019943728 0.461457424
0.001995747 0.462478444
0.0019960713 0.4629239692
0.0019971988 0.4637022612
0.0019978055 0.4650498358
0.001998534 0.4659774332
0.0019989682 0.4666090746
0.0020001316 0.4675587586
0.0020008134 0.4684832009
0.002001736 0.4690038184
0.0020030308 0.4699998772
0.0020039608 0.4706521879
0.0020050051 0.4712722719
0.00200559 0.4719382336
0.0020068462 0.4731675714
0.0020074549 0.4741541876
0.0020081093 0.4749771146
0.0020084774 0.475516946
0.0020089408 0.4762663688
0.0020101105 0.4770727864
0.0020111285 0.4780023026
0.0020118471 0.4790374082
0.0020129066 0.4796756069
0.0020147054 0.481347901
0.0020156701 0.482073673
0.0020164187 0.4824354575
0.0020175698 0.4834020057
0.0020182172 0.4842958227
0.0020186885 0.4853053685
0.0020197628 0.4863977871
0.0020205185 0.4877308412
0.0020215637 0.4882323518
0.002022176 0.4888523233
0.0020228688 0.4893069065
0.0020235188 0.4904384772
0.0020241099 0.4913918438
0.0020249066 0.4923472679
0.0020258848 0.4939218355
0.0020263413 0.4941598621
0.0020271954 0.4955764562
0.002027647 0.4967968237
0.0020280694 0.497869827
0.002028846 0.4987128632
0.0020301582 0.4993236857
0.0020310266 0.5005227924
0.0020315921 0.5008816528
0.0020321702 0.5012689539
0.0020335329 0.5023156138
0.0020345123 0.5036375153
0.0020351635 0.5041776602
0.0020355921 0.5049180877
0.0020359474 0.5054892277
0.0020367909 0.5067328914
0.0020376853 0.5074365673
0.0020383153 0.5088716678
0.0020386984 0.5093620953
0.0020391687 0.5102637702
0.0020398633 0.5109432875
0.0020403878 0.5116208221
0.0020412854 0.5120392269
0.0020421155 0.5126900347
0.0020424875 0.5137906685
0.0020432519 0.5143176764
0.0020438548 0.5155299301
0.0020441738 0.5158935665
0.0020448752 0.5168747857
0.0020455545 0.5176488829
0.0020459019 0.5183758426
0.0020464907 0.5191494718
0.0020473093 0.5197349915
0.0020477954 0.5199996254
0.0020483161 0.5206061911
0.0020491005 0.5209342122
0.0020497033 0.5216590899
0.0020502669 0.5225833816
0.0020505927 0.5232255697
0.0020509035 0.5234025265
0.002051186 0.524068616
0.0020517173 0.5244482263
0.0020519617 0.524826942
0.0020525989 0.5257056875
0.0020532993 0.5266754032
0.0020538125 0.5273375438
0.002054354 0.5279118584
0.0020549366 0.5282217485
0.0020555426 0.5288861492
0.0020559694 0.5293261841
0.0020566603 0.5300032336
0.002056968 0.5300501512
0.0020573085 0.5304228785
0.0020577534 0.5310990559
0.0020584243 0.5317058447
0.0020588991 0.5320731837
0.0020590915 0.5329264517
0.002059479 0.5336825879
0.0020598068 0.5338675958
0.0020601333 0.5344008126
0.0020604419 0.5348192245
0.0020608435 0.5352377883
0.0020612068 0.5357525631
0.0020615564 0.5364798787
0.0020618924 0.5366231327
0.0020620295 0.5369445613
0.0020625757 0.5372228872
0.0020627637 0.5379613793
0.0020628753 0.5385181324
0.0020631213 0.5386174218
0.0020634098 0.5393019456
0.0020637012 0.5396925501
0.0020641561 0.540122959
0.0020643944 0.5408686819
0.0020649119 0.5415555177
0.002065222 0.5422502064
0.0020655115 0.5425542938
0.0020657231 0.5428386046
0.0020660296 0.5431750697
0.0020664609 0.5436812976
0.0020668715 0.5441079119
0.0020672011 0.5446695475
0.0020675294 0.545287741
0.0020676234 0.5455841696
0.0020677881 0.5458908564
0.0020680755 0.5462254718
0.0020682056 0.5462788906
0.0020684611 0.546560511
0.0020689482 0.547101357
0.002069257 0.5471961983
0.0020696417 0.5479609107
0.0020699044 0.5484576478
0.0020703481 0.5486051858
0.0020706742 0.5493218954
0.0020710027 0.5502108787
0.0020712617 0.5507917701
0.0020719247 0.5509622836
0.0020720605 0.5513605394
0.0020723736 0.552075025
0.0020725899 0.5526336031
0.0020728267 0.5534002406
0.0020733126 0.5538221504
0.0020735301 0.5543779508
0.0020739567 0.5550120831
0.0020743191 0.5557252457
0.0020744545 0.5563681028
0.0020746102 0.5569380375
0.0020749999 0.5574663928
0.0020752301 0.5576448116
0.0020755109 0.5581027124
0.0020758318 0.5589218516
0.0020765222 0.5597444624
0.0020767595 0.5599876571
0.0020770771 0.560515718
0.0020772555 0.5610349523
0.0020775139 0.5614537419
0.0020777179 0.5617439792
0.0020777413 0.5618550903
0.0020779273 0.562296757
0.0020781392 0.5625705665
0.0020787036 0.5634547934
0.0020791246 0.5642595279
0.0020793279 0.5648993027
0.0020795501 0.5651027431
0.0020798889 0.5660849314
0.0020803272 0.5663843829
0.0020806508 0.5672604478
0.0020811767 0.5678314351
0.0020813696 0.5682724888
0.002081658 0.5686689754
0.0020821213 0.5692518083
0.0020824525 0.5697050606
0.0020827954 0.570302611
0.0020829378 0.5707221637
0.0020832375 0.5709919875
0.0020835897 0.5712401386
0.0020838937 0.5715389971
0.0020842094 0.5720022878
0.0020846486 0.5728428173
0.0020849592 0.5733232845
0.0020852316 0.5735077639
0.0020853829 0.5737578892
0.0020856229 0.5741414696
0.0020857057 0.5741664696
0.0020860879 0.575089979
0.0020865087 0.5756880427
0.002086922 0.5758996189
0.0020870705 0.5762840835
0.0020872609 0.5767536859
0.0020876374 0.5768703049
0.0020880157 0.5769894667
0.0020880996 0.577439498
0.0020883354 0.5779011336
0.0020886003 0.578207113
0.0020889534 0.5789870704
0.0020892581 0.5792050862
0.0020895531 0.5796077592
0.0020898561 0.5797498546
0.0020900995 0.5799498859
0.0020901053 0.580092743
0.0020903327 0.5804205521
0.0020904693 0.5808477201
0.0020908838 0.5813349993
0.0020911584 0.5817249438
0.0020913054 0.5817765311
0.0020914059 0.5818232702
0.0020916094 0.5824392636
0.0020918151 0.5826355743
0.0020919091 0.583150779
0.0020921193 0.5837424019
0.0020924253 0.5844494961
0.0020926428 0.5853702148
0.0020929217 0.585640958
0.0020933318 0.5862452729
0.0020937155 0.5865712002
0.0020939586 0.5868215281
0.002094148 0.586867195
0.0020942896 0.5877413208
0.0020943755 0.5887148057
0.0020945026 0.5892477106
0.0020946348 0.590056044
0.0020949562 0.5903340164
0.0020951206 0.5912304324
0.0020952682 0.5914259514
0.0020954916 0.591608973
0.0020955188 0.5919756396
0.0020958115 0.5923490348
0.0020958871 0.5928170173
0.0020959599 0.5931963322
0.0020961454 0.5932703415
0.0020963143 0.5938807512
0.0020963731 0.5941802681
0.0020966451 0.5946765398
0.0020969855 0.5949693653
0.0020970068 0.5952471431
0.002097184 0.5955161045
0.0020973634 0.5960464075
0.002097474 0.5960894232
0.0020975632 0.5964981804
0.0020978171 0.5971732262
0.0020979868 0.5975542868
0.0020981665 0.5978166702
0.0020982107 0.5983318217
0.0020985293 0.5987004298
0.0020986715 0.5991308991
0.002098906 0.5997445809
0.0020991219 0.6004853638
0.0020993706 0.600835941
0.0020994192 0.6009733679
0.002099506 0.6012863111
0.0020996332 0.6014855536
0.0020997322 0.6016906276
0.0020998385 0.6019461831
0.0020999395 0.6023940464
0.0021000478 0.6026736556
0.0021002237 0.6027421545
0.0021002914 0.6030305603
0.0021005414 0.6035360714
0.0021007608 0.6037552006
0.0021009001 0.6041328618
0.0021012575 0.6045998961
0.0021012674 0.6047427532
0.0021013908 0.6049363164
0.0021015509 0.6056600993
0.0021017499 0.6060916884
0.0021019264 0.6068191415
0.0021020633 0.6073002476
0.0021022706 0.6077969161
0.0021025431 0.6083395111
0.0021027616 0.6087062694
0.0021029045 0.608752546
0.0021029769 0.6091443208
0.002103189 0.6094307786
0.0021035928 0.6098812125
0.0021038206 0.6103747835
0.0021041914 0.6109927751
0.0021045065 0.6112023485
0.002104516 0.6113690152
0.0021045706 0.6116368723
0.0021049356 0.6122643139
0.0021050136 0.612814955
0.0021051433 0.6130959434
0.0021052586 0.6133624935
0.0021054534 0.6138488807
0.0021055541 0.6142010487
0.0021056102 0.6146899376
0.0021057943 0.6149716673
0.0021058827 0.6150151455
0.0021059222 0.61530959
0.0021060773 0.6154861773
0.002106165 0.6157340405
0.0021064415 0.6160066512
0.0021065634 0.6167769926
0.0021065978 0.6169047704
0.0021068838 0.6173993621
0.0021070527 0.6177318142
0.0021071598 0.6179838344
0.0021072939 0.6185545946
0.0021076431 0.6191031681
0.0021077879 0.6192788091
0.0021078421 0.6194434053
0.0021080335 0.6197291297
0.0021081908 0.6202817909
0.0021083209 0.6206313078
0.0021084842 0.6208117537
0.0021086583 0.620976088
0.0021087607 0.6214771216
0.0021090541 0.622079997
0.0021095751 0.6226164155
0.0021097212 0.6230129523
0.0021097874 0.6231356796
0.0021099261 0.623355765
0.0021100031 0.6235480727
0.0021101522 0.6240089123
0.0021103251 0.6241955285
0.0021103753 0.6246050523
0.0021104842 0.6247459614
0.0021104929 0.6248709614
0.0021106187 0.6251224985
0.0021108222 0.6252752982
0.0021109647 0.625448554
0.0021109863 0.6257152207
0.0021110702 0.6258317708
0.0021111774 0.6261257322
0.0021114023 0.6262279605
0.0021114878 0.6264196272
0.0021118246 0.6267468948
0.0021118246 0.6267468948
0.0021119011 0.6270718948
0.0021119689 0.627365393
0.0021120217 0.627391034
0.002112161 0.6278084067
0.0021122683 0.6280076491
0.0021122767 0.6281743158
0.0021126206 0.628519206
0.0021126833 0.6285430155
0.0021128378 0.6287353605
0.0021130128 0.6291057338
0.0021130773 0.6291307338
0.0021131893 0.6296008193
0.0021133549 0.6298741876
0.0021133673 0.6299852987
0.0021133673 0.6299852987
0.002113499 0.6302659422
0.0021136633 0.6306572939
0.0021137821 0.631150391
0.0021139498 0.6315779231
0.0021141029 0.6317505692
0.0021142373 0.6322500155
0.0021142515 0.6323500155
0.0021142698 0.6326277932
0.0021143305 0.632901049
0.0021143305 0.632901049
0.0021144313 0.632946044
0.0021145983 0.633276952
0.0021146786 0.6333279856
0.002114877 0.6334006316
0.002114989 0.6338120785
0.002115003 0.6339549356
0.0021151863 0.6342915973
0.0021152519 0.6343862816
0.0021153908 0.6347312311
0.002115472 0.6352767092
0.0021156755 0.6356488267
0.0021157268 0.6360599378
0.0021158784 0.6366445234
0.0021159137 0.6368956546
0.0021159765 0.6372978787
0.0021161957 0.6376097562
0.0021162679 0.6377094065
0.0021163264 0.638233216
0.0021163789 0.6388451208
0.0021164469 0.639013619
0.0021165496 0.6391630092
0.0021167933 0.6393481199
0.0021169999 0.6396111541
0.0021171983 0.6397137857
0.0021174233 0.6399794954
0.0021175289 0.6402195432
0.0021177339 0.6404197558
0.0021178161 0.6407947558
0.0021179726 0.6410691461
0.0021181916 0.6415587424
0.0021182734 0.6421586258
0.0021183531 0.6422588047
0.0021184876 0.6424081949
0.0021186539 0.6428095107
0.0021188011 0.6430341611
0.0021188143 0.6434341611
0.0021188293 0.6435341611
0.0021190057 0.6437301442
0.0021191573 0.6441551442
0.0021193031 0.6443844457
0.0021194561 0.6451018198
0.0021194766 0.6453934865
0.0021195249 0.6454389645
0.0021196437 0.6458354388
0.0021197863 0.6459100105
0.0021198528 0.6460356515
0.0021198528 0.6460356515
0.0021198675 0.6461467626
0.0021199282 0.6461711528
0.002120031 0.6466617372
0.0021201299 0.6470111275
0.0021201427 0.6471539846
0.002120358 0.6474137012
0.0021204345 0.6478029786
0.0021205381 0.6480137344
0.0021205581 0.6480415121
0.0021206124 0.6480642394
0.0021206866 0.6483987632
0.0021207822 0.6485866153
0.0021208381 0.6487912252
0.0021211744 0.649181131
0.002121178 0.6493477977
0.0021211995 0.6497089088
0.0021212192 0.650142675
0.0021212299 0.6503093417
0.0021213155 0.6503569877
0.0021213653 0.6504833035
0.0021214062 0.6506524764
0.0021214186 0.6508722567
0.0021215124 0.6510860725
0.0021216767 0.6516159017
0.0021218037 0.6522381239
0.0021219181 0.6525101004
0.0021220464 0.6527399081
0.0021220604 0.6529399081
0.002122148 0.6534412239
0.0021223088 0.6538873353
0.0021223874 0.6543907541
0.00212241 0.6546157541
0.0021224865 0.6549816632
0.0021225091 0.6553983299
0.0021225178 0.6554983299
0.0021225351 0.6555983299
0.0021225437 0.655689239
0.0021225816 0.6558236059
0.0021226746 0.6558725027
0.0021227742 0.6562577591
0.002122872 0.6564570016
0.0021230706 0.6566497238
0.0021231698 0.6571601855
0.0021232278 0.6571829128
0.0021232346 0.6573495795
0.0021232499 0.6577245795
0.0021233144 0.6580793774
0.0021233314 0.6581793774
0.0021235632 0.6585588192
0.0021235784 0.6587747283
0.0021236172 0.6589121552
0.0021237249 0.6591496767
0.0021237569 0.6594824564
0.0021238156 0.6597853214
0.0021238323 0.6598085773
0.002123916 0.6601195718
0.0021240145 0.6602928319
0.0021241361 0.6606194192
0.0021241761 0.660647197
0.0021242325 0.6610638636
0.0021242574 0.6611982306
0.0021244031 0.6614992642
0.0021244891 0.6616606581
0.0021245534 0.6617046195
0.002124616 0.6618765371
0.0021246621 0.6622120384
0.0021246621 0.6622120384
0.002124749 0.6622835501
0.0021248324 0.6625581217
0.0021249288 0.6627713
0.0021249696 0.6628945558
0.0021250413 0.6631112224
0.0021251486 0.6631896412
0.0021253044 0.6634762574
0.0021253498 0.6636123685
0.0021253903 0.6636373685
0.0021256552 0.6638834876
0.0021257439 0.6640961373
0.0021258905 0.6642817863
0.00212604 0.6645192863
0.0021262149 0.6648783689
0.0021263223 0.6652617022
0.0021263575 0.665409958
0.0021263575 0.665409958
0.0021264947 0.6658376096
0.002126595 0.6660139253
0.0021267254 0.6660871812
0.0021268444 0.6663015499
0.0021268698 0.6663237722
0.0021268824 0.6664237722
0.0021270499 0.6666978152
0.0021270862 0.6668234562
0.0021270909 0.6669663134
0.0021271255 0.6669895692
0.0021273107 0.6673389459
0.0021274722 0.6675307087
0.0021275238 0.6676668198
0.0021276488 0.6679928576
0.0021277315 0.6681528656
0.0021277362 0.6682528656
0.0021278279 0.6684105892
0.0021278683 0.6687439225
0.0021279148 0.6688580874
0.0021279705 0.6689071418
0.0021280571 0.6693392211
0.0021280617 0.6695058878
0.0021281341 0.6696413891
0.0021281849 0.6699395889
0.0021282755 0.6700119364
0.0021283093 0.6702619364
0.002128323 0.6705536031
0.0021284178 0.6705995862
0.0021284606 0.670622842
0.0021286268 0.6708371547
0.0021287394 0.6709104105
0.0021289005 0.6712180333
0.002128949 0.6713424235
0.0021290036 0.6714565884
0.0021291125 0.6719119871
0.0021293497 0.6722048878
0.0021294583 0.672935597
0.0021295622 0.6734178272
0.0021295772 0.6739015934
0.0021296403 0.6739511104
0.0021297482 0.6740329817
0.0021298111 0.6741673486
0.0021299456 0.6744494428
0.0021299546 0.6748994428
0.0021301424 0.6750897538
0.0021301573 0.6751897538
0.0021301647 0.6755008649
0.0021301721 0.675591774
0.0021302239 0.6758131415
0.0021303038 0.6758957746
0.0021304501 0.676020649
0.0021304973 0.6761694585
0.0021306475 0.6764376403
0.0021306681 0.6769214065
0.0021306828 0.6770214065
0.0021307267 0.6773368827
0.0021307546 0.677359105
0.0021308291 0.6778946673
0.0021308379 0.6780613339
0.0021308437 0.6782613339
0.0021308452 0.678372445
0.0021309019 0.6784946673
0.0021309701 0.6785959806
0.0021309759 0.6787388377
0.0021310815 0.6791006778
0.0021310873 0.6793006778
0.0021312518 0.6795018239
0.002131295 0.6795268239
0.0021313281 0.6796270028
0.0021313784 0.6798497301
0.0021314229 0.6800753711
0.0021314702 0.6802016869
0.0021314773 0.6803016869
0.0021316002 0.6806737424
0.0021316629 0.6810898553
0.0021316629 0.6810898553
0.0021316629 0.6810898553
0.0021316928 0.6811375014
0.0021317481 0.6811613109
0.0021318416 0.6813548091
0.0021318882 0.6814024551
0.0021319278 0.6814280962
0.0021319461 0.6819209533
0.0021319658 0.6821570644
0.002132039 0.6822041819
0.002132046 0.6824470391
0.0021320488 0.6826470391
0.002132053 0.6827720391
0.0021320978 0.6833321436
0.0021321061 0.6834988103
0.0021321926 0.6837195705
0.0021322316 0.6839140149
0.0021322719 0.683939656
0.0021322719 0.683939656
0.0021322719 0.683939656
0.0021323343 0.6840764081
0.0021324297 0.6843614161
0.0021325955 0.6846274846
0.0021326686 0.6847763815
0.0021326686 0.6847763815
0.0021327195 0.684800191
0.0021327799 0.6850694217
0.0021327936 0.6854103308
0.0021328046 0.6858269975
0.0021328128 0.6859269975
0.002132836 0.6863039206
0.002132836 0.6863039206
0.0021328782 0.686898365
0.0021329272 0.6871210923
0.0021329327 0.6872210923
0.0021329584 0.6875717333
0.0021329652 0.6876717333
0.0021330816 0.6883770174
0.0021331005 0.6885603507
0.0021331059 0.6886603507
0.002133149 0.6887404508
0.0021332056 0.688990941
0.0021332418 0.6890136683
0.0021332996 0.6892608905
0.0021332996 0.6892608905
0.002133317 0.6895942239
0.0021333838 0.6896696207
0.0021334426 0.6899612873
0.0021334586 0.690227954
0.0021335105 0.6906696207
0.0021335717 0.6908946207
0.0021336248 0.6910446207
0.0021336964 0.6917605298
0.0021337057 0.6921771964
0.00213383 0.6923510933
0.0021339079 0.6923999028
0.0021339634 0.6928338729
0.002134045 0.6931495826
0.0021340621 0.6933924398
0.002134095 0.6937941204
0.0021341422 0.6938197615
0.0021342104 0.6943697615
0.0021342169 0.6944606706
0.0021342588 0.6945061486
0.0021343123 0.6946283708
0.002134367 0.6951130199
0.0021344074 0.695390244
0.0021344724 0.6954382989
0.0021345465 0.6955850381
0.0021345568 0.6957100381
0.0021346035 0.6958572603
0.0021346526 0.6958829013
0.002134734 0.6959311571
0.0021347882 0.6960910778
0.0021347908 0.6962160778
0.0021347908 0.6962160778
0.0021349 0.6965142775
0.0021349604 0.6967623324
0.0021350565 0.696807787
0.0021351013 0.6968305143
0.0021351512 0.6968532415
0.0021351972 0.6970421304
0.0021351972 0.6970421304
0.0021352138 0.6972643526
0.0021352786 0.697577989
0.0021353015 0.6979807668
0.0021354703 0.6986118274
0.0021354931 0.6986396052
0.0021355159 0.6991465496
0.0021355589 0.6991721906
0.0021355627 0.6992971906
0.0021356131 0.6993199179
0.0021356635 0.6993644503
0.0021357276 0.6994615199
0.0021357854 0.6995136879
0.0021358632 0.6996597197
0.0021360148 0.699755323
0.0021360649 0.6999209075
0.0021361249 0.7000234716
0.0021361461 0.7004568049
0.0021361524 0.700567916
0.0021361673 0.7008107731
0.0021361698 0.7010107731
0.0021361872 0.7011575123
0.0021361996 0.7012344353
0.002136207 0.7013594353
0.0021362182 0.7014705465
0.0021362392 0.7014927687
0.0021362515 0.7017265349
0.0021362515 0.7017265349
0.0021362515 0.7017265349
0.002136329 0.7017993076
0.0021363622 0.7019580378
0.0021364248 0.7021536727
0.0021364971 0.7024019285
0.0021365264 0.7026269285
0.002136667 0.7027976557
0.002136667 0.7027976557
0.0021367378 0.7029600826
0.0021367707 0.7034773903
0.0021368266 0.7035273903
0.0021368266 0.7035273903
0.0021368582 0.7036773903
0.0021369018 0.7038023903
0.0021369018 0.7038023903
0.0021369018 0.7038023903
0.0021369501 0.7039917842
0.0021369561 0.7040917842
0.0021369561 0.7040917842
0.0021369561 0.7040917842
0.0021370078 0.7043340091
0.0021370703 0.7047198023
0.0021370786 0.7048107114
0.002137123 0.7050044051
0.0021371648 0.7050300462
0.0021371792 0.7050556872
0.0021371863 0.7051465963
0.0021371994 0.7055132629
0.0021373292 0.7057343166
0.0021373328 0.7058343166
0.0021374301 0.706093431
0.0021374444 0.7063093401
0.0021374586 0.7065204512
0.0021375036 0.7065426735
0.0021375272 0.7066697005
0.0021375709 0.706862683
0.0021375945 0.7068854102
0.0021376451 0.7070742991
0.0021376651 0.7072249401
0.0021376933 0.7074148626
0.0021376933 0.7074148626
0.0021377449 0.7075279939
0.0021377601 0.7077617602
0.0021378303 0.7080187046
0.0021379214 0.7080953792
0.0021379576 0.7083888575
0.0021379821 0.7084115848
0.0021380449 0.7085586501
0.0021380845 0.7085819059
0.0021381542 0.7088921623
0.0021381959 0.7090449401
0.0021381959 0.7090449401
0.0021382017 0.7091699401
0.0021383046 0.7093820613
0.0021383392 0.7094047886
0.0021383958 0.7095608492
0.0021383958 0.7095608492
0.0021384521 0.7096068809
0.0021384521 0.7096068809
0.0021384809 0.7098979379
0.0021384809 0.7098979379
0.0021385118 0.7104138469
0.0021385198 0.7105567041
0.0021385426 0.7105799599
0.0021385803 0.7106037694
0.0021386305 0.7109186919
0.0021386669 0.7110419477
0.0021386692 0.7115419477
0.0021387647 0.7122390534
0.0021387647 0.7122390534
0.0021387692 0.7124057201
0.0021387964 0.7125941259
0.0021388066 0.7129691259
0.0021388518 0.7133734407
0.0021388732 0.7134012185
0.0021389115 0.7135289963
0.0021389183 0.7136539963
0.0021389532 0.7138955464
0.0021389678 0.7141205464
0.0021389745 0.7142634036
0.0021389992 0.7142911813
0.0021390428 0.7143786813
0.0021390686 0.7144064591
0.0021390686 0.7144064591
0.0021391087 0.7144297149
0.0021391087 0.7144297149
0.0021391344 0.7145283771
0.0021391433 0.7146117105
0.0021391433 0.7146117105
0.0021391943 0.7147789579
0.0021391943 0.7147789579
0.0021392043 0.7150039579
0.0021392109 0.7150261801
0.0021392485 0.7150711296
0.0021392827 0.7152389867
0.0021393103 0.7154273925
0.0021393257 0.7156773925
0.002139351 0.7156991316
0.0021394488 0.7161774145
0.0021394543 0.7163202716
0.0021394729 0.7167786049
0.0021394729 0.7167786049
0.0021395079 0.717110351
0.0021395604 0.7171797362
0.0021395877 0.7173325139
0.0021396073 0.7174948516
0.002139652 0.7178871593
0.0021397314 0.7179533854
0.0021397705 0.7179761127
0.0021398107 0.7180024285
0.0021398357 0.7180302062
0.0021398573 0.7180545965
0.0021398811 0.7181388356
0.0021398963 0.7185971689
0.0021399513 0.7188472002
0.0021399751 0.7189689393
0.0021400193 0.7192439393
0.0021400257 0.719410606
0.0021400763 0.7195369218
0.0021401138 0.719760584
0.0021401417 0.7199251803
0.0021401417 0.7199251803
0.0021401417 0.7199251803
0.0021401877 0.7200739898
0.0021402112 0.720096212
0.0021402112 0.720096212
0.0021402155 0.720346212
0.0021402155 0.720346212
0.0021402155 0.720346212
0.0021402219 0.720471212
0.0021402389 0.720696212
0.0021402845 0.7207800355
0.0021403184 0.7209017747
0.0021403533 0.7211267747
0.0021403977 0.7212959476
0.0021403977 0.7212959476
0.0021404124 0.7214695587
0.0021404441 0.7214928145
0.002140483 0.7215155418
0.002140483 0.7215155418
0.0021405229 0.7215976212
0.0021406174 0.7216676161
0.0021406603 0.7220560219
0.0021407001 0.7220823377
0.002140742 0.7222010246
0.002140742 0.7222010246
0.002140767 0.7222223011
0.002140767 0.7222223011
0.0021408629 0.7223140352
0.0021408629 0.7223140352
0.0021408743 0.7223728588
0.0021408743 0.7223728588
0.0021409179 0.722395586
0.0021409251 0.722520586
0.0021409313 0.7228301098
0.0021409748 0.7230074045
0.0021410419 0.723052354
0.0021410729 0.7231467985
0.0021411172 0.7231695257
0.0021411491 0.7233579315
0.0021411512 0.7234579315
0.0021411851 0.7235796707
0.0021412138 0.7237268929
0.0021412138 0.7237268929
0.0021412856 0.7237973709
0.0021413797 0.723872214
0.0021414431 0.7239152298
0.002141487 0.723937957
0.0021415483 0.7239870001
0.0021415513 0.7242786668
0.0021416226 0.7244016216
0.0021416338 0.7246278121
0.0021416633 0.7247611454
0.0021416968 0.7249105356
0.0021416968 0.7249105356
0.0021417221 0.725124172
0.0021417575 0.7254158387
0.0021417889 0.725514984
0.0021417919 0.725714984
0.002141801 0.725739984
0.0021418716 0.7260288729
0.0021418716 0.7260288729
0.0021418816 0.7262288729
0.0021419118 0.7263766001
0.002141968 0.7264211325
0.0021420011 0.7266127992
0.0021420332 0.7267471661
0.0021420582 0.7269132791
0.0021420932 0.7272305868
