0	0.394	0.04995382249200004
1	0.2629999999923004	0.07012745229760008
2	0.20966666666500008	0.0866860798605
3	0.17974999999900002	0.10204699638460003
4	0.1603333333335999	0.1148645154007
5	0.14530158729910003	0.12669253827049992
6	0.13256207483279986	0.13600515414439987
7	0.12297792658759991	0.1439993947627999
8	0.11424704585600011	0.15143412655609984
9	0.10725870490660003	0.1586843783569999
10	0.10118973173640003	0.16583859450059976
11	0.09596879254989998	0.17263592071719985
12	0.09093822608720013	0.17951852230519993
13	0.08686644803349998	0.1856411008715999
14	0.0832086848339001	0.19209897811539992
15	0.08010005379570012	0.19898759831279986
16	0.07698632513970005	0.20483252121209977
17	0.07409527199330003	0.21026793593379978
18	0.07150078398610014	0.21636361469079984
19	0.06895193526709999	0.22175973741159985
20	0.06675508986580002	0.22624471428879983
21	0.06468321819230011	0.2312566711870998
22	0.06278575942999998	0.23660415005379984
23	0.060906352786500084	0.24138665419099986
24	0.05917625252119992	0.24603790750899984
25	0.057498533404500014	0.24926594862669987
26	0.05585440783019996	0.2533014156865998
27	0.054396553362199965	0.2571881443176997
28	0.052969086004899996	0.26076533589869977
29	0.05156258959340005	0.2643768143864997
30	0.050268231863499935	0.2672265733423998
31	0.049055304162500014	0.2708699412097998
32	0.047992130954	0.2744921989452999
33	0.046994883404900024	0.2779001163444999
34	0.04599423594260006	0.2818654713406998
35	0.045003405063099924	0.28367155698039986
36	0.04408866154050011	0.28688162611919993
37	0.04316527571020012	0.2897174131347999
38	0.04229565325539999	0.29257170970449975
39	0.041510822899699984	0.29593820915429997
40	0.04079220817549998	0.29877615212540004
41	0.04002639147699995	0.3009354870869999
42	0.039278420428399956	0.3029762278985999
43	0.03857613309370007	0.30517822667989986
44	0.03795849921960001	0.30853173383279997
45	0.037286875971099934	0.3116024052433999
46	0.03667970839550004	0.3145809717543998
47	0.03606308181880001	0.3166199969643999
48	0.0354495495361	0.31871940867829984
49	0.03487114678239999	0.32012953573989983
50	0.034317866375700036	0.32376465563409984
51	0.033771477799499995	0.32615606399279995
52	0.033253776962700037	0.32835210120039987
53	0.03275480129289996	0.3304099875585999
54	0.03226542828180001	0.3326279206997
55	0.031797969195099945	0.33477306008249996
56	0.03132480457819999	0.3369399586046
57	0.030841705962200004	0.3390467008963
58	0.030394106427799994	0.3411910702904001
59	0.02996786585660002	0.3426701373445002
60	0.02958367556329993	0.34598268249770026
61	0.029185116537500024	0.34771852653200014
62	0.028820323020599965	0.34971250198980014
63	0.028463515087400002	0.3511022481181002
64	0.02808272441159999	0.3527453085809001
65	0.027742257987900015	0.35508033076520007
66	0.02742169750740003	0.35746289962720007
67	0.027070440660400003	0.3587820600785
68	0.02676879866360003	0.3607132536352002
69	0.026454797716099973	0.3625699487836002
70	0.026153595556499994	0.3645875914731003
71	0.02586036639670003	0.3671606295756003
72	0.0255370292775	0.36893056039470024
73	0.025257339692700033	0.3714330322527004
74	0.02495127691740003	0.3728710102009004
75	0.024649286432600018	0.3744455754019004
76	0.024373954374100015	0.3755358125976003
77	0.02411339897059998	0.3778729420477003
78	0.02384313442810002	0.37919380537420033
79	0.02358367549339996	0.3806860780409003
80	0.023328652699400012	0.3820083384913003
81	0.02308823568980003	0.38462332397960036
82	0.022832582823200002	0.3854642717267004
83	0.022584295769900026	0.3860672656533004
84	0.02234787313939997	0.3883525326207004
85	0.022122496908199986	0.3899759336350003
86	0.021899432678700027	0.39178646298460046
87	0.021679814510899988	0.3930546348434004
88	0.021456695497699987	0.3947181095170004
89	0.021246004495699987	0.39598594311180046
90	0.02103785442250002	0.39719548348590034
91	0.020834310656199947	0.39824190066540033
92	0.020626758014000005	0.3996656671880004
93	0.020418970555000002	0.4016802343714004
94	0.02022048139020002	0.40269990328970057
95	0.02003175859190002	0.40422563511430054
96	0.01984975645310001	0.40549903066740045
97	0.01966524543590002	0.40633202717900047
98	0.019490343966699995	0.40758924511550043
99	0.019307024684899986	0.4089646152403004
100	0.01914168625330001	0.4102777916362003
101	0.018966682095900012	0.4112680642703004
102	0.018800370022000003	0.4126958900788004
103	0.018636904925900016	0.4142009161182004
104	0.018484208437900006	0.4150856861629005
105	0.018328520702100014	0.4170405076449005
106	0.018177561871099993	0.41797492878240045
107	0.0180385579436	0.4194450700973006
108	0.017886160830499997	0.42069121537720067
109	0.017731094176699987	0.4218896280757006
110	0.017589050856999973	0.42302731425170065
111	0.017446939387800023	0.42439812906480057
112	0.01731163810779999	0.42506834336770055
113	0.0171786984906	0.42595457505050055
114	0.0170400381437	0.4269748394116005
115	0.016910014237	0.42840275766780045
116	0.016785547941699997	0.4299886250172005
117	0.016659534539400004	0.4313509691709003
118	0.016534454415500003	0.4324801022375005
119	0.016413402832600017	0.43377263547010053
120	0.016285341924100007	0.43482364854300043
121	0.01616485031639999	0.43589306493570046
122	0.016042804589099995	0.4374816532764005
123	0.0159234916464	0.4385976696431005
124	0.01580696085710001	0.4398583299544005
125	0.015690195202100018	0.4408449277286005
126	0.0155768004553	0.44197285318080043
127	0.015467885287100018	0.44296498500190046
128	0.01535722189529999	0.44399342576430045
129	0.0152533583568	0.44476534585270044
130	0.015146462491999982	0.4458517110414004
131	0.015040944179499994	0.4470617423906005
132	0.014933577634499982	0.44879430982330054
133	0.014831917436700004	0.44974827912670057
134	0.01472777033550001	0.4504900096184005
135	0.014625167047500016	0.4514934964161005
136	0.014524919871400003	0.4528977411889004
137	0.014422221306299996	0.4533111746474004
138	0.014322626703799997	0.4541148933480003
139	0.014226958498799982	0.4550937886015003
140	0.014138394513700001	0.45594775308360036
141	0.014042866571199991	0.45712426055960026
142	0.013948889648299993	0.45775768120850036
143	0.013858487874499998	0.4583852626104004
144	0.01376640761100001	0.45942690609780035
145	0.013681762100999998	0.4599777323571003
146	0.013598341398999987	0.46071490296070033
147	0.013516029011300031	0.4621096276805003
148	0.013430999730800008	0.4627852396702002
149	0.013346846045900007	0.4636205488054002
150	0.013264817437999997	0.4640606298695002
151	0.013180945874500007	0.46469779201530026
152	0.013100822553500016	0.4654811927568002
153	0.01302668650790001	0.4668977472324001
154	0.012948143781400004	0.4680147635049
155	0.012867633467499995	0.4683796859854001
156	0.012791237191299988	0.4692198043972001
157	0.012718599394100003	0.4702491651728001
158	0.012643600341200005	0.4707894864666
159	0.012571487776599995	0.47162125445700015
160	0.012498081555799997	0.4727476872635001
161	0.012428431200300004	0.47329495165049995
162	0.012356148439499995	0.47388347072419995
163	0.012284649384200003	0.4743984654583998
164	0.012212095465899978	0.4747889461526998
165	0.012140512609699991	0.4750026781571999
166	0.0120699535121	0.47546754459169976
167	0.012003708719500008	0.4764319094951998
168	0.011936822866200006	0.47670375764359985
169	0.011868498247099993	0.47686224891069984
170	0.01180249179699999	0.4774502078721999
171	0.011737266934900004	0.47757085415469985
172	0.011673872991500005	0.47824703050249984
173	0.011613743998199998	0.47921446103959986
174	0.0115517628651	0.4796077891932997
175	0.011488471197000007	0.4804523925572997
176	0.011425342021600006	0.4807773925571998
177	0.011364042156099995	0.48180709341199984
178	0.011306452847099994	0.4824368437236997
179	0.011248181885000003	0.48322357847069974
180	0.011188647884399995	0.4837690078473998
181	0.011129363591900006	0.48447837477229977
182	0.01107653623160001	0.48553257588989984
183	0.011017982787699984	0.48657982938159977
184	0.010964761492199993	0.4870198818096997
185	0.01091029623920001	0.4879127908297999
186	0.010856076884099982	0.4885573293831
187	0.010807253326900017	0.4894084205154998
188	0.010754499830899978	0.48977053117839986
189	0.010700129219500015	0.49023481883309994
190	0.010647488927900016	0.4906113156454
191	0.010594893789500008	0.49128500092909994
192	0.010542802306000014	0.4918707868822999
193	0.010490784160200006	0.4924307387866999
194	0.010441197720299984	0.49337045836229976
195	0.010391526222599997	0.49388858736519975
196	0.0103471606823	0.49531367231419976
197	0.010299749764700009	0.4963365951329997
198	0.010251610318500004	0.4968934512153997
199	0.010204332366400013	0.49754489120039974
200	0.010155165449300013	0.4979783824674997
201	0.010106818900999986	0.49878520064919973
202	0.010058866832399992	0.49910985099889976
203	0.010010778174500017	0.4998355835996998
204	0.009966065404399987	0.5009414777120997
205	0.009921204103800004	0.5016603246959996
206	0.009874692341299991	0.5020903668759996
207	0.00982972521929999	0.5032758083765997
208	0.009785449934099983	0.5036305738010997
209	0.009742508612500008	0.5048310348896996
210	0.009697743973100003	0.5051942383527996
211	0.009655122407199998	0.5061688879645996
212	0.009611965103399987	0.5062619363889995
213	0.009569005476799992	0.5067718303232995
214	0.009526350325099983	0.5073340456440995
215	0.009485468391000004	0.5085224777068996
216	0.009445181069700001	0.5090301486609996
217	0.009405122113900015	0.5097717549969998
218	0.009365434963600002	0.5106405404782997
219	0.009325332922999991	0.5111040267823996
220	0.009286499937700001	0.5117383443471997
221	0.009246850411599991	0.5125644008833996
222	0.009207046310000008	0.5130094480065995
223	0.009167868027099998	0.5136574982765996
224	0.009128341218799997	0.5142302709988995
225	0.009089431755199995	0.5147934242707997
226	0.009051322346899997	0.5150988807190995
227	0.009013366462299995	0.5157377413750995
228	0.008975392768	0.5160568337053996
229	0.008939154942700015	0.5168361657465999
230	0.00890368539420001	0.5178668824009998
231	0.0088681193403	0.5188643255536995
232	0.008833653620099987	0.5197314810819996
233	0.0087982488461	0.5208301652480997
234	0.008763009272699988	0.5213413408337997
235	0.008727951823500002	0.5221127007746997
236	0.008692738328399998	0.5224424353675997
237	0.008657901922399985	0.5228012957100997
238	0.008623367464100007	0.5235701907039998
239	0.008588923625600008	0.5242425708600997
240	0.008554725219899998	0.5248908788527997
241	0.0085213987173	0.5255887038014998
242	0.008487764816599998	0.5257887350710998
243	0.00845550482259999	0.5267855604678996
244	0.008423531134299996	0.5271650231755995
245	0.008392251515700003	0.5278342234730994
246	0.008359874632099995	0.5287006512480994
247	0.008328740275799999	0.5292118155873994
248	0.008298247344500005	0.5295502381361995
249	0.008268910928000002	0.5303416247474995
250	0.00823754803789999	0.5309612934844995
251	0.008207274813700005	0.5314414918091995
252	0.008175441882800012	0.5317928051299995
253	0.008145154131100002	0.5322601766471995
254	0.008114912717500004	0.5328441796117996
255	0.008084399394000012	0.5332875418049997
256	0.008054254686299998	0.5337877617746997
257	0.008023650215299999	0.5342202404069997
258	0.007994081622800001	0.5345720313239996
259	0.007964941402300009	0.5351967044088995
260	0.007935053207899999	0.5352694945573997
261	0.007906145432799995	0.5357499989722997
262	0.007877337067499992	0.5363143720022996
263	0.007848970939699992	0.5368549355085996
264	0.007820203366200002	0.5372013640799997
265	0.007792381081500002	0.5378234765771999
266	0.0077653203437000025	0.5383080231382997
267	0.007737288508100008	0.5386892860782998
268	0.007709103625699992	0.5391232561778998
269	0.007682464742800007	0.5400861097973997
270	0.007655744123299997	0.5404402346341998
271	0.007627867341900007	0.5405640441579997
272	0.007600675080000003	0.5406134344018998
273	0.007574793388800008	0.5411335418306997
274	0.007547749340299997	0.5412690431856997
275	0.007521265711100001	0.5421219089286998
276	0.007495333810199993	0.5427499422685998
277	0.0074692231106	0.5433184404369998
278	0.0074441030081000064	0.5439092448221998
279	0.007419474217599994	0.5441490381736999
280	0.007395152626900005	0.5448017689907998
281	0.0073702443731	0.5452851023240998
282	0.0073457937011000025	0.5458522551830999
283	0.0073212996146999965	0.5459685973412999
284	0.0072961751926999985	0.5467081936143997
285	0.007271748372299995	0.5472844781995997
286	0.0072470887748	0.5473532826678996
287	0.007223066661999999	0.5479195081091998
288	0.00719900402720001	0.5486488287885997
289	0.007175376699700004	0.5489882227279997
290	0.007152825624900004	0.5492158201305997
291	0.007129136138199999	0.5495385474032998
292	0.00710577974649999	0.5504107410407998
293	0.007083063211199998	0.5505973772770996
294	0.007060129327999997	0.5511840598451996
295	0.007038108916800006	0.5518590785302996
296	0.007015846511300007	0.5525747820774994
297	0.006992887003800004	0.5528343974620997
298	0.0069699007598999895	0.5537227736250996
299	0.006946811722799998	0.5539477736250997
300	0.0069242056511999986	0.5543963847361997
301	0.006902020938799999	0.5548193318836997
302	0.006880077928799999	0.5550526652169997
303	0.006858147129600001	0.5561102048994997
304	0.006836754297000004	0.5572084372225996
305	0.0068148164692000005	0.5572544203092996
306	0.006793601912799999	0.5574261881755999
307	0.0067735726711000074	0.5586275628576999
308	0.006752298971799995	0.5589325429498
309	0.006730911513199999	0.5595113953032
310	0.006710340522599992	0.5601536099362999
311	0.006689426942700003	0.5606391673377001
312	0.006668136370799991	0.5608931355918001
313	0.006647557429599993	0.5614593191667001
314	0.006627046799200003	0.5617038515763001
315	0.006607672385199995	0.5625837140304001
316	0.006587145435099999	0.5629541920666001
317	0.0065666973016000035	0.5635053575678002
318	0.0065473561670000005	0.5637267604263001
319	0.006528317017800001	0.5641609338208
320	0.006508531041100011	0.5645600596948999
321	0.006489260465799999	0.5655009250353
322	0.006470029869099999	0.5658966817263001
323	0.0064505069863999955	0.5664611260239001
324	0.006432056156199995	0.5669236270732
325	0.006412888764500003	0.5670590025673001
326	0.0063935851574000125	0.5677513102596001
327	0.006375603010299995	0.5680795614931001
328	0.006356399280300009	0.5682919859250002
329	0.006338529022099995	0.5690059386390001
330	0.006320680668400007	0.5694457464918002
331	0.006302483675299988	0.5696458564158002
332	0.0062849958612999956	0.5702077798629002
333	0.006267161616999997	0.5704555987108001
334	0.006248604701399999	0.5706201949841001
335	0.006231138086900002	0.5711942916238002
336	0.006213183592899995	0.571627386715
337	0.0061954646737000015	0.5720156356277
338	0.0061776661488	0.5726049130169999
339	0.0061603418069999935	0.5729091320787
340	0.006142987988800006	0.5731890998368999
341	0.006125972281399999	0.5735351535416999
342	0.006108654710900001	0.5741028538001
343	0.006092093489100007	0.5744383872279999
344	0.006074971395099996	0.5749644715158999
345	0.006058163287800004	0.5753658418845999
346	0.006040721164300001	0.5754658418845999
347	0.0060237744562999926	0.5758497667015999
348	0.006007644115899999	0.5766055129927999
349	0.0059910247986999935	0.5768207502915998
350	0.005974822384299994	0.5775652367692999
351	0.005958283044799994	0.5776996241212
352	0.005942052253	0.5777649045854999
353	0.0059258078963000055	0.5782686776098999
354	0.005909883004499996	0.5789009599614999
355	0.005893581204899995	0.5792354837710001
356	0.005877612455199997	0.5798842849697001
357	0.005861785881599996	0.5806283342875003
358	0.005846030364899999	0.5810527848370002
359	0.005830660890200003	0.5817728484265001
360	0.005815557821300007	0.5819914238984001
361	0.005800322234099994	0.5827192329456001
362	0.00578485045580001	0.582868683495
363	0.0057696053057	0.5830292374799
364	0.005754741352299998	0.5833249646253001
365	0.005739286028200012	0.5835582979586001
366	0.005723943819900001	0.5838474316972001
367	0.005709059766199998	0.5841295308038001
368	0.005693968928899996	0.5844829496071002
369	0.0056790169194000035	0.5845292262028001
370	0.005664455908300008	0.5848671474620001
371	0.005649726152000001	0.5853199252398
372	0.005635016701500004	0.5859856349685999
373	0.005620049635199997	0.5867652442481
374	0.005605552197599994	0.5872547138570001
375	0.005591335161700008	0.5878864959638002
376	0.005576953138599992	0.5884481652886001
377	0.005562834494299996	0.5890361079015002
378	0.005548476232199999	0.5896951738356001
379	0.005534040745500001	0.5897208148613001
380	0.005519790539299999	0.5899022722927002
381	0.005505990151299999	0.5901394808204002
382	0.005491960966500006	0.5906376982891002
383	0.005478829167500004	0.5911307509729001
384	0.005464659004599995	0.5914640843063
385	0.005451017313400002	0.5916434089070001
386	0.005437211705199993	0.5921593179978001
387	0.005423847573200001	0.5928171901979
388	0.005409904518499991	0.5928171901979
389	0.005396275607699993	0.5929421901979
390	0.005383479142899995	0.5934538264339999
391	0.005370011913499995	0.5935241727542998
392	0.005356683588599995	0.5936811171987998
393	0.005343422070000003	0.5938922502685998
394	0.005330207677799994	0.5942310226074998
395	0.005317364559900002	0.5947045275303999
396	0.0053040086657000045	0.5950973846732
397	0.0052909842752000055	0.5952201119458999
398	0.005278212386000001	0.5954690497694998
399	0.005265559248500001	0.5956185886362997
400	0.0052524281777999934	0.5956185886362997
401	0.005239652550200008	0.5960316565625998
402	0.005226724632799999	0.5960549123764998
403	0.005213823866899998	0.5961799123764997
404	0.005200950228399997	0.5961799123764997
405	0.005188557574200002	0.5964936213282999
406	0.005176254909599991	0.5968737811078997
407	0.005163663891099999	0.5970819150791998
408	0.005151670914500006	0.5975842307221998
409	0.005139556874999995	0.5979737606366997
410	0.0051277073884999965	0.5987824592242997
411	0.005115467188800004	0.5989966241291997
412	0.0051037828997000005	0.5990939230052997
413	0.0050918565285999985	0.5994559614705998
414	0.005079899784199993	0.5997222442073996
415	0.005068057422000005	0.6001425905277997
416	0.005056047233800003	0.6002914000515996
417	0.005044299714499998	0.6006216510063999
418	0.0050329142963	0.6009716066062998
419	0.0050210782098000055	0.6012448624202998
420	0.005009506263699995	0.6018809735312999
421	0.004997781050000001	0.6019951384360999
422	0.004986289350999999	0.6023368051027997
423	0.004974662419700002	0.6023600609167997
424	0.004963371582900001	0.6024333480002998
425	0.004951742465999993	0.6026000146669998
426	0.00494057814780001	0.6027465514634998
427	0.004929209022599995	0.6031188670564998
428	0.004917914177100006	0.6036478103353998
429	0.004906487959799999	0.6038478103353998
430	0.004895399391400002	0.6043393201175997
431	0.004884618084399999	0.6050734394260998
432	0.00487350217460001	0.6052633619066998
433	0.004862659579600003	0.6055035328466999
434	0.0048519555844999925	0.6056863830882999
435	0.004841509546700004	0.6059582445602
436	0.0048305820886999995	0.6062092781520001
437	0.004819631371799998	0.6064681016815001
438	0.004808973690899997	0.6065438077148001
439	0.004798600791099992	0.6072039953009002
440	0.004787935081899996	0.6073147756454002
441	0.004777664429600001	0.6078289405504003
442	0.004767235519899995	0.6079622809879003
443	0.004756594668699998	0.6081135967774003
444	0.0047463742749000015	0.6086081665351002
445	0.004735737194000001	0.6088581665351002
446	0.004725242577900001	0.6092371347891002
447	0.004715008357899999	0.6095134505785001
448	0.004705012049999998	0.6096766585456003
449	0.004694723997899999	0.6098427715023003
450	0.004684495913199993	0.6101915810261002
451	0.004674893867999997	0.6106103230933001
452	0.004664778232999996	0.61092698976
453	0.004654847098999998	0.6111477689808001
454	0.004644809456300003	0.611344719691
455	0.004634772227499994	0.6118701165164001
456	0.004624902821899994	0.6120584282046001
457	0.004615275710599999	0.6121510421966002
458	0.0046053485217000005	0.6125146785602001
459	0.004595761303300006	0.6129446463184003
460	0.004586318056300002	0.6138444469563004
461	0.0045766621091999984	0.6141466710243003
462	0.004566856439400008	0.6141744488021003
463	0.004557162390500002	0.6143619488021003
464	0.004547514332600003	0.6143869488021003
465	0.004537939522000001	0.6146082253979004
466	0.004528624950499998	0.6149136157441003
467	0.004519085078999998	0.6150663935219003
468	0.004509481260899995	0.6153759173314003
469	0.004500379007399996	0.6154714173263003
470	0.0044913188638	0.6156696731402004
471	0.004481955649100005	0.6156909497359004
472	0.0044725692614000076	0.6161068588268005
473	0.004463133460000004	0.6161068588268005
474	0.004453958531199999	0.6164663826364005
475	0.004444830496199991	0.6168247159698005
476	0.004435573598700004	0.6173286842238006
477	0.004426473223400004	0.6174625226077005
478	0.004417575749500002	0.6177844733179005
479	0.004408567372399999	0.6180959812544005
480	0.004399910918099997	0.6184160074034005
481	0.004390795359600003	0.6185826740701005
482	0.004381871516499999	0.6189423231929005
483	0.004372818062000002	0.6189423231929005
484	0.0043640140676999934	0.6191905790069007
485	0.004355457122299996	0.6194956939865006
486	0.004346656743000001	0.6196623606531007
487	0.004338072332799997	0.6201945035102006
488	0.004329280313200003	0.6204717275781005
489	0.004320785875799995	0.6208223588913003
490	0.0043121225108	0.6211627142724004
491	0.004303753819500006	0.6218559650308004
492	0.004295270460700001	0.6221455613042004
493	0.0042866573686999995	0.6221673004346004
494	0.004278380315300002	0.6223543814157004
495	0.004269924926799997	0.6225460480823004
496	0.004261571907300002	0.6229075287070004
497	0.004253111112200002	0.6231668956321005
498	0.004244932530900005	0.6235626871356005
499	0.004236805940699999	0.6238850672916005
500	0.004228460574100001	0.6241761802484006
501	0.0042203937712999955	0.6245790543034005
502	0.004212188722100006	0.6247209969860004
503	0.004203854780099999	0.6248638541288004
504	0.004195612496499994	0.6250299670855004
505	0.004187492284100003	0.6253600395493004
506	0.0041795474261999985	0.6255517062160005
507	0.004171455328400004	0.6255767062160005
508	0.004163556557599997	0.6257923219011006
509	0.0041555845780000015	0.6261995900715004
510	0.004147876577599997	0.6271945553817005
511	0.004140091260400003	0.6275533937656005
512	0.0041321801892999985	0.6278306178336004
513	0.004124416701900002	0.6282111733892003
514	0.0041166414361	0.6286172191407002
515	0.0041087046821000036	0.6286886477121003
516	0.004100906842000001	0.6288119035261003
517	0.004093008629300005	0.6289785701927003
518	0.004085389078299999	0.6294107620204002
519	0.004077709733600003	0.6299716016193002
520	0.004069894067500005	0.6301144587622003
521	0.004062133964600002	0.6303573159050003
522	0.004054436310099999	0.6304836316945003
523	0.0040469060318999986	0.6310082348693002
524	0.004039433018899996	0.6312232698343002
525	0.004031930255100003	0.6316499505066002
526	0.004024311877200004	0.6319166171733002
527	0.004016761679299997	0.6322337167404002
528	0.004009168558099997	0.6322337167404002
529	0.004001668046699996	0.6322581069843002
530	0.0039942700054	0.6324692180954001
531	0.003986761977699999	0.6324692180954001
532	0.003979633470099997	0.6327706301621002
533	0.0039723524875	0.6334349801395004
534	0.003964944966000006	0.6335183134729004
535	0.003957898579200003	0.6336825096473004
536	0.003950628569000004	0.6338047318695005
537	0.003943416436799998	0.6340590744190004
538	0.003936155236300001	0.6343812966412005
539	0.003928934520500001	0.6344056868851006
540	0.003921897249200003	0.6349116309411005
541	0.003914909317099999	0.6351222103010005
542	0.003907983907999993	0.6351938344132005
543	0.0039008270967000043	0.6352938344132005
544	0.0038937267467000006	0.6353216121910006
545	0.0038865953790000003	0.6353216121910006
546	0.003879590166600001	0.6354266846549006
547	0.0038725671288000045	0.6354499404688007
548	0.0038655298336000028	0.6355499404688005
549	0.003858597289899995	0.6359128830817006
550	0.0038520020803999994	0.6362140716594006
551	0.0038452170976000016	0.6364051846163005
552	0.003838263721400004	0.6364051846163005
553	0.0038313354478999974	0.6364051846163005
554	0.0038245909321000036	0.6368332072437006
555	0.0038178348737000012	0.6370564630576006
556	0.003811028853699999	0.6371120186131006
557	0.0038043721729000054	0.6374535687297006
558	0.0037977070562999985	0.6377879356547006
559	0.0037909318009999938	0.6379879356547006
560	0.003784180690699999	0.6382379356547006
561	0.003777671669199998	0.6385474002098007
562	0.003771163327400004	0.6389428250464007
563	0.003764687120499995	0.6393781723639007
564	0.003758105262799999	0.6397465197028008
565	0.0037517739856000017	0.640251854860201
566	0.0037453309844000015	0.6403334056623009
567	0.0037387370916999976	0.6403334056623009
568	0.003732265042000001	0.6405566614763009
569	0.003725987585399996	0.6406251408675009
570	0.003719734707299996	0.6411516141847009
571	0.0037133384620999994	0.6413016141847009
572	0.003706882265399998	0.6414604377141009
573	0.0037006969680999998	0.6418943640631009
574	0.0036943636304000035	0.6422187543071008
575	0.003687997945999999	0.6422420101211008
576	0.003681726205099999	0.6425348672639009
577	0.003675472973800001	0.6425798622083009
578	0.003669354295099999	0.6426535581538009
579	0.003663398765000001	0.6429145762055007
580	0.0036572767870999973	0.6434148522216009
581	0.0036510694332000044	0.6435365913520009
582	0.003644839185600001	0.6437184095338008
583	0.003638958050800001	0.6442249343097007
584	0.003632845541900004	0.6443616864465007
585	0.0036268990669999983	0.6448863115797009
586	0.003620752232099996	0.6453529782464008
587	0.0036147215355	0.6456619526054008
588	0.0036086880813999984	0.6460869526054008
589	0.0036027035847000007	0.6464804507739008
590	0.0035966876668999987	0.6466287065878008
591	0.0035907004860000003	0.6470614862114008
592	0.003584773095800002	0.6472299843800008
593	0.003578939012900001	0.6474541296791009
594	0.003573107283000001	0.6477232695228007
595	0.003567280766099999	0.6480376634622007
596	0.003561423065899996	0.6483166317161008
597	0.003555554053099996	0.6485321952224008
598	0.0035496961430999986	0.6489571952224007
599	0.0035438382191000026	0.6493397709800008
600	0.003538027333100001	0.6493630267940008
601	0.003532268667299997	0.6494481661129008
602	0.0035264108393	0.6494481661129008
603	0.003520744816900001	0.6496602873250008
604	0.0035150890565999993	0.6499595297492008
605	0.0035095142200000013	0.6504843998749008
606	0.003504016991999997	0.6508015050619008
607	0.003498369937199994	0.6511197590301008
608	0.0034926685562000027	0.6511419812524007
609	0.003486980434299997	0.6513530923635009
610	0.003481380399599999	0.6517153689758008
611	0.0034756918713	0.6517153689758008
612	0.003470138802299997	0.6519410100014008
613	0.0034645533152999996	0.6522430302034008
614	0.0034590070031999985	0.652725109546701
615	0.003453510131000002	0.653326425336201
616	0.003447933850999999	0.653651425336201
617	0.0034425036718000006	0.6537033821513011
618	0.0034369553051999987	0.6538033821513011
619	0.003431507928200005	0.6540054023534011
620	0.0034261012389000013	0.6541473450361012
621	0.003420760778299998	0.654422768871701
622	0.0034153240101999992	0.6544505466494009
623	0.0034099353501000004	0.6547759434748011
624	0.003404594468299997	0.6548269770665011
625	0.003399275565700001	0.655049704339201
626	0.003393973435500002	0.6554458294559011
627	0.003388637372099998	0.6557236072337012
628	0.0033832904083999993	0.6561331310431011
629	0.003377930167000003	0.6563331310431011
630	0.0033726194988000003	0.6567795596145011
631	0.0033673605656999953	0.656800392947801
632	0.003362070780900001	0.656859216477201
633	0.0033567678328	0.656859216477201
634	0.003351570721999996	0.657300883143801
635	0.0033463750088000006	0.657435250068901
636	0.003341173343900002	0.6575824722911011
637	0.0033359486590000048	0.657665805624501
638	0.0033308185565999997	0.657858234370801
639	0.003325614151099998	0.657858234370801
640	0.003320596086099998	0.658096061083001
641	0.0033157678051000056	0.6584847975912008
642	0.0033106762939000044	0.6586764642579009
643	0.003305737715900002	0.659243711644701
644	0.0033006245399000034	0.659410378311301
645	0.0032956180956999997	0.6598929540689009
646	0.003290603115599998	0.660060811211801
647	0.003285681961499997	0.660235811211801
648	0.0032807923221999944	0.660738148413601
649	0.0032758536593999973	0.6607875386575011
650	0.0032708498979999987	0.6610125386575011
651	0.003265960090699997	0.6610638544469011
652	0.0032610335509000014	0.661447692830701
653	0.0032562130051000055	0.6617233338563011
654	0.003251274270199999	0.661745072986701
655	0.0032465570413999973	0.6621511335927011
656	0.0032417173365000013	0.6625517746184011
657	0.003236878347300002	0.6627017746184011
658	0.0032319803384999995	0.6630351079518011
659	0.003227239270499998	0.6635495018911012
660	0.0032223774783999965	0.6638590257006013
661	0.0032175235095	0.6639590257006013
662	0.0032126955184000033	0.6641499347915012
663	0.0032078661815999974	0.6642499347915012
664	0.0032030671586000003	0.6642777125693012
665	0.0031983432918999957	0.6645259683832012
666	0.003193570616299998	0.6648037461610012
667	0.003188803250300003	0.6649704128277012
668	0.0031840434198999986	0.6651704128277013
669	0.003179391213700002	0.6658763652086013
670	0.0031747394148999974	0.6660239575938014
671	0.0031700372132000016	0.6662675473375014
672	0.003165364382400004	0.6664110880074015
673	0.0031609119783000007	0.6667487377609014
674	0.0031562992751999956	0.6670417202170014
675	0.003151643304700003	0.6671417202170015
676	0.0031469879961999953	0.6671417202170015
677	0.0031423594553999998	0.6674274345028015
678	0.0031377423626000045	0.6675702916457015
679	0.0031331388313999954	0.6676472147226015
680	0.003128578951500003	0.6676716049665015
681	0.0031240431130000034	0.6681489609440013
682	0.003119494797200002	0.6683114609440014
683	0.0031149746866999998	0.6686107033683016
684	0.0031105400651000024	0.6689561814045015
685	0.0031061733776999983	0.6690306983128015
686	0.003101664713999999	0.6691973649795014
687	0.0030971839039000003	0.6697223649795015
688	0.003092688715899999	0.6697223649795015
689	0.003088319815999997	0.6698006478078015
690	0.0030838504678999956	0.6698006478078015
691	0.0030794107182000063	0.6700506478077015
692	0.003075037820500002	0.6700733750804015
693	0.0030706069299000008	0.6700733750804015
694	0.003066205327400001	0.6701733750804014
695	0.003061799861799998	0.6701733750804014
696	0.003057435811799997	0.6704400417471015
697	0.0030531867039999975	0.6704913575366016
698	0.0030488371626000016	0.6705746908699016
699	0.0030444816814999983	0.6705746908699016
700	0.003040272745299999	0.6709746908699016
701	0.003035968213599995	0.6712246908699017
702	0.0030316758931000004	0.6714358019810016
703	0.0030273755771000003	0.6715358019810017
704	0.0030231035292000003	0.6716575411114016
705	0.003018883620699998	0.6716825411114017
706	0.0030147394892000006	0.6719280191476015
707	0.0030105371612000084	0.6720608693891016
708	0.0030062909880000013	0.6720608693891016
709	0.0030020864901999997	0.6724148376431015
710	0.0029978700726999976	0.6725148376431015
711	0.0029937265543999994	0.6728122177991016
712	0.002989531708399997	0.6729550749419015
713	0.002985405413600001	0.6730778022147016
714	0.002981290574000001	0.6732677246953015
715	0.0029772553223999993	0.6740030812025014
716	0.0029731922985000016	0.6742395891391014
717	0.002969051363300001	0.6742395891391014
718	0.002964931601700001	0.6743645891391015
719	0.0029608579471999976	0.6748843693589014
720	0.002956807058599998	0.6756482582478013
721	0.0029527289984000015	0.6757593693589014
722	0.0029486583764999985	0.6758704804700014
723	0.002944646604799999	0.6760598744093014
724	0.002940630622399997	0.6760826016821013
725	0.0029365877456000006	0.6762492683488014
726	0.002932561650799998	0.6763492683488014
727	0.002928599352900001	0.6763719956216013
728	0.0029245820711	0.6763719956216013
729	0.0029206263902000007	0.6763983114111013
730	0.002916709497300005	0.6766733114110013
731	0.002912730513000001	0.6768161685539013
732	0.002908831147699999	0.6768388958266012
733	0.0029049515740999948	0.6772366230993012
734	0.002901058413999999	0.6773598789133014
735	0.002897137036599997	0.6778027360562012
736	0.002893292464000002	0.6783219089885013
737	0.0028893940142999965	0.6785885756552013
738	0.0028855390031000015	0.6792711514128013
739	0.002881648744700001	0.6794378180794013
740	0.0028779035630999974	0.6796777815438012
741	0.002874043125799998	0.679944448210501
742	0.0028702364730999953	0.6799677040244011
743	0.0028664471817999985	0.6800899262467011
744	0.002862639189999994	0.6801143164906013
745	0.0028588485279000047	0.6803042389713013
746	0.0028550285804000005	0.6804470961141014
747	0.002851222405099994	0.6805240191910013
748	0.002847456643900001	0.6806946541117013
749	0.0028437825387000013	0.6810757601672012
750	0.0028400596226000004	0.6810984874399012
751	0.0028362900111000016	0.6813901541065013
752	0.0028325673916000005	0.6815028023279013
753	0.0028288106703999996	0.6815028023279013
754	0.002825156754800003	0.6816896208234012
755	0.002821484428199996	0.6819653282078012
756	0.0028177624636	0.6821653282078013
757	0.0028140955063	0.6824813851184014
758	0.0028104277433999942	0.6826290041660014
759	0.0028067920560000004	0.6829886532888013
760	0.0028031158334999974	0.6831136532888012
761	0.002799476763399998	0.6831399690783013
762	0.002795867765099998	0.6832882248923012
763	0.0027922647145000026	0.6834781473730013
764	0.0027886437066	0.6836725918173013
765	0.0027850746653	0.6838214013411011
766	0.0027814503277999963	0.6839123104320012
767	0.0027778912984999997	0.6839350377047011
768	0.002774354951799993	0.6840688760885012
769	0.0027709557118999997	0.684660080620201
770	0.002767565024499999	0.6847866192623011
771	0.002764099071800001	0.6849570738079012
772	0.0027606018197999975	0.6853581073997012
773	0.0027570934988999964	0.6857053296219011
774	0.0027535991443000045	0.6858704089869011
775	0.0027500506916000016	0.6858704089869011
776	0.002746551075600001	0.6858936648009012
777	0.002743063703899999	0.686429775912001
778	0.002739590169600001	0.6867196983927011
779	0.0027361336859999985	0.6869085872816011
780	0.0027326892578000013	0.6869342283073011
781	0.0027291947699	0.6869342283073011
782	0.0027257711103999996	0.687168877430101
783	0.0027223024875000002	0.6873688774301011
784	0.0027189075182000016	0.6874901540259011
785	0.0027155097795999996	0.6877512651371012
786	0.002712114147800001	0.6877745209510011
787	0.0027087318878	0.6880406339078011
788	0.002705393423100002	0.6885062183234012
789	0.0027020488901999995	0.6885563436367013
790	0.0026988005042999997	0.6887489576287013
791	0.0026954056652000007	0.6888739576287013
792	0.0026920146075999985	0.6889648667196013
793	0.002688624162100002	0.6889648667196013
794	0.002685295972500001	0.6889870889419013
795	0.0026819429752000037	0.6892299460848014
796	0.002678708431	0.6896528756913012
797	0.0026754175237999997	0.6898189886482013
798	0.002672112872600002	0.6901094648387013
799	0.0026687774143999985	0.6902761315054011
800	0.002665531221300002	0.6907150203944012
801	0.0026622231439999994	0.6909150203944012
802	0.0026589666558999962	0.6909622426166012
803	0.0026556795701000034	0.6909900203944012
804	0.0026524360732999974	0.6911150203944012
805	0.002649195946900001	0.6914160539861013
806	0.002645999056	0.6915742826139013
807	0.002642840573400002	0.6920824590627014
808	0.0026395737726000023	0.6920824590627014
809	0.002636392674000001	0.6921250315266014
810	0.0026332178083	0.6925411444833013
811	0.0026299885630999996	0.6926411444833015
812	0.002626785376700002	0.6926661444833013
813	0.0026236216769999947	0.6928222505387015
814	0.002620459648699999	0.6929220376080015
815	0.002617281302700002	0.6929470376080016
816	0.002614155583299999	0.6929937767384016
817	0.0026109941272999997	0.6930187767384015
818	0.002607841835399998	0.6930437767384016
819	0.0026046630265000002	0.6931866338813015
820	0.0026015586381000016	0.6932818989868015
821	0.002598479460799999	0.6938122020171014
822	0.0025953811184999988	0.6940125988424013
823	0.002592341710500001	0.6943179018726015
824	0.0025893021988999997	0.6947142693940014
825	0.002586177698200001	0.6948253805051015
826	0.002583050520399996	0.6948253805051015
827	0.002579930893400003	0.6948253805051015
828	0.002576839140399995	0.6949476027273014
829	0.0025737475627999992	0.6949726027273014
830	0.0025706720884000047	0.6951923829471015
831	0.0025675823392000007	0.6951923829471015
832	0.0025645532673999973	0.6952146051693016
833	0.002561496929400001	0.6954146051693014
834	0.002558472245500003	0.6956373324420014
835	0.002555426162699999	0.6958873324420014
836	0.0025523730841000005	0.6958873324420014
837	0.002549354315999998	0.6964567768863015
838	0.0025463739311000003	0.6967497593424014
839	0.002543443034900002	0.6967942917522014
840	0.0025405274662000017	0.6972122742084014
841	0.002537532754999998	0.6974377644044013
842	0.0025345226332999966	0.6974377644044013
843	0.002531542077199999	0.6974599866267014
844	0.0025286021259	0.6976632254932014
845	0.0025256648694999993	0.6976870350171014
846	0.0025227581560999996	0.6981592572393013
847	0.0025198387643000017	0.6983842572393013
848	0.0025168998581999993	0.6984075130532013
849	0.0025140023913000045	0.6987241797198012
850	0.0025111433818	0.6987743050331012
851	0.002508224926199996	0.6987975608470013
852	0.0025053379899000017	0.6988197830693013
853	0.0025024248811000007	0.6992293068788012
854	0.002499565019	0.6993648082338012
855	0.002496794915	0.6995597889984013
856	0.002493920940899998	0.6998186125278013
857	0.0024911350278000025	0.6998923733922013
858	0.0024882444650000004	0.6999923733922013
859	0.002485387621600002	0.7003732049639012
860	0.002482538716799999	0.7005209322366013
861	0.002479764939600001	0.7008194702483013
862	0.0024769478435000022	0.7011722480261013
863	0.0024741144576999985	0.7013627242166013
864	0.0024712902489999974	0.7013890400061012
865	0.002468473860700002	0.7014122958201013
866	0.0024656811960000013	0.7014335724158013
867	0.002462939981699999	0.7020123837853014
868	0.002460112371700003	0.7024623837853013
869	0.002457284656699999	0.7024623837853013
870	0.0024545160988	0.7025856395993014
871	0.0024517801047000028	0.7028840078977016
872	0.0024489755833000003	0.7030268650406015
873	0.002446193165699997	0.7032704547843015
874	0.002443422305100002	0.7035973778612014
875	0.0024407098064999984	0.7039428558974015
876	0.0024379800318999976	0.7042734114530015
877	0.002435248639900001	0.7046868172501014
878	0.002432533753599999	0.7049606267739015
879	0.0024298301354000003	0.7051761902802016
880	0.0024270836801999966	0.7055170993711015
881	0.0024243524291000006	0.7059139247680015
882	0.0024216670553999994	0.7063033187073016
883	0.002418959568200002	0.7064500578377015
884	0.0024163346847999997	0.7067882361322017
885	0.002413649434500004	0.7071528324055014
886	0.002410962575300003	0.7074472768498012
887	0.002408261461399998	0.7077389435165014
888	0.0024055651462000015	0.7079298526074014
889	0.0024028723509999994	0.7080207616983014
890	0.0024001755229	0.7080207616983014
891	0.0023974922784000003	0.7081636188411015
892	0.0023948551120999985	0.7084039181759013
893	0.002392208800099998	0.7084266454486013
894	0.0023895359407999995	0.7084266454486013
895	0.0023869200609000015	0.7084510356925013
896	0.002384270230700001	0.7088121468037013
897	0.0023816151408000016	0.7088121468037013
898	0.002379113037499998	0.7089942410016011
899	0.0023765053393	0.7091609076683012
900	0.002373867710900001	0.7091609076683012
901	0.002371235927699999	0.7091609076683012
902	0.0023686099734	0.7091609076683012
903	0.0023659996090999976	0.7092609076683011
904	0.0023633962205000013	0.709372018779401
905	0.0023607985686999984	0.7094720187794009
906	0.002358200560100006	0.709614875922201
907	0.002355643404599999	0.709722599499401
908	0.0023531123828999974	0.709770967797701
909	0.002350526544300005	0.709770967797701
910	0.002347951200600002	0.7098709677977011
911	0.0023453766911999976	0.7098709677977011
912	0.0023428138157000006	0.7100138249406011
913	0.002340270889	0.7102475911743009
914	0.0023377132156999995	0.7102475911743009
915	0.0023351635072000007	0.710372591174301
916	0.002332656184200001	0.7107958469882009
917	0.0023302182896000013	0.711044890050401
918	0.0023277264486	0.7112365567170009
919	0.0023252777445000017	0.7114855997792009
920	0.0023227942308000006	0.7116344093030009
921	0.0023203031328000007	0.7121169850606008
922	0.0023177974674999996	0.7122419850606009
923	0.0023153381692000027	0.712581149965401
924	0.002312864288500001	0.712805392389701
925	0.0023103665962000033	0.712805392389701
926	0.002307884753300004	0.713073249532501
927	0.0023055648390999986	0.713497758765401
928	0.002303113162900001	0.7136471490093009
929	0.002300642470700002	0.713813815675901
930	0.0022982012856000026	0.7138370714899009
931	0.0022957929028999987	0.7138805497507009
932	0.0022933988058000013	0.7139255446952009
933	0.002290943344100001	0.7139255446952009
934	0.0022885079931000037	0.7142024677721008
935	0.002286067566399999	0.7144024677721008
936	0.002283665338399998	0.7145302455499007
937	0.0022812341350999963	0.7146969122166008
938	0.0022788432271999975	0.7148970911075009
939	0.002276443795100001	0.7149248688853008
940	0.0022740246212000007	0.7149248688853008
941	0.002271610581100001	0.7149248688853008
942	0.0022692016629000046	0.7149248688853008
943	0.0022668090586	0.7152165355519009
944	0.0022644483512000006	0.7152397913658008
945	0.0022620624545000006	0.7153509024769008
946	0.002259682703500003	0.7155870135880009
947	0.0022573068530000007	0.7156703469213008
948	0.002254928237000001	0.7156703469213008
949	0.0022525800864999987	0.7156981246991009
950	0.002250228010799999	0.7159557004567009
951	0.0022478731446999977	0.716280700456701
952	0.0022455749053999973	0.7163322877583009
953	0.0022432583725000006	0.7165239544250009
954	0.002240909410699999	0.7165239544250009
955	0.002238625480700004	0.7165706935554009
956	0.0022362862672	0.7165706935554009
957	0.0022339606462999984	0.716824661809401
958	0.0022316366100999996	0.7170246618094008
959	0.0022293488429999996	0.717262793122501
960	0.002227077695799999	0.7176366026463009
961	0.002224762646199999	0.7176366026463009
962	0.0022224901053000006	0.7176598584603009
963	0.002220208269000002	0.7179922869014008
964	0.002217922554000002	0.7182283980125007
965	0.0022156265700000004	0.7182283980125007
966	0.0022133449451000025	0.7184193071034009
967	0.0022110946808000013	0.7185420343762008
968	0.0022088234872000008	0.7186420343762009
969	0.0022065463505999954	0.7186420343762009
970	0.0022042781411000007	0.7187531454873008
971	0.0022020568880000008	0.7190061216777008
972	0.002199859145699999	0.7192672327888008
973	0.0021976311013999967	0.7195973052526008
974	0.0021953834274	0.7196190443830008
975	0.002193227393399998	0.7197105761238008
976	0.002191007652699999	0.7199482243452009
977	0.002188788245399999	0.720237820618501
978	0.0021865608458000005	0.7204378206185008
979	0.0021843650272999958	0.7205855478912008
980	0.0021821746865000008	0.7208470919027009
981	0.0021799721972000003	0.7212188310331008
982	0.0021778020801000025	0.721510497699801
983	0.0021756445807000024	0.7217671574652009
984	0.0021734471310000006	0.721792157465201
985	0.002171262345600001	0.7222183479414009
986	0.002169127090900002	0.722366603755401
987	0.002166967436799999	0.7225559976949011
988	0.0021648223296	0.722600464098001
989	0.0021626927176000015	0.722644930501301
990	0.0021605510746999994	0.7228555585206011
991	0.0021584096452999984	0.722901687895001
992	0.002156312005400003	0.7229766878950009
993	0.002154152787600001	0.7229984270254011
994	0.0021519878096	0.7229984270254011
995	0.002149827181800001	0.7229984270254011
996	0.0021477070642000017	0.7230240680511011
997	0.0021455550530000015	0.7230240680511011
998	0.0021434073511000023	0.7230240680511011
999	0.0021413228842	0.723194017546001
1000	0.0021391837011	0.723194017546001
