0	0.4115	0.050424190282400035
1	0.2720833333265005	0.07095698293820006
2	0.21605555555460002	0.08713794930760008
3	0.18374166666670005	0.10016545228720004
4	0.16149333333309998	0.11193958311450006
5	0.14405396825210007	0.12136310443
6	0.1313855442204999	0.13038672473229998
7	0.1211151289687	0.13899103218560002
8	0.1125578924160001	0.14743186354419993
9	0.10556573953910005	0.15519924512879993
10	0.09882491473469998	0.16141049264719978
11	0.0936343769662999	0.16758527024529984
12	0.08888777653650003	0.17346777152279977
13	0.08521484011759997	0.18032748089019998
14	0.08198385077939996	0.18674606184119996
15	0.07871280128130004	0.19283137739899991
16	0.07579178682630008	0.19883860007059984
17	0.07315715539880001	0.20495847715979984
18	0.07089098931740018	0.21207672875919983
19	0.06845596366449999	0.2174188679025998
20	0.0663152034909	0.22233111762019991
21	0.06417044127750009	0.22651850546639996
22	0.062157596003199964	0.2312499469482999
23	0.060334362837799936	0.23564344925519984
24	0.05849791139959993	0.23975504881309984
25	0.05685625383780004	0.24396579499329982
26	0.05543565184309993	0.24824426035409988
27	0.05398659531359999	0.2514877549579998
28	0.05250889662419996	0.2544641387291998
29	0.05127580437439997	0.25893033465689996
30	0.05005017358469999	0.2618833276754001
31	0.048895196570399965	0.2660773360098
32	0.04771388045490005	0.2683584307953001
33	0.04655674951679999	0.27183425693540003
34	0.04558846143530008	0.2759403892548999
35	0.04468172489239991	0.2789134518506999
36	0.04377638666650008	0.28280733344329984
37	0.042841650445500125	0.2848557037039998
38	0.04202071068809997	0.2879016090743999
39	0.041234217314199975	0.2912443682536998
40	0.04050260458299998	0.2946916992695998
41	0.03978576515689995	0.2965083410807
42	0.039114214593799934	0.30010797835
43	0.038409093552000007	0.30295908239500013
44	0.03776232142730003	0.30535656848239995
45	0.03707969926809999	0.30705912214260006
46	0.036414439707100024	0.30934837362350015
47	0.03574679194200004	0.31118207681840016
48	0.035167061495800025	0.31440216209820016
49	0.034574700658899976	0.31654362267470026
50	0.03401403533450004	0.31858037501490033
51	0.03347494104170001	0.32149861789780015
52	0.032904484433600015	0.3237042872314003
53	0.032403222935100014	0.32606345128440034
54	0.031905307195300034	0.32811289830850016
55	0.03145023122179996	0.32977987810950016
56	0.030969253175200058	0.33210285898890013
57	0.030540794398499986	0.3349461278845002
58	0.030112701840500026	0.3371077731551001
59	0.029684867191400045	0.33961431240360007
60	0.02928865836940002	0.34175202218780004
61	0.028876936537199974	0.3439072351307
62	0.028505626034600006	0.34655712009070005
63	0.028115273705700005	0.34796670668459995
64	0.027735877886199987	0.35041743567550004
65	0.027364031706300033	0.35137922681649997
66	0.027014217358900017	0.3530802900386
67	0.026687495066299992	0.3549869747834001
68	0.026368007562499973	0.3566997608167998
69	0.02603075835930001	0.35823423359859974
70	0.025707555186099997	0.35961744131679974
71	0.025410817836100004	0.3614818900927998
72	0.025108448246199986	0.3628472454817999
73	0.02483779353990003	0.36392292112880004
74	0.024546096643400028	0.3657032960075001
75	0.02426772182350002	0.3685703072776001
76	0.023998510650599967	0.37000225837559997
77	0.023743742340200002	0.37113372998069993
78	0.02347515066479999	0.37227484076890005
79	0.023223377946900027	0.3736765283186
80	0.022973405500200023	0.3755684861669001
81	0.022725419510500017	0.3767547026315001
82	0.02248188318829998	0.37839989405480007
83	0.022242673092799984	0.3796791737635
84	0.022004387198800015	0.38159912891060005
85	0.021783004991600005	0.3834779306690001
86	0.021580170032000003	0.38504466611580024
87	0.02136443521180003	0.3866102320797004
88	0.02114872994679998	0.3879876920229004
89	0.020956601199499995	0.38989924026520034
90	0.020757842561699994	0.39127228554300025
91	0.020555939878199994	0.3927239441927003
92	0.020360874866200026	0.3941703500213003
93	0.020175512815300008	0.39495128856700035
94	0.01998112145190003	0.3967408397021003
95	0.01980487909959997	0.39793898634690034
96	0.019620692466100022	0.39954041141090035
97	0.01943470518869998	0.4001603767733003
98	0.01926152634709998	0.4014989216161003
99	0.019093960590299976	0.4028823276379003
100	0.018936070474599984	0.40414517529270017
101	0.018767175056200004	0.40547690458400026
102	0.018607280899700016	0.40672205893610025
103	0.0184486028325	0.4078716624219003
104	0.018285929704400034	0.4087934937768003
105	0.01813951862450001	0.4105254462797003
106	0.017985999411700003	0.41214466414720036
107	0.017839425005200023	0.41392233575890014
108	0.017690439453800003	0.41496314724210015
109	0.01754452309170001	0.4165423706264001
110	0.0174006213388	0.41747635821440016
111	0.017263115790999997	0.41895023838810014
112	0.01711663269939998	0.4197948407664001
113	0.016980064220100035	0.4212101565100002
114	0.016840282551299997	0.4238875813797002
115	0.01670586514470001	0.4251822880619001
116	0.016573727516800023	0.42635026443970014
117	0.01644509387700001	0.42783113169800013
118	0.016322025859899992	0.4294816648081001
119	0.0161997830835	0.4301815770419001
120	0.016077010184399988	0.4311845221662002
121	0.015958626053300003	0.43272899010110016
122	0.015840223904700006	0.4338204643536002
123	0.015722157580299993	0.4352653427478001
124	0.015608189842399988	0.4365926568906002
125	0.015497376188900024	0.4374000677922001
126	0.0153856227323	0.43813329340370016
127	0.015270812574499986	0.4389838488125002
128	0.0151580990607	0.44114573945820024
129	0.01505153940209998	0.4423240632201002
130	0.01494282998840001	0.4428105885996002
131	0.014846487063600011	0.44358027679880013
132	0.014745239769900014	0.4448373669307002
133	0.014638738534599998	0.44534014470850014
134	0.014535259860499996	0.44678657858870013
135	0.014440136921500011	0.44853865304150004
136	0.014344255249899998	0.4495760312828
137	0.014246515103000004	0.4506857293760001
138	0.014152192794800011	0.45167889861810007
139	0.014059211072100005	0.4524023533497001
140	0.013964394972699998	0.45273405563090013
141	0.013873244157300011	0.4538240425860001
142	0.013782298781599981	0.4544476081085001
143	0.013694394885900005	0.4548374679169001
144	0.013606044311700018	0.4557989994473002
145	0.013521378925600003	0.45681755049570016
146	0.013438451728100013	0.4580354953535001
147	0.01335205007510001	0.4587803328691
148	0.013267808127899997	0.46004178105460003
149	0.0131889807979	0.46089404010359997
150	0.013108389780000009	0.4615217522226999
151	0.013028815318300012	0.4627461972269999
152	0.012949007255499998	0.46375201894129975
153	0.012868777004199994	0.4647551249138997
154	0.012790880839300021	0.4651661916250997
155	0.012718401325300003	0.46599904643559975
156	0.012640496488699993	0.4668193654439997
157	0.012564155474599988	0.46767548892569977
158	0.012488791286900018	0.4683102254313997
159	0.012412250318300002	0.46951047028109977
160	0.012343705552999991	0.4700831768494997
161	0.012272925276199996	0.4706955593500997
162	0.012201222458700018	0.47231932021449974
163	0.012135989578500001	0.4737049406580997
164	0.012068024107799991	0.4746329500516997
165	0.01200069995910001	0.4757401461369998
166	0.011933615643800008	0.47717900598969976
167	0.011865118141799998	0.4776874308981998
168	0.011799087161500002	0.47845847627799987
169	0.011734015132400005	0.4792091214723998
170	0.011671005114700001	0.4803582995889997
171	0.011607586513799985	0.4812222538619998
172	0.011541786231700003	0.4814349020833998
173	0.011477161844400008	0.48213187178049977
174	0.011417032609699992	0.4836783272671997
175	0.011356400393799997	0.48401080434079974
176	0.01129655657749999	0.4849491354539998
177	0.011235352521600002	0.4852405061065998
178	0.011178885623799994	0.4860649025532998
179	0.011119880764499997	0.4866531933322997
180	0.011061935944900014	0.48742801752609977
181	0.011004458785499995	0.48818668663489984
182	0.010948750172400023	0.4892580602091999
183	0.010894181464999996	0.4901113533976998
184	0.010840263482999997	0.49148093838609985
185	0.010786985084800013	0.49184440662709983
186	0.010733339810500014	0.49235103780769973
187	0.01067976553339998	0.4931687468293997
188	0.010625208154700016	0.49349711762279974
189	0.010574356274599996	0.49437738750289967
190	0.010520629276899994	0.49490346142899966
191	0.010466401045899987	0.4955261165515996
192	0.010414574706599993	0.4959470145559996
193	0.010363455433799997	0.4967247479337995
194	0.0103143126473	0.4971099340262995
195	0.010262854045000014	0.4976758431171995
196	0.010213091311900005	0.49804062328519944
197	0.0101628551536	0.4989178473529995
198	0.010114247840100003	0.4994200025974994
199	0.0100659900362	0.49970217672429934
200	0.01001977728459999	0.5002277136937994
201	0.009973856815599987	0.5006270343689994
202	0.009926052633199997	0.5013276150889995
203	0.00987923673719999	0.5017093857656995
204	0.009834692035999988	0.5023102376961995
205	0.009788686191100005	0.5033067134425995
206	0.009744626205999989	0.5041273193271996
207	0.009700583442399999	0.5044608593068994
208	0.00965765515659999	0.5048513748987996
209	0.009614758177400002	0.5052744127306995
210	0.009571426136899989	0.5057784732092995
211	0.009527340883100012	0.5066707205960995
212	0.009485178385199997	0.5075769929486994
213	0.009441441951500013	0.5078567909284994
214	0.009400176846799998	0.5083881276537994
215	0.009359409686200009	0.5087960701198994
216	0.009319047970299985	0.5095574389762995
217	0.0092771378798	0.5099799372144995
218	0.009238595532500022	0.5109255170733994
219	0.009197362918900002	0.5115310224376994
220	0.0091599242789	0.5121767446740993
221	0.009120885312099997	0.5127205004827995
222	0.009081846269600007	0.5134555487678993
223	0.009045568186099993	0.5145843259547994
224	0.0090075092196	0.5151129145365995
225	0.008970011567499995	0.5155444305844995
226	0.008933007882999998	0.5164598474236994
227	0.008895092100300006	0.5168079970001994
228	0.00885698936169999	0.5173240539107994
229	0.008821322800600008	0.5178125043539994
230	0.008785635628300004	0.5184869524386994
231	0.008749468448599994	0.5193185178605993
232	0.00871334769570001	0.5198393782040994
233	0.008677111351200011	0.5206829413801994
234	0.008642387254799998	0.5213089969305994
235	0.008607590614300002	0.5219056309537995
236	0.0085723353821	0.5225278844456994
237	0.00853760052309999	0.5234445511123994
238	0.008504632879200006	0.5242852765599993
239	0.00847019967459999	0.5249865923494995
240	0.008437145455100008	0.5255707846958995
241	0.008403828677899999	0.5261356304781996
242	0.008370020840399998	0.5263272721699994
243	0.008336486965700017	0.5271000448921995
244	0.008303555558099989	0.5276176891043994
245	0.008270838100399988	0.5280155594564995
246	0.008239164994600003	0.5285767720049995
247	0.0082075619368	0.5287518948495995
248	0.008177395021500009	0.5295165670820995
249	0.008147171497100005	0.5306236382273996
250	0.008116309432000006	0.5308593844319993
251	0.008086611423400007	0.5312912816099994
252	0.008055706699800004	0.5316669226356993
253	0.008025396291899996	0.5321747319317994
254	0.007995164958299994	0.5331058119628995
255	0.007965210597199996	0.5339796853119995
256	0.007936796511000006	0.5344641591628995
257	0.0079071860486	0.5347784448770996
258	0.007879314525900006	0.5351962665926996
259	0.007850409412300008	0.5363459128812994
260	0.007821939824599996	0.5368196931708994
261	0.007793841107700004	0.5371718611926994
262	0.0077650132760000035	0.5375881782088994
263	0.007738201832099993	0.5380630152763992
264	0.007710277848599998	0.5384897897780992
265	0.007683080019900002	0.5387131580763992
266	0.007655883620000012	0.5394959960715991
267	0.007628426583999995	0.5401231640931992
268	0.0076010319101999955	0.5407800680585992
269	0.007573440280400002	0.5409256167128993
270	0.0075463893815	0.5410550794204992
271	0.0075197361235000105	0.5412037416277993
272	0.007493715326199998	0.5414814717958992
273	0.007467852396999999	0.5420642662960992
274	0.007441895514700004	0.5422464964689993
275	0.007416135495600003	0.5429772099583993
276	0.007391089585099996	0.5432192954091994
277	0.007365766433800012	0.5435912651061994
278	0.007340095485400004	0.5439276005098994
279	0.007315482281500002	0.5448351582299994
280	0.007290874547300007	0.5452359046613994
281	0.0072654840061999945	0.5456513808518993
282	0.007240632099800001	0.5458168278079994
283	0.007215668172600006	0.5461878595539993
284	0.007191908132299999	0.5466050103619993
285	0.0071675291246	0.5469717757061991
286	0.007143523021699994	0.5471237903582992
287	0.007119992671000002	0.5475097977179991
288	0.007096799760499993	0.5483251692027993
289	0.007074425443499993	0.5488468430237993
290	0.007051397476600012	0.5494549912399993
291	0.007027938464600007	0.5497942686291993
292	0.0070044050657999965	0.5498426369276993
293	0.006980891868900005	0.5499903642004994
294	0.006957754627899997	0.5502804655720992
295	0.006935397577500009	0.5507062319110991
296	0.006913514894899997	0.5511633037056992
297	0.006891482382800005	0.5516585006141993
298	0.006869827479999998	0.5522700753476995
299	0.006847249208099999	0.5530373830399994
300	0.006825721966299996	0.5536062058837995
301	0.0068033715879999975	0.5539318469094995
302	0.0067821449835000075	0.5543784334147994
303	0.006760989308500004	0.5551664078436995
304	0.0067402257505999935	0.5556467830241996
305	0.006719369804800002	0.5559534846558993
306	0.006698053697299995	0.5567068206473995
307	0.006677189381499999	0.5567778037340995
308	0.006656436395400001	0.5571044992606995
309	0.0066356693404000045	0.5573033961003995
310	0.006614817159699998	0.5573540371259995
311	0.006594445264800003	0.5576661763754995
312	0.0065750759409000025	0.5582494386463994
313	0.006555207890999998	0.5584372653587996
314	0.006534980386300002	0.5587527415493995
315	0.006515148608300009	0.5592821704536995
316	0.0064956972148999936	0.5593814850280994
317	0.006475556371800007	0.5598948908250996
318	0.0064558347984999985	0.5600265924568995
319	0.006436283368199998	0.5602590021222995
320	0.006416900201099997	0.5604262618045995
321	0.006397798812099999	0.5611106052388997
322	0.0063793004875999995	0.5617471712090997
323	0.006359962665399996	0.5617684478048997
324	0.006341214690200002	0.5620740784821996
325	0.00632213833850001	0.5625649514980997
326	0.0063033080521000045	0.5629448972025998
327	0.006285063663600002	0.5630356402015998
328	0.006266218026100002	0.5635990459986997
329	0.006248419634900008	0.5641174691976998
330	0.006229969928099999	0.5647023396412997
331	0.006212046159600001	0.5653517344493996
332	0.0061938499092000065	0.5657788426165996
333	0.006176261744700002	0.5663237434522997
334	0.006158278233999998	0.5665423669341997
335	0.0061403562715999956	0.5667572894148998
336	0.006122776509099998	0.5669734898811998
337	0.006105194153500007	0.5670501644985997
338	0.006087809408700001	0.5670978917713997
339	0.006070033460899994	0.5671191683671997
340	0.006052798709900006	0.5672513112242997
341	0.006035586376300003	0.5679701769837997
342	0.006018489947300005	0.5686880091515997
343	0.006001601010799992	0.5691007075642996
344	0.005984556913999997	0.5699318213334995
345	0.005967668629600001	0.5707712152728996
346	0.0059511746358000064	0.5713409357332997
347	0.005934312336400004	0.5715641915472999
348	0.005918397400399996	0.5719018168605998
349	0.005902309834699997	0.5722408359652998
350	0.005886084982	0.5726571529815999
351	0.0058696206815000065	0.5727915199067
352	0.005853465005000003	0.5732949387101001
353	0.0058378608034999925	0.5735375459091
354	0.005821946271099999	0.5738847900900002
355	0.005806662581499995	0.5745155460951001
356	0.005791070314700001	0.5753671553554002
357	0.005775236493399997	0.5757793410421004
358	0.005760108940099993	0.5760736392878003
359	0.005744685739199992	0.5765491443382003
360	0.005729438217200006	0.5770476557158001
361	0.005713915441300004	0.5771559890491
362	0.005698696832599999	0.5778303396983001
363	0.005683199135599999	0.5784112920793002
364	0.005667958091100009	0.5787857383694002
365	0.005653045115200003	0.5792376085118001
366	0.005637886068400004	0.5796533360069002
367	0.0056227866514	0.5796783360069002
368	0.005608178643499994	0.5802509585739002
369	0.005593414789500001	0.5808879636742003
370	0.005578403411399995	0.5811101858964003
371	0.005563832910600005	0.5817212970075002
372	0.005549009657699999	0.5819648867511003
373	0.005534450808199999	0.5820094191607003
374	0.005520897947299998	0.5825266831023004
375	0.0055064404528999975	0.5826627942135003
376	0.005492269579899997	0.5831807766696006
377	0.005479024125899998	0.5836278185167004
378	0.005464734240299996	0.5839595645485004
379	0.005450477689399997	0.5842174147900004
380	0.005436556741799998	0.5845308205871005
381	0.005422516297200005	0.5846697094760005
382	0.005408575871600005	0.5846947094760006
383	0.005394957759699996	0.5850578317243006
384	0.005381288062000001	0.5851631668816005
385	0.0053679962412	0.5854472701897004
386	0.005354664891500005	0.5856310477854005
387	0.0053412551138999915	0.5859055646936006
388	0.005327550745699997	0.5860484218364006
389	0.005313923148599994	0.5863400885031007
390	0.005300841451400007	0.5869254782804008
391	0.005287812224900006	0.5872103989153006
392	0.0052747253488999975	0.5876310338360006
393	0.0052616204426000025	0.5878945889848006
394	0.005249092622999995	0.5885139741746005
395	0.005236378007599995	0.5887580424014005
396	0.0052235298986999966	0.5889195874625005
397	0.005210909223000005	0.5896089984902005
398	0.005198250302700001	0.5898900590963005
399	0.005185279614499995	0.5899900590963004
400	0.005172689930099997	0.5900326122878005
401	0.0051601620353999966	0.5903221422024004
402	0.005148100853500002	0.5905993267790005
403	0.005135785848600004	0.5907331651628005
404	0.005123372487200007	0.5910322195363005
405	0.0051110498781	0.5915679753501005
406	0.005098877427999998	0.5919185258500005
407	0.0050869075292000005	0.5920945594418004
408	0.0050747026745999995	0.5925285338007005
409	0.005062711086199992	0.5925745168873006
410	0.0050510662889	0.5932360619481005
411	0.005039012111800001	0.5935073385438006
412	0.005027536335599992	0.5938260723939005
413	0.005015980386599995	0.5940023057702005
414	0.005004328115799998	0.5943922282508004
415	0.0049925348309000014	0.5947533393620004
416	0.004980809019099998	0.5952267949605005
417	0.0049689445941999985	0.5953177040514004
418	0.004957466263499998	0.5956564763901004
419	0.0049460869312999995	0.5958695414287005
420	0.004934625567400011	0.5962624073347005
421	0.004923195439999998	0.5965798676521005
422	0.004911891219000002	0.5967508507387004
423	0.004900467502000005	0.5969431584309003
424	0.0048893180992	0.5970154573071003
425	0.004878066222799998	0.5973342919955003
426	0.004866757087299999	0.5976502010864003
427	0.004855723827100004	0.5980487717187003
428	0.004845115267600001	0.5982050179199003
429	0.0048344626767	0.5986038480514004
430	0.004823568072600001	0.5990955147180004
431	0.0048127498961000005	0.5992587226852004
432	0.004801693536100008	0.5995126909392005
433	0.004790905163499998	0.5999301512566004
434	0.0047801763081	0.6002306563072004
435	0.004769637727499996	0.6006418865500004
436	0.004758874735000002	0.6012193146776006
437	0.0047482853617000125	0.6014081549072005
438	0.004737469220500007	0.6014081549072005
439	0.004726712553099994	0.6015331549072005
440	0.004716338110699992	0.6017781044022004
441	0.0047057851260000035	0.6018013602161003
442	0.0046953049415999985	0.6019520012418003
443	0.0046852208692000005	0.6026912869559005
444	0.004675014748699996	0.6030145192791003
445	0.0046649489823	0.6036906653553005
446	0.004654787502000004	0.6039664274347003
447	0.004644521637500004	0.6041370623553004
448	0.004634499192499992	0.6041815947650003
449	0.004624353052499999	0.6043024280984004
450	0.004614599861700002	0.6047067429865003
451	0.004604449175499999	0.6049289652088002
452	0.004594698128999997	0.6053774098262003
453	0.004584863265500004	0.6060170923657003
454	0.004575316813500009	0.6070454283572004
455	0.004565403192100002	0.6073430474048004
456	0.004555575693799998	0.6074936884304003
457	0.0045456290203999975	0.6074936884304003
458	0.0045362182527	0.6081734230232003
459	0.0045266257009	0.6085708695381005
460	0.004517191565400001	0.6088330893629004
461	0.004507689916899999	0.6088807354208005
462	0.004498135623000005	0.6097721305755005
463	0.004488478441299998	0.6098721305755005
464	0.004478918100000006	0.6100234463649005
465	0.004469315876900004	0.6101901130315005
466	0.004460111646799997	0.6107656344971004
467	0.004450882185500001	0.6113259589965007
468	0.0044418366182000105	0.6114993272950007
469	0.004432580148400002	0.6120059164423005
470	0.0044233895604999995	0.6122386400196005
471	0.004414215056299999	0.6124058874063005
472	0.0044050833890000056	0.6125413887613005
473	0.004396038688399997	0.6125884540991006
474	0.0043868855946	0.6126147698886005
475	0.004377819193999999	0.6127160832095006
476	0.004369110660199997	0.6130891863983006
477	0.004360096922700001	0.6132814940906005
478	0.004351168395499995	0.6135553036144005
479	0.004342462956099994	0.6139308086649005
480	0.004333598870200005	0.6143669197760004
481	0.004324925862700003	0.6146141419983004
482	0.004315971564300003	0.6146141419983004
483	0.004307301348900003	0.6149981163572004
484	0.0042987130487	0.6153460015639005
485	0.004290041189299994	0.6156394997325004
486	0.004281442457599998	0.6160655333243004
487	0.004273389784300006	0.6165044441717004
488	0.004264730041999997	0.6165261833022003
489	0.004256275897999997	0.6166622944133004
490	0.004247967453400001	0.6169572258441004
491	0.0042398239786999945	0.6173545502000004
492	0.004231462084200004	0.6179155977974004
493	0.004223505702900005	0.6180899996875003
494	0.004215295134899998	0.6181651250008002
495	0.004206824950599994	0.6183469431827002
496	0.0041988170693999976	0.6184497522300003
497	0.004190550698500003	0.6186580855633004
498	0.004182441379899996	0.6189206270915004
499	0.004174292065700003	0.6192447723906003
500	0.004166170880500006	0.6192975501684003
501	0.004158422217500001	0.6195421443662003
502	0.0041502180886999985	0.6197676345623002
503	0.004142113185200001	0.6198926345623004
504	0.004134364939299995	0.6200991541411004
505	0.004126280013400002	0.6204185985856004
506	0.004118164688300004	0.6207614557285004
507	0.0041104099986	0.6213321828736005
508	0.004102507887499998	0.6214789220041005
509	0.004094720844299994	0.6216528188437004
510	0.004087009642500001	0.6217213794497004
511	0.004079457420499996	0.6221903954976006
512	0.004071630413299997	0.6225631079159005
513	0.004064030060399998	0.6228502526188004
514	0.0040561387382999975	0.6228502526188004
515	0.004048626618099996	0.6234970464443004
516	0.004041187693199997	0.6238495785219003
517	0.004033386171900002	0.6238495785219003
518	0.004025629537300001	0.6239495785219004
519	0.0040180023671	0.6239773562997003
520	0.004010610166999998	0.6243777299456004
521	0.004003029569199999	0.6247004572183004
522	0.0039956638583000005	0.6253046749812003
523	0.003988085800600004	0.6253634985107004
524	0.003980514796399998	0.6254544076016004
525	0.0039733801757	0.6259038094917004
526	0.003966102901500002	0.6265687319724005
527	0.003958788255400001	0.6267821377695004
528	0.003951500894200001	0.6274777726903004
529	0.003944091423799999	0.6276777726903003
530	0.003936872612499995	0.6277217765588005
531	0.0039295500601000035	0.6278695038315004
532	0.003922226737399994	0.6280892840512003
533	0.003915140762600003	0.6283065988478005
534	0.003908056388700002	0.6286783379782006
535	0.0039008555683	0.6291046537677007
536	0.0038937194765999985	0.6295195762483007
537	0.0038868062385999957	0.6299402122183008
538	0.003879828724199993	0.6305850261761007
539	0.0038728047356999967	0.6311878039539005
540	0.0038657484425999983	0.6315410428203005
541	0.0038587010110000012	0.6316910428203005
542	0.003851706465000005	0.6317976319677006
543	0.0038446497311999998	0.6320892986344006
544	0.0038380187602000014	0.6322675375008006
545	0.003831123351599999	0.6323197055225006
546	0.0038242028708000042	0.6323447055225007
547	0.003817636561200001	0.6328802036676007
548	0.0038107258138000057	0.6334397274772007
549	0.0038040480047999976	0.6335098349061007
550	0.003797489328399999	0.6336801560577006
551	0.0037906589593000037	0.6342396798672006
552	0.0037841730850999974	0.6344352285215006
553	0.0037777067092999977	0.6345794156352005
554	0.0037710134541	0.6346032251590005
555	0.003764408651899999	0.6349259978813006
556	0.003757885160599999	0.6351114992363005
557	0.0037511922774000023	0.6351347550503005
558	0.0037445136806999986	0.6353458661614005
559	0.0037379734718000057	0.6357157435062004
560	0.0037313897105999984	0.6359283917275004
561	0.0037249019321000023	0.6360829810995005
562	0.0037184904698999966	0.6365529760439006
563	0.003712330463999996	0.6368849133572005
564	0.0037058381429000034	0.6370126911350004
565	0.003699331234200003	0.6372793578017005
566	0.003692868941499996	0.6378138816112003
567	0.0036865314033999973	0.6383657088537005
568	0.003680283681499995	0.6387774001372005
569	0.0036739960306999987	0.6389046948232004
570	0.0036679383062999953	0.6394482969575006
571	0.003661977381899998	0.6397294239699006
572	0.003655714192599995	0.6401276797838007
573	0.0036494816965999934	0.6402348226409006
574	0.003643252526700002	0.6407165686727007
575	0.0036371290260999983	0.6415203800423005
576	0.0036309784337000056	0.6415638583031006
577	0.0036249863087999996	0.6420139462684006
578	0.0036190233138000028	0.6424642529063004
579	0.0036131426920999955	0.6433071110984004
580	0.003606956387700003	0.6435749682412005
581	0.0036009592783000062	0.6436233365397005
582	0.0035949471544999985	0.6438960638124005
583	0.003589116325600006	0.6440798812869004
584	0.0035832086143000024	0.6443069533790005
585	0.0035773584734	0.6444797261012004
586	0.0035716581900999958	0.6450242471995006
587	0.0035655839425	0.6450242471995006
588	0.003559774916699998	0.6453640531299005
589	0.0035537844171999963	0.6462223864633005
590	0.003547888430199998	0.6468237753521006
591	0.003542063439700005	0.6472318561602005
592	0.0035361925145000034	0.6472574971859005
593	0.0035303892921	0.6476102749637005
594	0.003524469960399999	0.6477531321066005
595	0.0035186407378000003	0.6482203794934005
596	0.003512934538300001	0.6484411397273006
597	0.0035071298585999974	0.6485800286162006
598	0.0035013750498999996	0.6488532844302006
599	0.0034957002679000017	0.6489997960580005
600	0.0034900441041000006	0.6494700025821005
601	0.003484332087500002	0.6494963183716005
602	0.003478691040899998	0.6495463183716005
603	0.0034730711837000004	0.6501706690210005
604	0.0034674751307999948	0.6503162176753006
605	0.003461951680000005	0.6505924997266005
606	0.003456405457000003	0.6507398798827005
607	0.003450728682399996	0.6509065465494006
608	0.003445223971599998	0.6510849653528005
609	0.003439702166499998	0.6512707225386006
610	0.0034340885856000013	0.6513957225386006
611	0.0034285013207000035	0.6516957225386005
612	0.003423078372099998	0.6520293318879005
613	0.003417627793899999	0.6520756084837004
614	0.0034121788987999985	0.6524323545154004
615	0.003406739628800002	0.6528524357260005
616	0.0034013912608999992	0.6532794627530005
617	0.0033959605870000024	0.6533044627530006
618	0.0033905030447000002	0.6536544627530005
619	0.0033851202012000034	0.6539294627530005
620	0.003379891769899999	0.6541299678035004
621	0.003374571406000002	0.6543771900257004
622	0.0033694557211999938	0.6548283361018005
623	0.0033642764635000003	0.6551032490973006
624	0.003359049532600002	0.6555403938001008
625	0.003353785550300001	0.6556576186804006
626	0.0033484366106000013	0.6556576186804006
627	0.0033431882449999973	0.6561576186805007
628	0.003337895872299998	0.6561808744945007
629	0.0033326127178000004	0.6563058744945007
630	0.003327587013500002	0.6565734582030006
631	0.003322389334100003	0.6568762359808007
632	0.0033173948554000004	0.6571937772113008
633	0.0033122120494999993	0.6574493327669008
634	0.0033070083470000005	0.6575921899098007
635	0.0033018283932999995	0.6579171899098007
636	0.0032967507959999944	0.6579637015377007
637	0.003291738007800004	0.6580364742599007
638	0.003286630629899998	0.6584459980695007
639	0.0032816610284999957	0.6588860330346007
640	0.0032766070416000003	0.6590209034782009
641	0.0032716462153999973	0.6590634566696006
642	0.003266582269199999	0.6593134566696006
643	0.0032616760498999993	0.6595076296019007
644	0.0032567103889000015	0.6596136902079007
645	0.0032517982378000004	0.6600813336756007
646	0.003246946392100003	0.6604198257392008
647	0.0032421401653000025	0.6607443973427009
648	0.003237324730400004	0.661057047096101
649	0.0032324742089	0.661298461237501
650	0.0032275088113000025	0.661298461237501
651	0.0032225821323999993	0.661398461237501
652	0.0032177548003000044	0.661632299621401
653	0.003213019107999998	0.662340419279401
654	0.0032082207909999976	0.6626743644039012
655	0.003203481026400001	0.6630604755150011
656	0.0031987253888999994	0.6634739675785012
657	0.003194020923300006	0.663734764920701
658	0.003189174153800001	0.663734764920701
659	0.003184436051899999	0.663883020734601
660	0.0031797144316000002	0.663965100078001
661	0.003174911239000006	0.663965100078001
662	0.0031702747246000035	0.6640388609425011
663	0.0031656745971000012	0.664204084607701
664	0.003160979663099998	0.664229725633401
665	0.0031563775175000026	0.6642773716913012
666	0.003151661030000001	0.6646023716913012
667	0.0031471443647000017	0.6650175890826011
668	0.0031425003508999965	0.6654862759512012
669	0.0031378589860999975	0.6656529426179012
670	0.0031333711007	0.6661307438863011
671	0.0031287370919000036	0.6661833754652011
672	0.0031241851523999987	0.6665316312792013
673	0.0031195498642999997	0.6665316312792013
674	0.0031150619902999967	0.6668801692909012
675	0.003110550054600002	0.6669515978623013
676	0.003105955445799999	0.6669515978623013
677	0.003101380907900002	0.6670515978623013
678	0.003096990932799999	0.6673169575026013
679	0.0030925207532999997	0.6677161028017012
680	0.0030881755407000033	0.6680339161940013
681	0.0030837290021999988	0.6681561384162014
682	0.0030792268691999997	0.6684811384162013
683	0.003074793372600003	0.6688422495272014
684	0.003070315262700001	0.6690422495272013
685	0.0030658968766000033	0.6690685653167014
686	0.0030615970536999985	0.6692021814909013
687	0.003057191358199997	0.6695244037132011
688	0.0030528278363999993	0.6698561497449012
689	0.0030484999272999973	0.6702006821545011
690	0.003044140487100003	0.6704409814893011
691	0.0030399020046999996	0.670629821718801
692	0.0030355299767000038	0.6709409328300011
693	0.0030311643081000037	0.671065932830001
694	0.0030270241225000003	0.671674410463401
695	0.003022835737900001	0.671913321311101
696	0.0030186262544000045	0.6720904893328011
697	0.0030144511941999994	0.6722432671106011
698	0.0030102081642	0.6726286206459011
699	0.0030060566311	0.6728480650904012
700	0.003001768392600001	0.6728480650904012
701	0.002997502500000003	0.6729249881673012
702	0.002993238627100003	0.6729249881673012
703	0.0029891399935999983	0.6730843550924012
704	0.0029849683891999997	0.6733552299540013
705	0.0029807504054000017	0.6734552299540013
706	0.0029765603233000014	0.6738980870969014
707	0.002972437820299996	0.6739421762441014
708	0.0029683010054999993	0.6739630095774013
709	0.002964140108999996	0.6742058667203011
710	0.002960042250400001	0.6742280889425011
711	0.002955969590099999	0.6745058667203011
712	0.0029518964484	0.6745280889425012
713	0.002947834616899998	0.675047261874901
714	0.002943711771100003	0.675047261874901
715	0.002939686150799999	0.6752932449617011
716	0.002935693006800001	0.6753358174255012
717	0.0029316294796	0.6759108174255013
718	0.002927631308300003	0.6759861762772013
719	0.002923682659799999	0.6763292318327011
720	0.0029198811933999953	0.6765236850402012
721	0.0029158370386	0.6765236850402012
722	0.002911819350200002	0.6768236850402013
723	0.002907928954700001	0.6770672456462012
724	0.0029040282105999944	0.6772228231604012
725	0.0029000357520000022	0.6773478231604012
726	0.0028961978603000028	0.6778149948775012
727	0.0028922440613000024	0.6778372170997012
728	0.002888346174900002	0.6778599443724012
729	0.002884395158300001	0.6780599443724012
730	0.0028805353042999976	0.6782832001864011
731	0.002876620649600001	0.6785943112975013
732	0.0028727222210999993	0.6786165335197012
733	0.0028688176994999992	0.6787276446309012
734	0.002864931182399999	0.6789943112975012
735	0.002861058892	0.6792720890753013
736	0.002857187889499999	0.6793970890753013
737	0.0028534355438999954	0.6797615831594013
738	0.0028496365039999997	0.6799732447705014
739	0.002845927891399997	0.6801728163739013
740	0.0028421636214999994	0.6802208712938013
741	0.0028383876298999993	0.6802458712938012
742	0.0028346108734000025	0.6804736490715012
743	0.0028308009137	0.6804736490715012
744	0.0028270137766999988	0.6805645581624014
745	0.002823249335899998	0.6806270581624013
746	0.002819469885000002	0.6806270581624013
747	0.002815857614299999	0.6806980412492013
748	0.002812147967199998	0.6807993545700014
749	0.002808416191399999	0.6811326879032014
750	0.0028047049537999994	0.6815255450460013
751	0.0028011342306999997	0.6816202564415014
752	0.002797481193899996	0.6816429837142014
753	0.0027937991118999997	0.6817298739581014
754	0.0027901249972000037	0.6819409850692013
755	0.0027865357028999957	0.6819864631054015
756	0.002782912189699997	0.6820097189194014
757	0.0027792529667999967	0.6820324461921013
758	0.002775672714700002	0.6826460825557014
759	0.0027720965916999967	0.6829389396985014
760	0.002768576326799999	0.6833379028968013
761	0.002765082342699998	0.6834147237368012
762	0.0027614583813999993	0.6834147237368012
763	0.0027578969515000013	0.6835379795507013
764	0.0027543447562999993	0.6835636205764013
765	0.0027509072982999996	0.6836363269397012
766	0.0027473818323000034	0.6838286346321013
767	0.0027438705489000004	0.6838508568544013
768	0.002740369998599998	0.6838752470983013
769	0.0027368818231000014	0.6840119992350012
770	0.0027333404419999973	0.6840953325684013
771	0.0027298082245999994	0.6841541560979012
772	0.0027263269177000013	0.6842774119119012
773	0.0027229428997999996	0.6843526245408011
774	0.0027194959377000007	0.6845755818088011
775	0.002716036210799997	0.6845968584045011
776	0.002712553904600001	0.6848877674955012
777	0.002709077228700003	0.684987767495501
778	0.0027056374489000017	0.685211577019301
779	0.0027021768886999996	0.6853544341622011
780	0.0026988201498999984	0.6854014995000012
781	0.002695368972600003	0.6854014995000012
782	0.0026919803691999988	0.6856959439445011
783	0.002688631212400003	0.6862562974797012
784	0.0026852369973999974	0.6866646308131013
785	0.0026818901798999987	0.6867984691969012
786	0.0026785227537999994	0.6869663263398011
787	0.0026752040334000003	0.6871441041176013
788	0.0026718615392000013	0.6872658432480012
789	0.0026684858356999996	0.6874325099147012
790	0.0026652240121999996	0.6876015990621013
791	0.0026619225195	0.6878759893060014
792	0.0026586483320999994	0.6879241890737013
793	0.00265537595	0.6881198239943012
794	0.0026521117058999977	0.6882954650200013
795	0.0026489469907000026	0.6885382777629012
796	0.0026457507002999943	0.6887097424095013
797	0.002642483844900002	0.6889014090761013
798	0.002639176605999999	0.6889014090761013
799	0.0026358776329	0.6889014090761013
800	0.0026327161016999967	0.6892311272301014
801	0.0026294955262999996	0.6893377163774013
802	0.0026262333273000017	0.6897043830441013
803	0.0026229823184999983	0.6898043830441013
804	0.002619754779099996	0.6902421748275014
805	0.0026165551986999996	0.6904113477599014
806	0.0026134447644000007	0.6905507948625015
807	0.0026102561977000014	0.6905757948625013
808	0.002607029678700003	0.6905757948625013
809	0.0026038172109000006	0.6907424615292014
810	0.0026006612526000006	0.6908674615292013
811	0.0025974963382999964	0.6908907173431014
812	0.0025943618277000017	0.6909357122875014
813	0.0025912259013999976	0.6909607122875013
814	0.0025880735499999967	0.6911869027638015
815	0.0025849993891	0.6914706793595014
816	0.0025818847533999995	0.6915984571373014
817	0.002578783646499997	0.6918645700941014
818	0.002575634947300003	0.6918645700941014
819	0.0025725147225999986	0.6920756812052014
820	0.0025694435677	0.6924595951635014
821	0.0025664064142000027	0.6925071875487013
822	0.0025632880594000026	0.6925071875487013
823	0.0025601919830999997	0.6927071875487014
824	0.0025572398685	0.6930753928575014
825	0.0025542683672000006	0.6933667257841015
826	0.002551311206699999	0.6935962712386017
827	0.0025483479166000006	0.6937599530516017
828	0.0025453131568000022	0.6938943199767017
829	0.002542284209500002	0.6939181295005017
830	0.0025392350267000015	0.6941757052581017
831	0.0025362032608000034	0.6941989610720015
832	0.0025332406463000026	0.6944348651072016
833	0.002530253447000004	0.6946033632757017
834	0.0025273005612	0.6947922592689018
835	0.002524291764399999	0.6950177494650017
836	0.002521275885399997	0.6950177494650017
837	0.0025183212511999966	0.6952427494650016
838	0.0025153338657000006	0.6955106066079016
839	0.0025123564071000007	0.6956939399413018
840	0.002509383182700002	0.6958939399413018
841	0.0025064536383999987	0.6961421957552018
842	0.0025034902210000006	0.6962010192846018
843	0.002500619347900002	0.6964546267883017
844	0.0024976712258000023	0.6965134503177018
845	0.0024947663443000024	0.6966276152226017
846	0.0024918404219000006	0.6968296354246017
847	0.0024889352653000014	0.6969942316978017
848	0.0024860507728999984	0.6970169589705019
849	0.0024831329190000005	0.6971598161134018
850	0.002480215018399997	0.6971598161134018
851	0.0024773039679999997	0.6971598161134018
852	0.002474451910099995	0.6971842063573018
853	0.0024716160529999966	0.6974991288378019
854	0.0024688072537999966	0.6978556611944018
855	0.002465923134299997	0.6978556611944018
856	0.002463067502899997	0.6979181611944019
857	0.002460196795999996	0.6979181611944019
858	0.0024574221128000006	0.6979664170084019
859	0.002454570048000003	0.6981092741512018
860	0.0024517731056000014	0.6986072037580019
861	0.002448965118700001	0.698634981535802
862	0.0024461702988999977	0.6986606225614019
863	0.002443384575899999	0.698785622561402
864	0.0024405918939000002	0.6989517355182019
865	0.0024378109510999986	0.6989795132960018
866	0.0024349991722999987	0.6989795132960018
867	0.002432321145	0.699055490841502
868	0.002429534062499996	0.699146399932402
869	0.002426758649999998	0.699380166166302
870	0.0024240119741000036	0.699407943944002
871	0.0024213411733	0.6994808078413021
872	0.002418591177500001	0.699655050265602
873	0.002415865754199997	0.700046716932302
874	0.002413104764100001	0.700046716932302
875	0.0024103630950000035	0.700413383598902
876	0.0024076705219999977	0.7006249849062021
877	0.0024049840157	0.7008502609223021
878	0.0024022479704000036	0.7008502609223021
879	0.0023995684479	0.701106249378402
880	0.0023969103939000037	0.701151798032602
881	0.0023942942462	0.7014661919719019
882	0.0023915916679000007	0.7015661919719018
883	0.0023889118141000015	0.7015918329975019
884	0.002386225230100001	0.7019013568070019
885	0.002383539609599997	0.7020263568070019
886	0.0023809082783000047	0.702291941222602
887	0.002378235942499999	0.702616941222602
888	0.002375568345599999	0.7027597983654019
889	0.002372906731799998	0.703126465032102
890	0.0023703215470999997	0.7031740840797018
891	0.002367747095199999	0.7033663314665018
892	0.002365095640399999	0.7033663314665018
893	0.002362465117800001	0.7035663314665017
894	0.002359874126099999	0.7037319158822017
895	0.0023572403357000012	0.7037319158822017
896	0.0023546198705999993	0.7038985825489017
897	0.0023520089479999963	0.7040096936600018
898	0.0023493926972	0.7040096936600018
899	0.0023467822600999988	0.7040096936600018
900	0.0023441886913000004	0.7042525508028017
901	0.0023416057757	0.7047882650885017
902	0.002339012633100001	0.7047882650885017
903	0.0023364252312	0.7047882650885017
904	0.002333854522099998	0.7048791741794016
905	0.002331297993999999	0.7052680630683016
906	0.0023287907950000014	0.7053154432244015
907	0.0023262611839	0.7054371823548015
908	0.0023237395186000024	0.7054621823548016
909	0.0023212028466000037	0.7056294297415016
910	0.0023186705199999998	0.7059072075192017
911	0.0023161461325000004	0.7063417313288016
912	0.0023136092806	0.7063417313288016
913	0.002311077978499999	0.7063417313288016
914	0.0023085808446	0.7064695091066017
915	0.002306071274699997	0.7068123662494018
916	0.002303594489400001	0.7068361757732016
917	0.002301093424300003	0.7071456995828016
918	0.0022985895135999987	0.7071456995828016
919	0.0022961724799999994	0.7073366116456016
920	0.002293727631699999	0.7074872526713015
921	0.0022912398596999996	0.7074872526713015
922	0.002288769200000002	0.7075705860046017
923	0.0022863038788999987	0.7076539193379016
924	0.0022838485431999987	0.7078556000102015
925	0.0022814520800000003	0.7079083777880015
926	0.0022790316539000005	0.7079311050608016
927	0.0022765966809999987	0.7084533272831014
928	0.0022741460921999993	0.7084533272831014
929	0.002271745816200003	0.7087878510926013
930	0.0022693264471000014	0.7090037601835013
931	0.002266891545900002	0.7090037601835013
932	0.0022644917040000006	0.7090264874562013
933	0.0022620797908000003	0.7092514874562014
934	0.0022596695938000002	0.7095848207895014
935	0.002257299886499998	0.7098075480622014
936	0.0022548987800999963	0.7099504052051013
937	0.002252502784800002	0.7102932623480014
938	0.002250177594300002	0.7105066681452014
939	0.0022478380529999988	0.7106722525607014
940	0.002245485377299998	0.7108199798334014
941	0.0022431376592	0.7108449798334013
942	0.002240785893899998	0.7110788182172014
943	0.002238412179899999	0.7110788182172014
944	0.002236051320899997	0.7112038182172014
945	0.0022336876287	0.7112038182172014
946	0.0022313523216999994	0.7115704848839014
947	0.0022290030213999983	0.7117133420267014
948	0.0022266542316000015	0.7117133420267014
949	0.002224391186399999	0.7117598788232015
950	0.0022220809004999988	0.7118831346371015
951	0.002219775441899998	0.7120741915477015
952	0.0022174505905999983	0.7121511146246016
953	0.002215152559999997	0.7121728537550016
954	0.0022128374092999963	0.7123728537550015
955	0.002210562077100002	0.7123961095689015
956	0.002208289272899999	0.7124188368416016
957	0.0022060004972999994	0.7126021701749015
958	0.0022037316836	0.7127376715299015
959	0.002201436129799998	0.7127376715299015
960	0.0021991788851000002	0.7127594106604015
961	0.0021969230602999993	0.7127821379332016
962	0.002194655732599999	0.7129932490443015
963	0.0021923801936999995	0.7132432490443015
964	0.002190121170600001	0.7135543601554015
965	0.002187868950600004	0.7138543601554015
966	0.0021856395370999987	0.7141454731122016
967	0.002183406163399998	0.7141692826360015
968	0.002181197591	0.7141925384499016
969	0.0021789606128999966	0.7144592051166015
970	0.002176719753500003	0.7146592051166014
971	0.002174541656099999	0.7148511166331015
972	0.0021723363200999964	0.7148738439059015
973	0.002170105994999998	0.7148738439059015
974	0.002167886550200003	0.7149738439059015
975	0.0021656653546	0.7149738439059015
976	0.002163521965900001	0.7151433103091015
977	0.002161381839799999	0.7151946260986015
978	0.0021591740956999994	0.7151946260986015
979	0.0021570499109000007	0.7152429943971015
980	0.0021548728818999987	0.7154985499527016
981	0.0021527209833000016	0.7156641343683015
982	0.0021505310344000013	0.7156641343683015
983	0.0021483806140999953	0.7156891343683015
984	0.002146199515800003	0.7156891343683015
985	0.002144054697200002	0.7158358734987015
986	0.002141954186599998	0.7160068565855016
987	0.0021398394359000003	0.7162227656764014
988	0.002137702348399999	0.7162460214904014
989	0.0021356123653999983	0.7167882439021014
990	0.002133501098299999	0.7169781663828014
991	0.0021313503915999996	0.7169781663828014
992	0.0021292729087999986	0.7170269759066015
993	0.0021271439281999997	0.7172158647956014
994	0.0021250898440000007	0.7174606809039015
995	0.002123008589400002	0.7176887653194013
996	0.0021209244167999988	0.7178226037032015
997	0.0021188032525999963	0.7180226037032014
998	0.002116709357200001	0.7182130798937014
999	0.0021145946443000014	0.7183559370365015
1000	0.0021124821645999996	0.7183559370365015
