0	0.3935	0.04739533252330004
1	0.2632499999924004	0.0685128524860001
2	0.208916666666	0.08464679821810006
3	0.17778749999959995	0.09834261310630002
4	0.15693000000030005	0.10939866165710004
5	0.14077499999819998	0.12011831644589999
6	0.12866428571709992	0.12986797573249995
7	0.11883125000129995	0.13893758840909995
8	0.11049444444350003	0.1472980193625999
9	0.1033995454547001	0.1550431829795999
10	0.09677988980969991	0.16066309552439986
11	0.09164438616979989	0.16637695740369984
12	0.08703987294400013	0.1729604703230999
13	0.08316559630539999	0.17940662459119983
14	0.07985872322270002	0.18566390029799978
15	0.07663961184360009	0.19097670655849985
16	0.07404316408770002	0.1966712708028998
17	0.07152322222619997	0.20178800339219988
18	0.06920621052310022	0.20697991662599996
19	0.06672685238049988	0.2110240980358999
20	0.0648545780269	0.21564569171469997
21	0.06291850036960009	0.22068237620069986
22	0.06104704383070005	0.2258741282043999
23	0.05921008367270001	0.2292027004602998
24	0.057398603399399964	0.2318584187398998
25	0.05578355740130005	0.23571047875729986
26	0.0544264944273	0.2392931781489998
27	0.05291126248549997	0.2427874978106998
28	0.05146029941140002	0.24580214080719978
29	0.05017828943149999	0.24948685136589985
30	0.04901124783499999	0.25305962446569985
31	0.04789347209709999	0.25637639669719986
32	0.046814703784700075	0.2595570069048999
33	0.04578065787520002	0.2627339550854001
34	0.04477343272700013	0.26621448671529996
35	0.04384053707459992	0.2692658748571999
36	0.04294726509070003	0.2719805071278
37	0.04201140588740012	0.2753054846152999
38	0.0411662416314	0.27819964903899996
39	0.040310256323699986	0.28139915059079984
40	0.03955530234040003	0.2857135011796998
41	0.038775192701499976	0.2877793773182999
42	0.03805209097049997	0.290045646112
43	0.037347876780699986	0.2926126134238
44	0.03671550850519999	0.29545010607989997
45	0.03602835360229997	0.2980580305214002
46	0.03536595955150004	0.3007776818052002
47	0.03473758709419998	0.30318417210330023
48	0.03417600368550004	0.30562801021210034
49	0.033623071847900005	0.30875373460540034
50	0.03310029668220002	0.3121268032323002
51	0.0325827655784	0.3135945723226002
52	0.03204870920539998	0.31577485764100005
53	0.03154309337729996	0.31719000684800003
54	0.031062439732400006	0.31946145613840016
55	0.030616149301199987	0.3215572922802
56	0.0301531315555	0.32381118379650004
57	0.029704553306699993	0.32615972548840005
58	0.029263233196900024	0.32776736182470007
59	0.028880977124900002	0.33039200473060015
60	0.0285164555535	0.3338218081557002
61	0.02812051681700001	0.3357647555861002
62	0.027747820120799963	0.33759419417420033
63	0.02739767389319998	0.3397962169517002
64	0.0270605535025	0.34269278596090014
65	0.026713864881799967	0.3444188019598001
66	0.026385168037500014	0.34563951823880007
67	0.026031677717100025	0.34711646054700007
68	0.02572417928390001	0.34906523153369995
69	0.02540920609830003	0.3513925570911
70	0.025093779093000024	0.3529066992372001
71	0.024795482694799982	0.35438622467479997
72	0.024500801886999997	0.3564797868874
73	0.024204664925400028	0.3581703052535999
74	0.023929304480400017	0.3604126794558999
75	0.023661950336400034	0.36270462426909994
76	0.023395111821	0.36422046285369986
77	0.023126333204899978	0.36549392298929984
78	0.022853847975499993	0.36675350067659984
79	0.022613853887600018	0.3688196918843001
80	0.0223730625563	0.37044173972660005
81	0.02214841310150003	0.3731886013000001
82	0.02191914363869997	0.3747700168746001
83	0.0216808905277	0.37641040813260007
84	0.021452907408599974	0.3775736912231001
85	0.021222968498099994	0.3789050591147
86	0.0209961370927	0.3796270800524
87	0.020780782625300007	0.38113760373899996
88	0.02056701603120001	0.3825020329188
89	0.020384036974799964	0.3842120032053
90	0.02018942022610002	0.38521662789520006
91	0.019988904089099972	0.3865667651833001
92	0.01979581818509998	0.3881579908977001
93	0.019603365470399998	0.38965277389730013
94	0.01942859320120001	0.39085254719370016
95	0.019246293639799992	0.3922831059673002
96	0.01907333584620001	0.39446656376450007
97	0.0189003549892	0.39522168445269995
98	0.018724997869199983	0.3962912146811999
99	0.01855804492220002	0.39851576352599977
100	0.018393036127999987	0.3997266624193999
101	0.01823431894759999	0.4011974948035
102	0.01807353018830003	0.4023659200821001
103	0.017919892764699994	0.40318915852990006
104	0.017770880306699988	0.4044682747583001
105	0.017622362922500013	0.40589958957530003
106	0.017479042119500007	0.40698233226010005
107	0.017334698287799998	0.40797096777590003
108	0.01719034325780002	0.40895904661410004
109	0.017051839726799977	0.4108812431059
110	0.01691052649889999	0.41209072999109986
111	0.01678197960499999	0.4127843131385999
112	0.016654425991699997	0.41394705293469997
113	0.016523208675200015	0.41552055374179997
114	0.016408089318800004	0.4180351535877
115	0.01628159753839999	0.4193127432643999
116	0.01615866341530001	0.4201847973941
117	0.01603255025960001	0.4213812521249999
118	0.015908607259599996	0.4222244764146
119	0.015785952887599985	0.4230908976603999
120	0.015667412969500007	0.4242295369959999
121	0.015553119235099989	0.42634242039099984
122	0.015439194060699981	0.4273898875133998
123	0.015326877977000004	0.42859480199869976
124	0.015215437557899983	0.42948177667099974
125	0.015107303537300014	0.4302924788753998
126	0.01499702211210001	0.4311168077329998
127	0.014890516793500006	0.4325759553247998
128	0.014784686906699995	0.4335474152675998
129	0.014676067176999994	0.43425106579029976
130	0.014571901040800004	0.4350075470910997
131	0.014471874675200008	0.4358912100703997
132	0.014374117341299994	0.43651060178989975
133	0.014281883742300014	0.43772396150899956
134	0.01418774778309998	0.43934138239709963
135	0.014088310178299989	0.44073622366699966
136	0.013992299030500015	0.44104710574379963
137	0.0138984647263	0.4421175690522997
138	0.013808085225700007	0.44342138042179957
139	0.013722070027400028	0.4449851051510996
140	0.013630294283800009	0.4453945681548997
141	0.0135398219079	0.4463769445265998
142	0.013451450970399998	0.44709290761749987
143	0.013364455741300001	0.4473393431964998
144	0.01327927810600002	0.44824200339569986
145	0.013194754115199997	0.44925330010039977
146	0.013110601531300003	0.44982161897509987
147	0.013027322029500011	0.4506585012956998
148	0.012944409352399999	0.45159166941969975
149	0.012871711523800004	0.45262746056249986
150	0.012795617931400003	0.45310763470289983
151	0.01271689718980001	0.4539830029435997
152	0.0126399341911	0.45530584114179967
153	0.012562590672400004	0.4555442123957997
154	0.012486587191499992	0.4559991463505997
155	0.012411485355999986	0.4572466289404998
156	0.01233513226769999	0.45806241433899975
157	0.012262316169499993	0.45880460247119975
158	0.012191601917300003	0.45941419541449985
159	0.012121072104899978	0.4604402811851998
160	0.01205690472309999	0.4614043929539997
161	0.011988614354800007	0.4625237695191997
162	0.011920488784200003	0.46309876729669974
163	0.011855785138100006	0.4637685069043997
164	0.011789517877199987	0.46449581828789965
165	0.011720913536599995	0.4652190180555996
166	0.011654613512600004	0.46661135275819965
167	0.011590735319200008	0.46779262213729955
168	0.011525248893399993	0.46896922764319954
169	0.0114603772892	0.4698319177308996
170	0.011396587511900003	0.47043737869509966
171	0.011333890589099987	0.47093633797229967
172	0.011275552375300004	0.47180688000029963
173	0.011216628836200001	0.47254084979859967
174	0.011157111737899994	0.4733878643988996
175	0.011097314331899998	0.47373553241549954
176	0.011038934281099994	0.4743567646110996
177	0.010978769528699998	0.4749432452357995
178	0.010921315200899995	0.4757547416372995
179	0.010863802674500002	0.4761392616309995
180	0.0108078494216	0.47709116054099954
181	0.01075173831869999	0.4783779196853995
182	0.010696163364600011	0.47903873844179956
183	0.010642232979599996	0.4796530686089995
184	0.01058694511790001	0.48047134453599954
185	0.010533878625499997	0.4808071949637996
186	0.010481017971900004	0.4816313160962996
187	0.010427266073599997	0.4826309583176996
188	0.010373571267100007	0.4832497930060996
189	0.010320819762800002	0.4840776623586996
190	0.010269620009299997	0.48416969463419957
191	0.010217481711899998	0.48452917404369955
192	0.010167933306200014	0.4852666151257996
193	0.010116367169900003	0.4858826115324997
194	0.010065508770799994	0.4863304747802997
195	0.010018013038500001	0.4874989937613996
196	0.009969903347399995	0.4881163234121997
197	0.009922748107800002	0.48914127427029974
198	0.009874266959500002	0.48958395103789976
199	0.009827059805000003	0.4901326410018997
200	0.009781001332900007	0.49063947925809964
201	0.009734482695499988	0.4912230886073995
202	0.009687688662500001	0.4916014471052995
203	0.009643045521799978	0.49229884257859946
204	0.009598468979499999	0.49337888229389953
205	0.0095535863965	0.4940477482518995
206	0.00950859508380001	0.4949023575315995
207	0.009464191872700001	0.4951464924663994
208	0.009422576919399992	0.4956760272289995
209	0.009379535537199998	0.49607523888689947
210	0.009336871189499997	0.49685323663449943
211	0.009293914471300012	0.49736485279619946
212	0.00925113666990001	0.4977298049493994
213	0.009212014862199995	0.4984611707088995
214	0.009172419789499998	0.49981981558689936
215	0.0091331550865	0.5009930540109994
216	0.009094766135699997	0.5018369046048994
217	0.009055937561600018	0.5027184208702994
218	0.009017429750200014	0.5029331108639994
219	0.008979094662399984	0.5039261688566995
220	0.008940748100299996	0.5045508351164996
221	0.008902635815200004	0.5050199753599993
222	0.008863954872499998	0.5054366420266994
223	0.008826169359599999	0.5063069020806993
224	0.008789046169899997	0.5068919203437992
225	0.008752066843299999	0.5077556007108993
226	0.008714342303500001	0.5080657456382993
227	0.008678075076399998	0.5083384484875993
228	0.00864169844360001	0.5092570761001993
229	0.008605782155699999	0.5097382240218993
230	0.008569572619600004	0.5103912210249991
231	0.0085350952186	0.5116156715743991
232	0.008500628172000002	0.5120552043337993
233	0.008465846438399994	0.5128398244204992
234	0.008431660721899997	0.5134954575792993
235	0.008397756990300001	0.5141986975448992
236	0.008362660259099989	0.5144729399690993
237	0.0083289294518	0.5148404840881993
238	0.008296555968200002	0.5150179367619991
239	0.008263750469899992	0.515553563430299
240	0.008230524111199993	0.516058256704499
241	0.008197619011500002	0.5168476960932993
242	0.008166093358699979	0.5174885004784993
243	0.008134097826600002	0.5186207271373993
244	0.0081025732187	0.5190716952752993
245	0.008071413357199993	0.5196787650494993
246	0.008039600790399988	0.5205274537638993
247	0.0080084299695	0.5205979083092992
248	0.0079788057519	0.5212696966982993
249	0.007947512043600006	0.5218732365555993
250	0.007916718187400007	0.5220108847768993
251	0.007887529879800004	0.5226976588723993
252	0.007858003369199992	0.5229643568085992
253	0.007829335916499999	0.5236110321020994
254	0.0078005321483999935	0.5241385972605993
255	0.007772204437700002	0.5248643215361993
256	0.007743334822100002	0.5255004081805994
257	0.00771457896899999	0.5259330152075994
258	0.007686010650100006	0.5261685385213993
259	0.007658143735900008	0.5271765062988996
260	0.007628904554199992	0.5272876174099995
261	0.007600555761600002	0.5277061780159994
262	0.007572765309399992	0.5279876972902994
263	0.007545052577100003	0.5284926501938995
264	0.007516963714600002	0.5290966184478993
265	0.0074899716645000025	0.5296553486065994
266	0.007463037341200002	0.5298103060521994
267	0.007436577302000003	0.5304677261746993
268	0.0074098545171	0.5312574447893993
269	0.007382738616799998	0.5313782781227994
270	0.007357734478600003	0.5318846293484992
271	0.00733266362319999	0.5324065172845991
272	0.007306606166600004	0.532929898411799
273	0.0072810545199	0.533454685385899
274	0.007255407995300006	0.534159907201399
275	0.0072296304096999935	0.534989705181199
276	0.007204037115799998	0.5354062552977992
277	0.007179618891000005	0.5361016772876991
278	0.007154832751099998	0.5364748737027993
279	0.007129839004600012	0.5370536615813993
280	0.007105942402099994	0.5376829780014991
281	0.007081295361500003	0.538264038607699
282	0.007056957434299998	0.5385952351887991
283	0.007032417862600009	0.5389530854303991
284	0.007008797796999997	0.5398029544256993
285	0.006985680365600003	0.5400982505545991
286	0.006961993325300004	0.5403433366740992
287	0.006938877023999994	0.5407651605863991
288	0.006915905130999995	0.5412161984373991
289	0.006894379733600002	0.5422171239709991
290	0.006871017227600001	0.5424959763243992
291	0.006849566855599998	0.5431922207645992
292	0.006827536108400001	0.5437214728132992
293	0.006804808986800011	0.544319336061299
294	0.006782554939600011	0.544469494644599
295	0.006760971777199997	0.5448804590888993
296	0.006739800674900002	0.5455268072633992
297	0.006717599147799991	0.5459543713658992
298	0.0066961356058999975	0.5465370120362993
299	0.0066744242364000055	0.5470055328128993
300	0.006652921120300007	0.5472539011112995
301	0.0066318751244	0.5477740085401993
302	0.006611214513299999	0.5486106080517994
303	0.006591138795499994	0.5495253705844994
304	0.006569624937399995	0.5496087039177993
305	0.006549603278700007	0.5502711318676993
306	0.006528956487699996	0.5504364915079992
307	0.00650879880050001	0.5509470045090992
308	0.006488162745499999	0.5509937436395992
309	0.0064687371827000005	0.5515768479382992
310	0.006448473288300005	0.5517363273477993
311	0.006428337585100006	0.5522535848486994
312	0.006409081791899998	0.5525751521702994
313	0.0063899344780000015	0.5530335499781994
314	0.0063700910049	0.5533014071210993
315	0.0063510306004999975	0.5538858154300994
316	0.0063313430052000024	0.5541059009001995
317	0.006312261182200005	0.5541997053682995
318	0.006292894766400005	0.5542469275904994
319	0.006273502055999992	0.5547333744770995
320	0.006255312900199999	0.5554018465943995
321	0.006236617189299994	0.5560013635025994
322	0.006218140102799994	0.5567880157392997
323	0.006200097410300015	0.5573427235313997
324	0.006182096168600006	0.5576134351058996
325	0.0061635548130000075	0.5580844668518996
326	0.006144976403600009	0.5582307434476996
327	0.006126973798000001	0.5585317693637997
328	0.006108709989700007	0.5588546228991995
329	0.006090738892	0.5595827473109996
330	0.006072647265399998	0.5598426679458997
331	0.006054971230099999	0.5605795116577996
332	0.006038181742299999	0.5610663031004995
333	0.006021399271000006	0.5617190074420996
334	0.006003922457099995	0.5617634738451995
335	0.0059867071650000075	0.5621011235985995
336	0.005969829151399996	0.5622647912318997
337	0.005952751670000006	0.5624062053734997
338	0.0059357819010000005	0.5624839831512997
339	0.005918772226000006	0.5627395606656996
340	0.005902675606599999	0.5635724284481995
341	0.005885714685900005	0.5639032288533995
342	0.005869385731099993	0.5641310066311994
343	0.005853208297300001	0.5647004073250996
344	0.005837264506299991	0.5656881717946997
345	0.0058213183234	0.5663394704959995
346	0.0058050556219999975	0.5665786354007996
347	0.005789230733399998	0.5669279017538997
348	0.0057738870508000015	0.5675989541076997
349	0.0057575123312	0.5676239541076996
350	0.005741643349299999	0.5678861397942998
351	0.005725919360800001	0.5681022570102997
352	0.005710682924499993	0.5687760582090996
353	0.0056950125781	0.5689910680054996
354	0.0056791364553999985	0.5693498915348996
355	0.005664167363300007	0.5696112030955995
356	0.005648817756999998	0.5704842032636995
357	0.005633614711400002	0.5710362802646995
358	0.005618456082699994	0.5715542627208996
359	0.005602926207600007	0.5718459293875997
360	0.005588010154299997	0.5720808095435995
361	0.005573737993800005	0.5724646798463997
362	0.005558466594100015	0.5725555889372997
363	0.005543926174499999	0.5736155928224996
364	0.005528999329600003	0.5738811772380995
365	0.005514443690600008	0.5742258200951996
366	0.0054997807705	0.5746637633575997
367	0.005485343846200004	0.5749074518469998
368	0.005470793362600001	0.5751555067668997
369	0.005456488239500009	0.5752360623224997
370	0.005441809707500001	0.5753610623224997
371	0.005427267668899999	0.5756388401002999
372	0.0054132191388999926	0.5760679669376998
373	0.005398980586200007	0.5765811050757998
374	0.005384796068499999	0.5767690483382
375	0.005371335462099993	0.5773385572570999
376	0.005358463267600005	0.5782671380984004
377	0.005344622490299999	0.5783199158762004
378	0.005330603906200008	0.5787643603206002
379	0.005316873001700007	0.5790886635535003
380	0.005303694361699999	0.5797107692256003
381	0.005290247786100002	0.5797884008046004
382	0.005276924684599997	0.5799866005723003
383	0.005263507367299993	0.5804321195922002
384	0.005250569382200005	0.5806509240603002
385	0.005237234642800008	0.5809885999431003
386	0.005224141278799994	0.5812194724985001
387	0.005211279917500003	0.5817817199732
388	0.005198522689199995	0.5821515380636
389	0.005185632516799997	0.5826036801243
390	0.005172924598100003	0.5827880246463001
391	0.0051602216895999965	0.5833087016001001
392	0.005147317390599992	0.5838097351918003
393	0.005134542282399996	0.5843167572395003
394	0.0051221124222000005	0.5848180711065003
395	0.0051094958356	0.5850943868960002
396	0.0050967015146	0.5852272371375004
397	0.005084424694300005	0.5861215182951004
398	0.0050719637310000015	0.5863369944856004
399	0.005059533199600003	0.5863880280774004
400	0.005047195059299994	0.5864345397054004
401	0.005034892924800002	0.5868928730387005
402	0.005022903043800001	0.5871511626214005
403	0.005010897936099994	0.5876253689706006
404	0.0049988355097999974	0.5879966455664005
405	0.004986674399399994	0.5888077566775005
406	0.004974921959899995	0.5890499283947005
407	0.004963345763299998	0.5891554839503006
408	0.004951341638400004	0.5894749283947004
409	0.0049399951226999994	0.5900881318578005
410	0.004928477643900002	0.5908029586978005
411	0.004917091260299997	0.5912536770266005
412	0.004905770327899995	0.5915490854942005
413	0.004894304786500005	0.5918084524193006
414	0.004882615542200008	0.5920048809908005
415	0.004871299304600007	0.5922904426513005
416	0.004859841275200011	0.5924354375956006
417	0.004848934278999995	0.5928210862226004
418	0.004837384371999995	0.5929321973337005
419	0.004826336192399999	0.5933794458216006
420	0.0048153337636	0.5935971460799006
421	0.004804214326999996	0.5937847347675005
422	0.004792884722100004	0.5939275919104006
423	0.004782096843000001	0.5941490662693004
424	0.004771115494299994	0.5943274090858005
425	0.004760575390000004	0.5949338256369003
426	0.004749935374899997	0.5950089172121005
427	0.004739180510699997	0.5953906559524006
428	0.004728789401800001	0.5956566403764004
429	0.0047180350276999974	0.5958178768008003
430	0.004707319255099999	0.5962666863247005
431	0.004696764826300003	0.5966308512296005
432	0.004686114684599994	0.5970191864086005
433	0.004675608515499998	0.5975363581258006
434	0.004664933806300003	0.5977196914591006
435	0.004654680535800007	0.5982668089759007
436	0.004644394807499998	0.5988991853714006
437	0.004634082405799999	0.5989664450537006
438	0.004623987167000001	0.5993646448215006
439	0.0046136687868999935	0.5995563114881006
440	0.004603889277000008	0.6000184604503005
441	0.0045936111297999955	0.6001528273753006
442	0.004583373992399999	0.6002693774919006
443	0.004573425609299997	0.6009756404318005
444	0.004563208709100009	0.6012192301754007
445	0.0045531227645	0.6012653595497006
446	0.004543201469099994	0.6014255137229007
447	0.004533686785900006	0.6017460137179006
448	0.004523940885799994	0.6023149044527006
449	0.004514001010900002	0.6026892946966007
450	0.0045040559141000065	0.6028892946966006
451	0.004494130257399998	0.6029892946966006
452	0.004484647052099996	0.6030858769427005
453	0.004474933568800004	0.6036315118634006
454	0.0044655660633000065	0.6040530941093005
455	0.004455974700100003	0.6043030941093005
456	0.0044466016474999995	0.6046980330074004
457	0.004436892909099996	0.6046980330074004
458	0.004427804290100001	0.6053339228628005
459	0.004418786947399997	0.6058913850420004
460	0.004409502221300002	0.6060738068870004
461	0.0044001167920999975	0.6063510309549005
462	0.004391055505600002	0.6069153436794004
463	0.004381777417500001	0.6071219328268005
464	0.0043725296057999935	0.6071463230707005
465	0.004363357869199996	0.6073635479511005
466	0.004354174633999998	0.6075124447907005
467	0.004345144197600004	0.6080148570127005
468	0.004336169843000004	0.6081859863871005
469	0.004327233056499999	0.6086246768633006
470	0.0043180637191	0.6087246768633006
471	0.004309013819499998	0.6090786451173006
472	0.004300010901700001	0.6095508673396006
473	0.004291267817199995	0.6097620664161005
474	0.004282503360900004	0.6098399695071005
475	0.004273761953199998	0.6100338602418004
476	0.004265297884300002	0.6103910904148004
477	0.0042565231655	0.6106186545175004
478	0.004247880457799992	0.6110718651956006
479	0.004239056694199997	0.6113385318623007
480	0.004230355830399999	0.6113663096401006
481	0.004221935680399992	0.6114428969417006
482	0.0042133528885000045	0.6117434019921006
483	0.0042048094934	0.6117961797699006
484	0.004196419788499993	0.6121315333051007
485	0.004188064032400003	0.6123719661291005
486	0.004179565297800002	0.6125603719262006
487	0.004171629198199999	0.6131267860674005
488	0.004163473872099995	0.6135178234434006
489	0.004155226373000001	0.6135706012212004
490	0.004147123730900005	0.6137274725662005
491	0.004139181102999998	0.6141151181508006
492	0.0041311218956999966	0.6142430308275003
493	0.0041231559805	0.6144451988492002
494	0.004115082972299999	0.6146084779820001
495	0.0041069892616999995	0.6146591190076002
496	0.0040989681206	0.6150401796137003
497	0.004090978708299998	0.6154165900597003
498	0.004082984763900001	0.6159210485098002
499	0.004074898633100001	0.6163263515401003
500	0.004067377425600001	0.6166121130008001
501	0.004059679029100004	0.6172457223501003
502	0.0040517816577	0.6179697505578002
503	0.004043754197600004	0.6181364172245002
504	0.0040361028838999955	0.6183296679829002
505	0.0040284889120999956	0.6185881592500001
506	0.004020597529799997	0.6187504969123999
507	0.004012795123199995	0.6188972360428999
508	0.004004911439600002	0.6188972360428999
509	0.0039971239042999995	0.6192131451337999
510	0.003989404941499999	0.6193486464889
511	0.003981906294000001	0.6195138449854999
512	0.0039743756322	0.6197995915917999
513	0.0039669304917	0.6202285598457998
514	0.003959415865599997	0.6205225211986
515	0.003952042461299996	0.6211808545318999
516	0.003944805290299999	0.6212503209349999
517	0.0039374018552999985	0.6216000684097
518	0.003929826453700003	0.6217667350763999
519	0.003922667740800003	0.6223195128541998
520	0.0039155982507	0.6226619416670999
521	0.0039081373962	0.6230952750004999
522	0.003900850953900003	0.6235060308145999
523	0.003893886407600006	0.6240557160251001
524	0.003886639678700002	0.6242428972256001
525	0.0038794779014	0.6247585817858001
526	0.0038722602155999977	0.6254735042665003
527	0.0038650552763000003	0.6255230211747003
528	0.0038578737678000015	0.6255486622003004
529	0.0038506978056999965	0.6256305335454002
530	0.0038436088590999996	0.6256760115816001
531	0.0038365638856000003	0.6261204560260004
532	0.003829365832700003	0.6261204560260004
533	0.0038224537575	0.6263662258455004
534	0.0038155251909999964	0.6265123552198004
535	0.0038086116575	0.6269356110337004
536	0.0038016542614000017	0.6270851826371003
537	0.0037947742079999986	0.6275441569960004
538	0.0037879262119999983	0.6281595829952004
539	0.0037809491862999963	0.6283679163285004
540	0.0037741070161999984	0.6290095829951003
541	0.0037672898264	0.6292052179156002
542	0.0037604229998999964	0.6293534737295001
543	0.0037536554930999995	0.6295458477804002
544	0.0037469730459999996	0.6297990866469003
545	0.0037401104578000033	0.6297990866469003
546	0.003733406403299999	0.6301267478746002
547	0.0037269193570999976	0.6305482595024002
548	0.003720243401099996	0.6308821735558001
549	0.0037136542107000015	0.6312022590259001
550	0.0037069308048999967	0.6313133701371
551	0.0037002775938999935	0.6317304697042001
552	0.0036937854240999984	0.6319459458947001
553	0.0036874236635999974	0.6321859808598003
554	0.0036807796554000002	0.6321859808598003
555	0.0036742144423000003	0.6322103711037003
556	0.0036676276595000016	0.6324103711037004
557	0.0036611959107000066	0.6324592679434001
558	0.003654646365	0.6324592679434001
559	0.0036483048310000025	0.6326913472868001
560	0.0036420046040999982	0.6331630864172002
561	0.003635811776200001	0.6333580813615003
562	0.0036294199857999955	0.6334793579572001
563	0.0036230381936000005	0.6335026137711002
564	0.003616785215999999	0.6339793092979001
565	0.0036105073127000033	0.6343934742027002
566	0.0036042948255	0.6345695077943002
567	0.003598283406500002	0.6349141857771002
568	0.0035920057813000035	0.6354359249075003
569	0.0035857746847	0.6356455740303002
570	0.0035796877575000018	0.6356938298443001
571	0.003573527195600002	0.6358188298443002
572	0.0035674457345999957	0.6369248904505003
573	0.0035612579430999982	0.6369471126727002
574	0.0035553482659999966	0.6377726631726003
575	0.0035494766705999993	0.6381964240371002
576	0.0035435529485999973	0.6382724015826002
577	0.0035374730317000013	0.6383946238048002
578	0.003531473583899995	0.6386583600687001
579	0.0035254649585999983	0.6391080353934003
580	0.003519468011399997	0.6391350624204003
581	0.0035135799623000016	0.6395780448765004
582	0.0035075855459	0.6396002670987004
583	0.0035015794073000018	0.6396002670987004
584	0.0034957017308000003	0.6396235229127004
585	0.0034899369631999997	0.6398643348785006
586	0.003484162523400006	0.6399159221801007
587	0.003478413206599998	0.6400685902328007
588	0.0034726370739000018	0.6401145733194006
589	0.003466848755700002	0.6406965393209006
590	0.0034611627491999974	0.6408582914577008
591	0.003455424437099999	0.6413385944881008
592	0.0034496655483999992	0.6413603336185009
593	0.0034440221364	0.6420119209201008
594	0.0034382705253	0.6422658891741009
595	0.003432619654199999	0.642321444729701
596	0.003426923091599999	0.6423447005436009
597	0.0034211924504999993	0.6423447005436009
598	0.003415542155900003	0.6424697005436009
599	0.0034102128709999984	0.6426817180345008
600	0.0034046243214999987	0.6430827516262008
601	0.003398993592799999	0.6433089421025009
602	0.0033936395892999976	0.6438157797094006
603	0.003388308321199998	0.6448074921637008
604	0.003382879648899998	0.6451481269375009
605	0.0033773952057999986	0.6451708542102009
606	0.003371904287799995	0.6454354504836008
607	0.003366509634099995	0.6455960121442009
608	0.003361213203500007	0.6457563876383009
609	0.003355770093900003	0.645989237879801
610	0.003350580028499998	0.6460890809954007
611	0.003345206516200002	0.6463390809954007
612	0.0033398238022999977	0.6465307476621008
613	0.003334561779899995	0.6467213320777007
614	0.0033292453147000015	0.6470009413574007
615	0.0033240169797000042	0.6470709363017008
616	0.0033187948136999992	0.6475972520911008
617	0.0033134298248000045	0.6477639187577006
618	0.0033081603305000016	0.6480389187577008
619	0.0033029752288000007	0.6482166965355007
620	0.0032977936414000006	0.6482660867794007
621	0.0032926543008	0.6483188645572008
622	0.003287451456399996	0.6483438645572007
623	0.003282393359499999	0.6487363879598007
624	0.0032772335434999955	0.6489280546265007
625	0.003272079873699997	0.6491507818992007
626	0.003266899341400002	0.6492499271983008
627	0.0032617909387000015	0.6495422348907007
628	0.003256605261799996	0.6495422348907007
629	0.0032515215755	0.6497962031446005
630	0.003246561693200003	0.6500879571272006
631	0.0032414872204999997	0.6502268460161006
632	0.0032364984505999974	0.6502758890783006
633	0.0032314184015	0.6505298573324005
634	0.003226386504400003	0.6507004922531004
635	0.0032214123044000047	0.6511176639703006
636	0.0032164732472	0.6513618344339006
637	0.003211608363500001	0.6514329534958005
638	0.003206621496199995	0.6517919278547006
639	0.003201657466199997	0.6523502611881006
640	0.0031968303498000027	0.6525326830330006
641	0.0031918508632999983	0.6525326830330006
642	0.003187007611400001	0.6530074305077006
643	0.0031822081048999947	0.6532321589956007
644	0.003177384845000002	0.6534638319280007
645	0.003172569173399997	0.6535892930165007
646	0.003167784924600003	0.6536355696122007
647	0.0031629819703000044	0.6539800140567008
648	0.003158143902399999	0.6541138524405009
649	0.003153379749600001	0.6545360746627008
650	0.0031486512924	0.6545844429611007
651	0.0031438972316	0.6547094429611009
652	0.0031391786916000045	0.6551004998717009
653	0.0031345514724999985	0.655425286196401
654	0.0031298799355999967	0.6558032428651009
655	0.0031252247895999954	0.656082692372801
656	0.003120523495499998	0.656230311420501
657	0.003115790283300001	0.656396978087201
658	0.003111082918300007	0.6565080891983011
659	0.0031065089793999986	0.656724510164801
660	0.003101880113099999	0.656747765978801
661	0.003097219556499998	0.6570394326454009
662	0.0030926343502999973	0.6572535975503009
663	0.0030880990622000025	0.657539708661401
664	0.0030834665949999993	0.657639708661401
665	0.0030788412668999983	0.657839708661401
666	0.003074263465600001	0.658264708661401
667	0.0030699633618999993	0.6589575948673011
668	0.0030653744786999994	0.6589575948673011
669	0.0030608170880999995	0.659048503958201
670	0.003056585954099999	0.6594909639739011
671	0.0030521922434000016	0.659900443383401
672	0.0030476768797999985	0.660000443383401
673	0.003043194668099996	0.6600242529072009
674	0.0030387760844999994	0.660250568696701
675	0.003034289594500001	0.6604505686967009
676	0.003029833774400002	0.6607093922261009
677	0.003025364992600004	0.6607093922261009
678	0.0030209223688000032	0.660876058892801
679	0.003016654751700006	0.661313180104901
680	0.0030123391251999972	0.661658658141101
681	0.0030079222040000006	0.661658658141101
682	0.0030035717332	0.661848580621701
683	0.002999295799500002	0.662232947546501
684	0.002994996002500001	0.6623460788596008
685	0.002990740456699998	0.6626619909224011
686	0.0029865204126	0.663100879811301
687	0.0029822976745000015	0.6638064353669011
688	0.002977983955700006	0.664074292509801
689	0.0029737687095999976	0.6643666002022011
690	0.0029694860485000004	0.664666600202201
691	0.0029652532715999996	0.664915138213901
692	0.0029609889618999984	0.6652262493251011
693	0.0029568260702999972	0.665546274489601
694	0.0029526812113999956	0.665739131632501
695	0.002948494511900001	0.666250675644101
696	0.0029443012449000034	0.666427598721001
697	0.0029401814297999977	0.666744265387601
698	0.0029360548679999996	0.6670569136089011
699	0.0029318747701000025	0.667080169422901
700	0.0029277533150000026	0.667107947200601
701	0.002923582724600002	0.667107947200601
702	0.0029194240016999977	0.667107947200601
703	0.0029152770899999974	0.667107947200601
704	0.0029111419458999997	0.667107947200601
705	0.0029071767876	0.6672438057864011
706	0.0029030747874000014	0.667386662929301
707	0.0028990401388000004	0.6676455013132011
708	0.0028949869850000026	0.667935423793801
709	0.0028909095363999983	0.667935423793801
710	0.0028869818369000014	0.667986064819501
711	0.002882944814600004	0.668277731486201
712	0.002879048738699999	0.6683525746018011
713	0.0028750791401999996	0.6686853542253011
714	0.002871143996399999	0.669070707760701
715	0.0028672625827999942	0.6691452793641011
716	0.0028633102302999974	0.669283807502601
717	0.0028593378283999983	0.669408807502601
718	0.002855417022300001	0.669433807502601
719	0.0028514588717000054	0.669600474169301
720	0.002847648080700001	0.6701532519470009
721	0.002843717380700001	0.670253251947001
722	0.0028398300086999984	0.670481029724701
723	0.002835979985900001	0.670627306320401
724	0.002832068291100002	0.670627306320401
725	0.002828224207300006	0.6707505621344009
726	0.002824407630200001	0.671051595726001
727	0.0028205675173999956	0.671200985969901
728	0.002816831843000001	0.6713737132426012
729	0.0028130293876000015	0.6715104653794012
730	0.0028092204402999986	0.6717015222899012
731	0.002805416254100003	0.6718924313808012
732	0.0028016651514000037	0.6720257647142012
733	0.002797857439	0.6722257647142011
734	0.0027941229237000006	0.672536875825201
735	0.0027903265601000008	0.672536875825201
736	0.002786599333699998	0.672606717095101
737	0.002782970141599999	0.6728060065008011
738	0.0027792225665999983	0.673083784278501
739	0.0027755908701000026	0.6734578273407011
740	0.0027720470186999987	0.6735536095333011
741	0.0027683111067000003	0.6735536095333011
742	0.0027646069583999997	0.6740202762000012
743	0.002761085937699999	0.6740908667206011
744	0.0027574229633	0.6743519778317012
745	0.0027538666570999996	0.6745594273266011
746	0.002750203353099999	0.6747594273266012
747	0.0027467140266999993	0.6752239578906012
748	0.0027431305169000014	0.6754466851634011
749	0.002739501417799998	0.6758383518300011
750	0.002735897879200002	0.6758627420739012
751	0.002732385104399998	0.6759375851894012
752	0.0027288550703000007	0.6761027898678013
753	0.0027252763026000006	0.6766097558694013
754	0.0027217227267000007	0.6768347558694013
755	0.0027181347971999984	0.6769347558694013
756	0.0027147706892999973	0.6770284662288013
757	0.0027112326491000034	0.6771747428245013
758	0.002707721216100001	0.6773403272400014
759	0.0027042051059000018	0.6773635830539014
760	0.002700753362599997	0.6775455690265013
761	0.0026972795860000028	0.6777829959271013
762	0.0026938199683000015	0.6780405716846013
763	0.002690400107599997	0.6780870833125014
764	0.0026868917772000017	0.6782870833125015
765	0.0026833840848999994	0.6782870833125015
766	0.002679929677000002	0.6783127243382016
767	0.0026764875968999964	0.6785935559098014
768	0.0026730729838000044	0.6787880003543014
769	0.002669604828600002	0.6790380003543014
770	0.0026661876662999974	0.6795003019417014
771	0.0026627424362000007	0.6797860162274014
772	0.0026593412058000003	0.6800521291843012
773	0.0026560087213999967	0.6800975837297013
774	0.0026526730671999985	0.6802557601786012
775	0.0026492961390000022	0.6802835379563013
776	0.002645951004800001	0.6805920007354013
777	0.0026425764400999966	0.6806152565494012
778	0.002639236837100001	0.6806390660732012
779	0.002635853201400001	0.6806390660732012
780	0.002632574830500005	0.6806873218872013
781	0.002629241031299995	0.6807129629128013
782	0.002625899413100001	0.6810462962462013
783	0.0026225533027999996	0.6812129629128012
784	0.0026192335405	0.6815129629128013
785	0.002615917347299997	0.6817907406906013
786	0.0026127063127999997	0.6818645068480014
787	0.002609463072699996	0.6819122341208014
788	0.002606229568300002	0.6820344563431014
789	0.002602970550800003	0.6820582658669013
790	0.0025998107083999977	0.6821311262274015
791	0.002596591809400001	0.6822452911323014
792	0.0025933174185000006	0.6822452911323014
793	0.0025900972160000034	0.6825560054179015
794	0.002586885059200002	0.6827060054179014
795	0.002583688796400001	0.6828587831957014
796	0.0025805287884000027	0.6829115609735014
797	0.0025773813069999993	0.6829635880005014
798	0.0025742431554000027	0.6830183928053014
799	0.0025710518789000014	0.6832521590390014
800	0.0025678420779	0.6832521590390014
801	0.002564707050699999	0.6835291860659013
802	0.0025615131433000034	0.6835291860659013
803	0.0025583503569999986	0.6835562130929012
804	0.002555321783100002	0.6837658013770013
805	0.0025521790834999976	0.6839130235992013
806	0.0025490395342000014	0.6843130235992012
807	0.0025459398564999965	0.684664057190801
808	0.0025428905008999998	0.6847117844635009
809	0.002539818110700002	0.6848778974202009
810	0.0025368640671999993	0.6849717018883008
811	0.0025337398510000006	0.6849717018883008
812	0.002530664117500002	0.6850166968327009
813	0.0025275793117999976	0.685200030166001
814	0.0025244960335	0.6854428873089009
815	0.0025214322857000015	0.6856053873089011
816	0.002518401442699999	0.6857303873089011
817	0.002515336145400001	0.6860161015946011
818	0.0025123587256000003	0.6860656731981012
819	0.0025093201242999998	0.6860878954203011
820	0.002506280005900001	0.6863307525631012
821	0.002503344823499998	0.686762899924201
822	0.0025003399559	0.6867856271969012
823	0.0024973599905999985	0.6869015362878012
824	0.0024943402274999996	0.6870682029544012
825	0.0024913951031000025	0.687116257874201
826	0.0024885227306999974	0.6873900187386013
827	0.002485517266100003	0.6873900187386013
828	0.0024826367777999996	0.6874598113492011
829	0.002479673193800001	0.6874842015931012
830	0.0024767210529000002	0.6878730904821011
831	0.0024738452237000022	0.6881837610173012
832	0.0024708984512999987	0.6884555001477012
833	0.002467967337500003	0.6884772392782011
834	0.002465038905999999	0.6885022392782012
835	0.0024620988685999964	0.6885610628076012
836	0.0024592171715999986	0.6887271757645013
837	0.002456342284200001	0.6888499030372011
838	0.0024534614076999997	0.6892026808150011
839	0.002450600071299999	0.6894759366291013
840	0.0024477850127	0.6899538023722013
841	0.0024449272143000017	0.6901992804083013
842	0.0024421112749999996	0.6903082292511012
843	0.0024392640490000003	0.6904471181400013
844	0.0024363871371999987	0.6905380272309013
845	0.0024335072479000027	0.6905380272309013
846	0.0024306731416000003	0.6906612830448013
847	0.0024278623413000037	0.6906835052670014
848	0.0024251093671999995	0.6908978992063014
849	0.0024222687382999967	0.6910090103174014
850	0.002419500977099998	0.6913150709235014
851	0.0024167120964000027	0.6915383267374013
852	0.0024139145998000023	0.6915627169813013
853	0.0024111427812	0.6921904947590012
854	0.0024083637198999996	0.6924182725368012
855	0.002405622459400002	0.6924677230863011
856	0.0024029201497999964	0.6926762548324011
857	0.0024001697460000024	0.6927614821051012
858	0.002397429747699997	0.6927852916289011
859	0.002394746027600002	0.693072476666001
860	0.0023920212646	0.6934052562896011
861	0.0023892462980999985	0.6934052562896011
862	0.0023865407958	0.6937845727096013
863	0.002383824089299998	0.6941762393762012
864	0.0023810882484000028	0.6946524298524013
865	0.0023784292893999984	0.6947030708780013
866	0.0023756860046000006	0.6947030708780013
867	0.0023730272581999985	0.6947506899256015
868	0.0023703084060999963	0.6947734171983014
869	0.0023676485767000033	0.6950137165332014
870	0.002365014531800003	0.6950642215836015
871	0.0023623732927	0.6951169993614015
872	0.0023596672525000033	0.6951169993614015
873	0.002357049784699998	0.6953075837770014
874	0.0023543625367000013	0.6954325837770015
875	0.0023517152592999993	0.6959270282215014
876	0.002349041506899999	0.6960520282215015
877	0.0023463660595999998	0.6960520282215015
878	0.0023437186803999975	0.6965448853645017
879	0.0023410553645999994	0.6965448853645017
880	0.002338398092800002	0.6965448853645017
881	0.002335844434300002	0.6967354697800016
882	0.0023332080503000023	0.6968354697800017
883	0.002330572509399997	0.6969783269229015
884	0.0023279786310999966	0.6971706346152016
885	0.0023254032830999976	0.6973367475720015
886	0.002322789252400003	0.6975034142387015
887	0.002320178563799999	0.6976284142387016
888	0.002317649580799997	0.6977751533691017
889	0.0023150530456000017	0.6978660624601016
890	0.0023124572974	0.6980327291267016
891	0.0023098786664	0.6983243957933016
892	0.0023073396146000014	0.6983456723890016
893	0.0023047586980999984	0.6983456723890016
894	0.002302183547599999	0.6983456723890016
895	0.0022996527176000012	0.6983683996617016
896	0.0022971461099999986	0.6985521762575017
897	0.002294635110599998	0.6987438429242017
898	0.002292090096900002	0.6989105095909017
899	0.0022895581277	0.6991533667338018
900	0.0022870674463999997	0.6993084391975019
901	0.002284534348900006	0.6995584391975018
902	0.0022820289105000002	0.6999695503086015
903	0.002279549771099999	0.7000831866723016
904	0.0022771614294999987	0.7001752015050016
905	0.002274702767999997	0.7004786203084016
906	0.002272244611200002	0.7005269239311015
907	0.002269771216000003	0.7005486630615015
908	0.0022673153235999994	0.7007736630615016
909	0.002264846686700001	0.7011409104482017
910	0.002262376222399998	0.7014075771148016
911	0.0022599075542000034	0.7016992437815015
912	0.0022574323008999982	0.7016992437815015
913	0.002254979203599998	0.7019825771148015
914	0.0022525147424000023	0.7019825771148015
915	0.0022500616196999995	0.7021254342577015
916	0.0022476079005999986	0.7021254342577015
917	0.0022452010131999997	0.7021504342577015
918	0.0022428750143000005	0.7023450791519015
919	0.0022404500878	0.7025788453857015
920	0.002238102249100002	0.7033081602737012
921	0.002235684208599998	0.7034081602737012
922	0.0022332655318999983	0.7034990693646012
923	0.0022308485794	0.7034990693646012
924	0.0022284368482000006	0.7034990693646012
925	0.0022261013919000006	0.7038240693646011
926	0.0022237058031	0.704024069364601
927	0.0022213200075000008	0.704124069364601
928	0.0022189393356000014	0.7044574026979011
929	0.002216598422699997	0.7051252598408011
930	0.0022142267629999984	0.705250259840801
931	0.0022118509838999997	0.705250259840801
932	0.0022095216095999975	0.705441926507501
933	0.0022071674048000003	0.705500750036901
934	0.0022048273638	0.705702770238901
935	0.002202471780600001	0.705702770238901
936	0.0022001212238999977	0.705702770238901
937	0.002197789303	0.705904790441001
938	0.002195481595500001	0.7061958473516009
939	0.002193179893599999	0.7062191031655008
940	0.0021908751493000013	0.7063663253877008
941	0.0021885831506000004	0.7064145812016008
942	0.0021863004723000007	0.706647914534901
943	0.002183984477199999	0.706647914534901
944	0.0021816733816000015	0.706647914534901
945	0.0021793671723000026	0.706647914534901
946	0.0021770758607999974	0.7067479145349009
947	0.002174790480499998	0.707001882788801
948	0.002172508799700001	0.7070927918797011
949	0.002170221947	0.7070927918797011
950	0.0021679686239999977	0.7072160476936011
951	0.0021657442509999997	0.7074963507240011
952	0.0021635563919999985	0.707646294982601
953	0.0021612929034000006	0.7078462949826011
954	0.0021590297692999994	0.7078462949826011
955	0.0021567932286999975	0.7078706852265011
956	0.0021545471650000004	0.7082456852265011
957	0.0021523416963	0.7085528280836011
958	0.002150161422199998	0.7088011963819012
959	0.0021479628603000003	0.7088255866258012
960	0.0021458002005000027	0.7088700530290011
961	0.0021436009426000014	0.708892780301701
962	0.0021413814431000006	0.708992780301701
963	0.002139183740900001	0.7092645194321011
964	0.0021369809171999997	0.709500630543201
965	0.002134822248100003	0.709645580038201
966	0.002132623119599998	0.7097566911493011
967	0.0021304423848000006	0.710113280296601
968	0.002128243783900003	0.710113280296601
969	0.0021260550286999968	0.7102382802966011
970	0.0021238654779000008	0.7102382802966011
971	0.002121695233500002	0.710723994582401
972	0.0021195178282000008	0.7108906612491009
973	0.0021173870110999995	0.710975125804201
974	0.0021152973000000035	0.7111214024000009
975	0.0021131541076000004	0.711311324880601
976	0.0021109974838999985	0.7114363248806009
977	0.002108839001699998	0.7114363248806009
978	0.002106728701699999	0.7118293073368009
979	0.0021046299490999985	0.711952034609601
980	0.002102484556900002	0.711952034609601
981	0.0021003580371000015	0.7121948917525011
982	0.002098256505000002	0.712319891752501
983	0.0020961241297999997	0.712319891752501
984	0.002093996084800002	0.712319891752501
985	0.002091908322699998	0.712342619025301
986	0.0020898165471000007	0.712490874839301
987	0.0020877218165000003	0.7125141306533009
988	0.0020856374298	0.7125373864673009
989	0.0020835562060999976	0.712910642281301
990	0.0020814903487999985	0.7129333695540009
991	0.0020794529828999995	0.7129829411575009
992	0.0020773811576000004	0.7130046802880009
993	0.002075291240599999	0.7130046802880009
994	0.0020732852351999995	0.713217396143601
995	0.0020712489412000007	0.7134084530542009
996	0.0020691714595999994	0.7134084530542009
997	0.0020671372568000007	0.713432843298101
998	0.0020650990814999994	0.713556652821901
999	0.0020630409763000013	0.7136816528219009
1000	0.0020609799961	0.7136816528219009
