0	0.4185	0.050769376782700056
1	0.28224999999230044	0.07331124788830007
2	0.22241666666649998	0.08806894914800006
3	0.18861249999980012	0.10134501570500001
4	0.16512333333330004	0.11157709670950007
5	0.1476742063481	0.12109809227579996
6	0.1350778911594999	0.13173668897769997
7	0.12495704365149994	0.14093083759860006
8	0.11640626102180011	0.15084275952029985
9	0.10889290764829997	0.15826644069079981
10	0.10217537059209993	0.1645900331381998
11	0.09676332047689999	0.1712958106539998
12	0.09182548263420008	0.17747557240639977
13	0.08771413863590004	0.18324402624309968
14	0.08399986272930007	0.18933660743559969
15	0.08066163601559995	0.19522726441359972
16	0.0777697750731002	0.20112999522719988
17	0.0748585887423	0.2046922551779998
18	0.07239497880120023	0.21139793961349984
19	0.06996332510119993	0.21667397978429978
20	0.06772048278259994	0.22110342914929987
21	0.06557706162840012	0.22550998729719987
22	0.06356465314930008	0.2299895066641999
23	0.0616711259371	0.23422721316829984
24	0.05995658859059999	0.23704723329499983
25	0.05841409871509997	0.24064784479769982
26	0.056915957491399966	0.2442377743173998
27	0.05535368807669995	0.2475157466520998
28	0.05381275630370001	0.25117876013579976
29	0.0524319009877	0.2554965523390997
30	0.05117099289049996	0.25888852243199983
31	0.050049172087899996	0.26210960326539995
32	0.04882486562870002	0.26529490259
33	0.04776110907650005	0.26986324019060004
34	0.046748093260400025	0.2725172689568
35	0.045719054634299906	0.2753562654204
36	0.044731626414900055	0.27814182590629993
37	0.043781873762600045	0.28105090080899986
38	0.042927851354999984	0.28466325147149985
39	0.04201380141489996	0.28795936469909994
40	0.04120045666740002	0.2909967385461999
41	0.04041384557029997	0.2936799142425999
42	0.039655806881199976	0.2966761208761998
43	0.03897019510580002	0.2989516501766999
44	0.038278103813899976	0.3011123435804
45	0.03767538832910002	0.3049849140752999
46	0.0370338020509	0.30771960404240006
47	0.03641787675340005	0.3109783782042002
48	0.03585138947409997	0.3140874578025002
49	0.035237498939499956	0.31623264085520014
50	0.034695888853000026	0.3181121744257001
51	0.034146584751600005	0.3206711252297
52	0.03360328790449999	0.3232035803986
53	0.03306349637559998	0.32584011287700004
54	0.032559419817900025	0.32812732558340013
55	0.03206666075729995	0.33093405645700025
56	0.03157033095300006	0.33266054696550024
57	0.031116897428199973	0.33504501795910024
58	0.030686385044099963	0.33695238782040016
59	0.030276038189600004	0.33892111770750016
60	0.029845283464299953	0.3412967574031001
61	0.02945760992099998	0.34292829182990026
62	0.02908154666819999	0.34458538273660033
63	0.028699503271099963	0.34633568294690026
64	0.028342354735799984	0.3490372251028002
65	0.027985064423800027	0.35044951776190014
66	0.0276182987538	0.3520278027270001
67	0.027304432043299985	0.35420283341450004
68	0.026969999281300026	0.35576628856
69	0.02663883832590003	0.35801365484590003
70	0.026316264700900004	0.35966885575190016
71	0.02599794519569997	0.36065685010840015
72	0.025692901146400025	0.3629366051823001
73	0.025386240322500028	0.36405844470320015
74	0.02507845887140001	0.36593527111120006
75	0.02478658577900002	0.3676339333717001
76	0.0245262871286	0.3695257186292001
77	0.02424430454569999	0.37130146531970004
78	0.023976496893499996	0.37366818193959994
79	0.023721080806000015	0.37544694475310003
80	0.023457285468900028	0.37589686625350005
81	0.02321412433239998	0.3775797921527001
82	0.022967568618699988	0.3792774794537001
83	0.022718795041699994	0.3810620191306001
84	0.022479422075699966	0.3826631368204
85	0.022246902734300005	0.38338138974710007
86	0.022019143142300003	0.38454161810590004
87	0.02179676013260002	0.38565402121410003
88	0.021580192291899985	0.38618106941070013
89	0.02137032690449999	0.38785371398420004
90	0.02115077720680005	0.38875987023110015
91	0.02093069512539999	0.3898328275876002
92	0.02073548975820001	0.39078746877180015
93	0.020538527658500005	0.39219869465390006
94	0.020354459823700006	0.39333639049470015
95	0.02016423402980002	0.3944209299796002
96	0.019984442852799978	0.39625098753360016
97	0.019804020273199996	0.3971992429125001
98	0.019623272593699993	0.39848041799880013
99	0.019454762641400003	0.40075478613630017
100	0.01928708784129996	0.4027822727421001
101	0.019122936877700003	0.40439654712160006
102	0.01895669477160001	0.40537381595450017
103	0.0188056459662	0.40679274573740015
104	0.01865304951689999	0.4079917118172001
105	0.01849911931919999	0.4095939669568001
106	0.018343018170200016	0.4109902922217
107	0.018192968137599994	0.4121852952799
108	0.0180401552529	0.41333128547079995
109	0.017886637049999994	0.4144218261355
110	0.017741503255200002	0.4155653028485
111	0.017595344131699997	0.41640111703439997
112	0.0174596610682	0.41795252791820003
113	0.017320388679400008	0.4195790753238
114	0.017190241370100008	0.4213235621378
115	0.017053912292600004	0.4221833023974
116	0.0169286506926	0.4235282738877
117	0.016799786610999984	0.4240413249703
118	0.01667079680839999	0.4253974606982
119	0.016545440994199995	0.4260201773741001
120	0.016421098506799996	0.42684965172790007
121	0.016300627019300004	0.428261332364
122	0.016179903331699993	0.429710725032
123	0.01606412991619999	0.43156585204639997
124	0.015948124812199996	0.4325767169269
125	0.01583917519070001	0.43351023193780003
126	0.015727744677200006	0.43482685011189987
127	0.015613774287200002	0.43581930846239997
128	0.015503172577399993	0.43677035994690006
129	0.015393195150299972	0.43739236156290007
130	0.015285636639600007	0.43844768808390006
131	0.015178893096499998	0.4390129430821999
132	0.015081543096600019	0.44042877655689994
133	0.0149828693367	0.44152587569959995
134	0.014880599717299988	0.4429302418284
135	0.014776926350400007	0.44392182074430003
136	0.014673244141799997	0.4451910126636999
137	0.014571816713399993	0.4464737687966999
138	0.014475102717500018	0.44722642804209994
139	0.01438052371550001	0.4482413026084
140	0.014285576438499984	0.4488361026945999
141	0.014193936657399995	0.44950753682079986
142	0.014100991491899981	0.4498166899644999
143	0.014011784414899997	0.45038654656679994
144	0.01392322888579999	0.4517749253108998
145	0.013834946589600026	0.45327954291549993
146	0.013746622812099997	0.4540255731615999
147	0.013662310878200015	0.45475304058049987
148	0.013574554877299992	0.45577202289019986
149	0.013496640624199984	0.4566633910424998
150	0.013413794276799992	0.4572909607950999
151	0.01333302757	0.45773416565969993
152	0.013249363779099998	0.45840099026009995
153	0.013167937245499996	0.4590987175327998
154	0.013087697451599987	0.45978200325609986
155	0.0130115595905	0.4613634582227999
156	0.012935052841499971	0.462198839818
157	0.012859474724900016	0.4633192181209999
158	0.012784768910399992	0.46423388912569996
159	0.012709406029500008	0.4654068752185
160	0.012637711995099976	0.46623834759809996
161	0.012564586681100005	0.4671672147123999
162	0.012491992329300006	0.46826550887849994
163	0.012422214844799998	0.4691952721808999
164	0.012349374842	0.4702369388473999
165	0.012278876839399997	0.471057718068
166	0.012206598138199997	0.47173600089629997
167	0.012139927417600003	0.4723585546344999
168	0.01207355820069999	0.47321658198309996
169	0.012008935616799986	0.4748853880864
170	0.011942991888399987	0.4754924578607001
171	0.011877723115299993	0.4761497856617001
172	0.011811723387800004	0.47669885177020005
173	0.011748404778799989	0.47766991730760006
174	0.011685426884500007	0.47818414262130005
175	0.011623462303300011	0.4788756869465
176	0.0115596656852	0.4791934393839001
177	0.011498772452699993	0.4799992890477
178	0.011436985393800001	0.48040072542300005
179	0.011375687225500001	0.48080739122410004
180	0.011317725503200012	0.48236508988999993
181	0.011258572683600003	0.4830063358057999
182	0.011199574780900006	0.48408387469199987
183	0.011141968394899993	0.48480575360679984
184	0.011084647671500008	0.48592312765789986
185	0.011028617854000004	0.48661491177959987
186	0.010974078653599983	0.4876398641696999
187	0.010918154392300001	0.4882171189594999
188	0.010864702725000005	0.4893089001458999
189	0.010810551217400011	0.49003813029939997
190	0.010757578217800004	0.49080477948109985
191	0.010705165313699996	0.4918962912507997
192	0.010650499374399996	0.49234811209079965
193	0.010596498651399998	0.49285449737209974
194	0.010542707081600001	0.4931018775280997
195	0.010490575277699992	0.49357230537309965
196	0.010440092430499995	0.49435440514299955
197	0.010392085263100015	0.49556847357249956
198	0.010341220513799987	0.49594252729649957
199	0.010293618888700005	0.4962970489754996
200	0.010246224401600008	0.49749835159799954
201	0.01019657353029998	0.4978561383256996
202	0.010146996091000017	0.4981667663450996
203	0.010099192785200016	0.49857734570489953
204	0.0100517517774	0.49936535782929947
205	0.010006873192200004	0.5006471758762995
206	0.009961852068199996	0.5010136852142995
207	0.009914648646399984	0.5015858211699994
208	0.009869420206299988	0.5019677052278994
209	0.009824634659600007	0.5027524031387993
210	0.009780553853500011	0.5031778975924994
211	0.009736700147700008	0.5032721364929994
212	0.009692106802599994	0.5034190545144993
213	0.009649359510800003	0.5040188156230994
214	0.009607256544900003	0.5050218658543992
215	0.009566746760699988	0.5069633206396993
216	0.009525154766300017	0.5075185127398993
217	0.009483220854799988	0.5082183931797993
218	0.009440375096200016	0.5085825269182993
219	0.009401331021700002	0.5095220361871994
220	0.009362989832599998	0.5099857284510995
221	0.009321541387099995	0.5104610044671994
222	0.009280481464300007	0.5108791111190993
223	0.009239844392999986	0.5114375526775993
224	0.009200410670199999	0.5119507874101993
225	0.009162507797100006	0.5127109591893994
226	0.009123825289199994	0.5133744656788992
227	0.0090852641159	0.5137256767626993
228	0.009046217017499998	0.5137489325766993
229	0.009008033765700002	0.5146556786082992
230	0.008969914945099999	0.5153705054482991
231	0.008933471439500006	0.5163033556897991
232	0.008897716473300019	0.5164470937990991
233	0.008861546925399998	0.5170987787289992
234	0.008824920074400004	0.5172470345429993
235	0.008788277259099987	0.5179060046426994
236	0.008752826953100002	0.5183345369798993
237	0.008717808393899998	0.5192204664298994
238	0.008684853824900014	0.5194712697009993
239	0.008651346740999991	0.5207062967273994
240	0.008617472287399997	0.5216875412280993
241	0.008582560105700007	0.5222159503192992
242	0.008548185405899994	0.5224895833892994
243	0.008514021714599996	0.5227310931714995
244	0.008481444157400006	0.5233799026952994
245	0.008447608591800012	0.5244013673416994
246	0.008415889137400006	0.5250420107282995
247	0.008383168634600003	0.5258570456933994
248	0.008349806512000004	0.5264249028361995
249	0.008317873422099992	0.5271411282773996
250	0.008286331271300006	0.5277933523452996
251	0.0082545783105	0.5281071365285995
252	0.008223087492600005	0.5286100225313995
253	0.008192627598500004	0.5290114962546995
254	0.008160821338399996	0.5296192198318994
255	0.008129991890000004	0.5298395661521995
256	0.0080992625745	0.5300333706203995
257	0.008070084927000003	0.5307770429710994
258	0.008040099445299998	0.5311400695785994
259	0.008010428565999988	0.5320279738445994
260	0.007981375127400003	0.5324022884188994
261	0.007951985790600004	0.5326612627777993
262	0.007922153375700004	0.5332521718687995
263	0.007893274433699993	0.5339279967890994
264	0.007864084323399993	0.5344636248083995
265	0.00783608299110001	0.5351823116770994
266	0.007807614796700009	0.5359535876233996
267	0.007779022880799992	0.5361263295155996
268	0.007750586472899999	0.5361526453050997
269	0.007724053620099994	0.5364104768058996
270	0.007697003172100001	0.5368938404547995
271	0.007669594183399997	0.5374760915371996
272	0.007643064563099996	0.5380645832990996
273	0.007616231876699996	0.5383476120315995
274	0.0075896036814999965	0.5388072554775997
275	0.007563635489899996	0.5395093478296996
276	0.007536888346299996	0.5396229841933997
277	0.007510228487600008	0.5402381864030998
278	0.007484359775199991	0.5408018580069998
279	0.007458367080000002	0.5416793111093998
280	0.007432783935100007	0.5419341812391999
281	0.0074068024580999986	0.5421020383820999
282	0.0073813267724	0.5424963781209999
283	0.00735622573210001	0.5426506945409999
284	0.007331199593299998	0.5429128392438
285	0.0073060167959999875	0.5431878392437999
286	0.007281491862599996	0.5438301475855
287	0.007257434396200001	0.5440524464615999
288	0.0072325011435	0.5443771217861998
289	0.007208936053300003	0.5451267266594997
290	0.0071855164642000025	0.5453835265689997
291	0.007161083855700007	0.5456994356599997
292	0.007137862214599997	0.5463987419092998
293	0.007114298632800004	0.5467000239605998
294	0.007091109988999986	0.5471192359541999
295	0.007067722287300008	0.5474494869088998
296	0.007045326275800006	0.5477874322081
297	0.0070217179109	0.547930289351
298	0.006999214954100008	0.5486031343268001
299	0.0069762607618000004	0.5491244109225
300	0.006954216900699996	0.5495774733523999
301	0.006931703323299997	0.5501999332454998
302	0.006910096605100008	0.5509323783365999
303	0.0068881317702	0.5511732971400999
304	0.006866394189899996	0.5513375745294997
305	0.006844572397100004	0.5517222236523999
306	0.00682248888930001	0.5523478646779999
307	0.006800653168500005	0.5527062853270001
308	0.006778936888500011	0.5530782401695
309	0.006758085841099996	0.5539683031958998
310	0.006736520557099984	0.5541425456201997
311	0.006716813308599993	0.5550987313157998
312	0.006696656215599995	0.5552214376791997
313	0.006676158322499995	0.5555888613505
314	0.0066559286056	0.5559073595189999
315	0.006635654185100006	0.5563135059089
316	0.006614890162400001	0.5563391469345
317	0.006594699807599991	0.5564783118393001
318	0.006574624336599998	0.5568533998045
319	0.0065546238072999976	0.5575089553602001
320	0.006534746204599999	0.5576571550329
321	0.00651487501169999	0.5578611087689
322	0.006495651114300006	0.5586927105006001
323	0.00647606814370001	0.5589565131230001
324	0.006456632581800001	0.5591458818938001
325	0.006437417940700008	0.5593426210242001
326	0.006418179177799997	0.5595775339837
327	0.006399167565500008	0.5596215378521001
328	0.006380039580000002	0.5598809047772002
329	0.006361374440299999	0.5605791045449001
330	0.006343147670699999	0.5606779140687
331	0.0063251814965	0.5616191288483
332	0.006306816331600001	0.5616880515018999
333	0.0062885950116000015	0.5618408512383999
334	0.006270187335800001	0.5621885785110998
335	0.006251941138900002	0.5624458086839998
336	0.006234478002999998	0.5627259951642
337	0.006217429180999993	0.5632765924393
338	0.0061999909915000035	0.5639866969689
339	0.006183282375499997	0.5644026988178
340	0.006165989903500008	0.5649750090054
341	0.006148762015399995	0.5653112080817
342	0.006130971198299996	0.5655844638956999
343	0.006113721576599993	0.5659618010976001
344	0.006096712716200003	0.5674202217466001
345	0.006079566914899997	0.5678792876809001
346	0.006062294985700001	0.5680507993087001
347	0.006045286281300001	0.5682114820233002
348	0.006029110676800005	0.5688279357592002
349	0.006012047447200009	0.5689466226278
350	0.005995704198999998	0.5695406269993001
351	0.005978839955100003	0.5698675500762002
352	0.005962630952800001	0.5704296712884002
353	0.00594633642000001	0.5706435115179
354	0.005929736517600012	0.5710224797719
355	0.005913300265899999	0.5711687563676001
356	0.005897205862399993	0.5719768291462001
357	0.005882063729800005	0.5724638473898
358	0.005865779739999999	0.5731344823103002
359	0.0058497706126000035	0.5735159758169001
360	0.005833902954800002	0.5739607560366
361	0.005818388390500005	0.5741612610872
362	0.005802829001400005	0.5745570944205
363	0.005787203285600002	0.5752632910017998
364	0.0057719318095	0.5756010532395
365	0.005756526298800005	0.5758470849855
366	0.005741403670400001	0.5759163238860999
367	0.005726796199699996	0.5760110082716
368	0.005711488832700004	0.5762039907277999
369	0.005696708020199999	0.5766740281879998
370	0.005681621104000006	0.5768645043784999
371	0.005666657824800001	0.5771057426484999
372	0.005652333082600002	0.5780473489146
373	0.0056382822831	0.5784317640483999
374	0.005623750408700002	0.5786731261142
375	0.005609287446200003	0.5788282410936999
376	0.0055951876147	0.5799325624225
377	0.005580546076299994	0.5799558182364001
378	0.005565939719500001	0.5801467273273001
379	0.005551492812200004	0.5803934664577002
380	0.005537389186099995	0.5808780733237001
381	0.0055231121189999975	0.5810710557798002
382	0.005508861448700005	0.5812395539483002
383	0.005495144511099997	0.5815488866908003
384	0.0054811674871000065	0.5816908293734002
385	0.005467221953699995	0.5819696817269001
386	0.005453381133199999	0.5822485340803001
387	0.005439564545499997	0.5828089636868
388	0.0054256865530000024	0.5832534081313001
389	0.005411912250799995	0.5836712402992
390	0.005399121462100007	0.5840314824379
391	0.005385711697699998	0.5841686681246001
392	0.005372556542500002	0.5846382623224002
393	0.0053591005284999976	0.5847865181364003
394	0.005345961518699995	0.5856097782096003
395	0.005332582470800008	0.5859256873006002
396	0.005319612281300001	0.5860703716859003
397	0.005306907622099997	0.5866190539978002
398	0.005294070760799995	0.5869589764785003
399	0.005281047554199996	0.5872867542563003
400	0.005268045351300004	0.5874811987007004
401	0.00525536049660001	0.5879240871132003
402	0.0052429279661000035	0.5881416396551005
403	0.005230139884299989	0.5884194174330004
404	0.005217748976500004	0.5886547408515004
405	0.005205181808400004	0.5891964075181005
406	0.005192705812999999	0.5895783735195004
407	0.005180440022400006	0.5898117790030004
408	0.0051680064824000055	0.5900735311397005
409	0.005155805128400002	0.5906888907801005
410	0.005143520433300006	0.5911726570140003
411	0.005131559209200001	0.5916683734973004
412	0.0051196371031000006	0.5920457228786005
413	0.0051074978235	0.5922644097472006
414	0.0050956366172	0.5926428646257007
415	0.005083646896299992	0.5931650868480006
416	0.005071662433499997	0.5934128141207006
417	0.005060231556299999	0.5938767796634006
418	0.005048359198300001	0.5941011699073006
419	0.005036491993100005	0.5943392651453006
420	0.00502472583240001	0.5947321222880005
421	0.005013866485500009	0.5950907540837005
422	0.005002214092499997	0.5954395134162005
423	0.004990871469099996	0.5957873669517005
424	0.004979967789299999	0.5959643894177005
425	0.004968591078599995	0.5965858540641005
426	0.0049574803242000065	0.5972441011310005
427	0.004946300451999994	0.5974698241037005
428	0.004934884453000003	0.5978031574370004
429	0.004923747910700007	0.5979984785887005
430	0.0049126192954000005	0.5982470141317004
431	0.004901552212799995	0.5984844348506004
432	0.0048903705875	0.5987431650093005
433	0.004879383186600005	0.5991396393683004
434	0.0048683085757	0.5993705917492005
435	0.004857494375699992	0.5996705917493005
436	0.004846577360600004	0.5997802408721005
437	0.004835688937900005	0.5999118300194005
438	0.004825010209999996	0.6000700064683006
439	0.004814224651700002	0.6004045302777006
440	0.004803672291500006	0.6008387825751005
441	0.004793095359899991	0.6010214053141005
442	0.0047826722901999925	0.6011904944613006
443	0.0047722193642999984	0.6022139071596007
444	0.004761666586099999	0.6026747467586007
445	0.004751155730200001	0.6029664134252007
446	0.004741071052099998	0.6030692224725007
447	0.004730876070099992	0.6034709179993007
448	0.0047205722137000005	0.6037436452721007
449	0.0047102890001000045	0.6038930355160007
450	0.004700178476300002	0.6045047876528007
451	0.004689921482599998	0.6048876378943009
452	0.004679816434600005	0.6051010436914007
453	0.004670040975999999	0.6057569923179007
454	0.004660196467600002	0.6063333081074007
455	0.004650427812399998	0.6068157673149007
456	0.0046403903744000035	0.6070414083405007
457	0.004630605768999996	0.6072159252487006
458	0.004621232468400004	0.6083513277546007
459	0.0046115352683000045	0.6087850969603007
460	0.004601630537899996	0.6090179472019007
461	0.004591936772100001	0.6092328696826007
462	0.0045821400065999985	0.6094245363493007
463	0.004572399113300003	0.6094472636220007
464	0.004562852121000005	0.6094994316437008
465	0.0045532352058000065	0.6100656152185008
466	0.004543700285000008	0.6102906152185008
467	0.0045342238791000015	0.6106094499069008
468	0.004524728413999999	0.6108462020437007
469	0.004515205232099998	0.6112946147423007
470	0.0045060506338000005	0.6114740017803006
471	0.004496647249199992	0.6116424999488007
472	0.0044873100864	0.6118341666155007
473	0.004478065261399998	0.6119746473099008
474	0.004468779284100001	0.6121651235004006
475	0.004459567264700001	0.6123312364573006
476	0.004450674195899999	0.6127278897073007
477	0.004441520393499998	0.6130451973995007
478	0.004432569759700003	0.6140524378851009
479	0.004423387214600001	0.6146524378852007
480	0.0044142039217	0.6147635489963007
481	0.004405187572099998	0.6147885489963008
482	0.004396144098399998	0.6149723725258007
483	0.0043874999395000025	0.6153391307676007
484	0.0043786699160999944	0.6153925495709007
485	0.004370032114799991	0.6154957226740008
486	0.0043613406619000036	0.6155411772194006
487	0.004352990166199997	0.6163376638244006
488	0.0043445182110999955	0.6167839198629007
489	0.004335668473999999	0.6170339198629007
490	0.004327334936899998	0.6174316322812007
491	0.004318659102800005	0.6177244894240008
492	0.004310100341999996	0.6179727452380007
493	0.004301817104	0.6183440211843008
494	0.004293220243899999	0.6185370036405008
495	0.004284734934299999	0.6187841211571008
496	0.004276295550700002	0.6189335114010008
497	0.004267801165200001	0.6190521982698008
498	0.004259440844400001	0.6192819962496009
499	0.004251121562599991	0.6195633815310008
500	0.004242695934999998	0.6197744926421007
501	0.004234327514299999	0.6199279017330007
502	0.004226288047699995	0.6202130559063005
503	0.0042179025545000005	0.6202130559063005
504	0.004209612888499997	0.6205908336841004
505	0.004201340272399997	0.6208289289222003
506	0.004193527287300004	0.6212549937834003
507	0.004185399934999999	0.6214806348090003
508	0.004177177146200001	0.6214806348090003
509	0.0041691362533	0.6216301517172004
510	0.004161092138	0.6216534075311004
511	0.0041534447184	0.6219581477866004
512	0.004145534165899999	0.6221164080204005
513	0.0041375369235	0.6223068842109005
514	0.004129600710500002	0.6224241090913004
515	0.0041218075251	0.6229468363641006
516	0.0041142382547000025	0.6232398833598006
517	0.004106481691799996	0.6236242502849006
518	0.004098602742900001	0.6237242502849006
519	0.004090890606299997	0.6238980598087006
520	0.004083090088400004	0.6241889688996006
521	0.004075546459200002	0.6246972291336006
522	0.004067896135800003	0.6247216193775006
523	0.004060445588200001	0.6252171495927006
524	0.0040527693472000035	0.6253267987156006
525	0.0040453566691999975	0.6259697176580007
526	0.004037870940900002	0.6267162292859007
527	0.004030359506699997	0.6267612242303007
528	0.004022865514500001	0.6270094800443007
529	0.004015339160699998	0.6272024625004007
530	0.004007982633300002	0.6274915302800007
531	0.004000642795700002	0.6282093874228007
532	0.003993312571100003	0.6284641951152007
533	0.003985960468400005	0.6284885853591008
534	0.003978579821300001	0.6286769911562008
535	0.003971438510199999	0.6291841385172006
536	0.0039642955836	0.6294575196444007
537	0.003957251164000002	0.6302348143304008
538	0.003949950553700002	0.6305348143304006
539	0.0039426940233999955	0.6309931476638008
540	0.003935450568200001	0.6316264809972009
541	0.003928237157700002	0.6321764809972009
542	0.003921165333900003	0.6328158749366009
543	0.003914004528099997	0.6328402651805007
544	0.003907128678100001	0.6330809749093008
545	0.0039000765611000043	0.6331331429309007
546	0.0038932001626000015	0.6333448957170008
547	0.0038864281722000003	0.6339131766953009
548	0.0038796206369000013	0.6345857684311008
549	0.003872675673400001	0.6346114094568008
550	0.003865689964600001	0.635228076123501
551	0.0038589751866999994	0.6360362155479009
552	0.003852111174899998	0.6364112155479009
553	0.0038453302818999974	0.636887986744101
554	0.0038384892536999977	0.636910714016801
555	0.0038316759107000008	0.637057936239001
556	0.0038248772150000026	0.6373599564410011
557	0.003818279068599997	0.637674991406001
558	0.003811448517500005	0.637674991406001
559	0.0038047760479000005	0.638047718678701
560	0.003798089067899997	0.638633829789801
561	0.003791476287600005	0.638683346698001
562	0.0037851449788999995	0.639178454126701
563	0.0037786565376999965	0.6394261001845011
564	0.0037721562743999997	0.6398172131414012
565	0.0037655508906999967	0.6402505464748012
566	0.003758971809400007	0.6402732737475011
567	0.0037524467245	0.6407535577909012
568	0.003746058495600003	0.6410308744356011
569	0.003739726118099995	0.6414930488110012
570	0.0037334767342	0.6417890318978012
571	0.003727068666999998	0.6419146729234013
572	0.003720594588599998	0.6421825300663012
573	0.003714112716199995	0.6421825300663012
574	0.0037079009744999986	0.6426490494165013
575	0.0037015418771000007	0.6426753652060013
576	0.003695222675599994	0.6433102858410013
577	0.0036889819486000007	0.6436373060430012
578	0.0036827238074	0.6436623060430013
579	0.003676659167699999	0.6444086444269014
580	0.003670467048500002	0.6447850616978015
581	0.003664446280299998	0.6449480883054015
582	0.0036581607818999985	0.6449480883054015
583	0.003651934859200002	0.6454242787816015
584	0.0036459956102000025	0.6456052581730015
585	0.003639773775400001	0.6456052581730015
586	0.0036336484666999987	0.6456274803952016
587	0.0036275669627000014	0.6459211740890015
588	0.003621554865299998	0.6461323731654014
589	0.0036155342195999963	0.6463497458655015
590	0.0036094537190999986	0.6466164125321016
591	0.0036035218852000063	0.6466622458654014
592	0.0035975813912999966	0.6470509363416014
593	0.003591884192199999	0.6477393846545014
594	0.0035858474129000038	0.6477393846545014
595	0.003579985463600005	0.6480531166588014
596	0.0035740336566999985	0.6482674023732015
597	0.0035680877201000054	0.6485035134843014
598	0.003562206105099995	0.6486396245954014
599	0.0035564687618000017	0.6492282419721015
600	0.0035506976670999974	0.6495218025783014
601	0.003544926217499997	0.6497223607920014
602	0.0035391187876999968	0.6497668052365013
603	0.0035333797277999988	0.6506559286131013
604	0.003527765817700003	0.6507236508302013
605	0.0035221102539999996	0.6507749666196013
606	0.003516380925699997	0.6510395628930012
607	0.003510840469599999	0.6511092057502014
608	0.0035052828148000024	0.6514979849140012
609	0.0034996035255	0.6515207121867012
610	0.0034941887513	0.6517160855172012
611	0.0034885539290999985	0.6518244188506012
612	0.003482937370000001	0.6520160855173013
613	0.0034774290236000015	0.6520638127900011
614	0.003471808983000001	0.6523316699329011
615	0.0034663807857999974	0.652572908202901
616	0.0034609462439000043	0.6529964462145011
617	0.0034553460061000035	0.6529964462145011
618	0.0034498446397000044	0.6531881128812012
619	0.003444469973599996	0.6534400359581012
620	0.003439019114399997	0.6535761470692012
621	0.003433717236699992	0.653650663977501
622	0.0034283342691999977	0.653703441755301
623	0.003422968349199998	0.6540605359531011
624	0.003417662845199996	0.6544663675247011
625	0.0034122237011999968	0.654566367524701
626	0.003406819655199997	0.6547955341914011
627	0.0034014049086000015	0.6549383913342012
628	0.0033962571923999976	0.6550390216980011
629	0.0033910725829000015	0.655114662723701
630	0.003385871480600004	0.6553064167063011
631	0.0033805990760000047	0.6553320577319011
632	0.0033752584771000005	0.6553320577319011
633	0.0033699471464999986	0.655474914874801
634	0.0033646525229	0.6555337384043011
635	0.0033593720635999996	0.6557004050710011
636	0.003354408357299995	0.6558756152313011
637	0.003349378783600002	0.656117431651501
638	0.0033441909835999995	0.6564097393437011
639	0.0033389803115999998	0.656509739343701
640	0.003334062894899999	0.6566265046229011
641	0.0033289883494000026	0.656762891750001
642	0.0033238521270000034	0.6571871341742012
643	0.0033187992027999967	0.6574340848842012
644	0.0033137425743	0.6575996692998011
645	0.0033087373567000002	0.6576487123619011
646	0.003303675859600001	0.6579264901397012
647	0.003298696488600004	0.6583718364601011
648	0.0032936374564000036	0.6586496142379012
649	0.0032886553976000034	0.6589146936030011
650	0.0032836955839	0.6589606766898012
651	0.003278828349300001	0.6592866541404012
652	0.0032738212247000013	0.6594116541404011
653	0.0032689787897999946	0.6596600224388012
654	0.0032640927126	0.6597055004749012
655	0.0032591796060999997	0.6597282277476012
656	0.0032543299390999955	0.6599081735471012
657	0.0032494002922	0.6602415068805012
658	0.0032444763854999987	0.6604415068805013
659	0.0032396201101999957	0.6604685339075013
660	0.0032349109845999976	0.6608304260852013
661	0.0032301292184999998	0.6610198200245012
662	0.0032253412746999994	0.6612339849294012
663	0.0032205495094999987	0.6614582273536014
664	0.003215781088600002	0.6614809546263014
665	0.0032110268747999973	0.6616488117691014
666	0.0032063339391000013	0.6620081786942014
667	0.0032016369704000003	0.6623636840584013
668	0.003196942737000001	0.6625752853656014
669	0.0031921934238999944	0.6626752853656014
670	0.003187458232799999	0.6628950655854015
671	0.0031827149927999986	0.6628950655854015
672	0.003177985847499996	0.6628950655854015
673	0.0031733410726000047	0.6629947159351015
674	0.0031688304906000017	0.6632835561645015
675	0.003164155979700001	0.6633946672756015
676	0.0031595279409000034	0.6636502228311013
677	0.003154876560600004	0.6637613339422014
678	0.003150249696200003	0.6640863339422015
679	0.0031456407278000038	0.6643958577518014
680	0.003141178757500002	0.6649817163376015
681	0.003136641621500001	0.6650637956810015
682	0.0031321369369999973	0.6655537181615014
683	0.0031275641903	0.6658037181615015
684	0.003123168650500002	0.6659423545253014
685	0.003118635023000001	0.6665018783348015
686	0.0031141166817	0.6667102116681014
687	0.003109619884699998	0.6671768783348014
688	0.0031051949921000015	0.6674275193605015
689	0.003100709390599999	0.6676492584909014
690	0.003096289033700001	0.6676987753990015
691	0.003091866758799999	0.6679250911885015
692	0.003087573610299996	0.6681404870708013
693	0.0030831370982	0.6682833442136014
694	0.0030787546783000008	0.6684722331024014
695	0.0030744445571999996	0.6689155952957014
696	0.003070126085099997	0.6692981710533015
697	0.003065750168700001	0.6696731710533014
698	0.0030613846977999987	0.6698731710533015
699	0.003057011290800001	0.6698731710533015
700	0.003052697100899993	0.6704255520057015
701	0.0030484255291000017	0.6704695558742015
702	0.003044222575100001	0.6706573416029016
703	0.0030400293598	0.6708078466534018
704	0.003035757444200003	0.6708295857838017
705	0.0030314935659999996	0.6708539760277016
706	0.0030273176163	0.6713145334290016
707	0.0030230855704000015	0.6717288191432015
708	0.0030188256719000032	0.6718954858098015
709	0.0030145817261000027	0.6720621524765014
710	0.003010341809499998	0.6720621524765014
711	0.003006119711499998	0.6722288191432013
712	0.0030019585540999997	0.6722526286670014
713	0.0029977678430999992	0.6725621524766013
714	0.002993582973300001	0.6727288191433014
715	0.0029894721184999997	0.6730437416239012
716	0.0029854211898000015	0.6738685647683013
717	0.002981379447400001	0.6741153038987013
718	0.0029772850392000053	0.6742430816764012
719	0.0029732404583999996	0.6742924719203013
720	0.002969189683999999	0.6746790732275012
721	0.0029651385356	0.6749457398942014
722	0.0029610774933000014	0.6752866489851014
723	0.0029571590693000054	0.6753579255809014
724	0.0029530878277999983	0.6755007827237014
725	0.0029490751573000027	0.6756285605014013
726	0.0029451811508000025	0.6762591160569015
727	0.002941186449200003	0.6763900684379014
728	0.0029372233032000025	0.6764150684379014
729	0.0029332128287000024	0.6765150684379015
730	0.002929200224099995	0.6765150684379015
731	0.002925232131200001	0.6767169915148014
732	0.0029212711049	0.6771376264356014
733	0.0029172967316999964	0.6772487375467015
734	0.0029133461049000004	0.6773320708800015
735	0.0029093877577000002	0.6773320708800015
736	0.0029055063352999982	0.6774141502234015
737	0.002901743524800003	0.6775879110878016
738	0.002897816942799997	0.6775879110878016
739	0.0028939009726999987	0.6775879110878016
740	0.002890019219500001	0.6776096502183016
741	0.002886131570800007	0.6777346502183016
742	0.0028822760827999995	0.6779707613294016
743	0.002878445355699999	0.6780940171433015
744	0.0028746086602000004	0.6783190171433016
745	0.0028707624762000007	0.6784190171433017
746	0.002866948055900001	0.6786301282544016
747	0.0028632580296000004	0.6789428266670017
748	0.0028594619557	0.6791428266670017
749	0.0028557594168999974	0.6794928266669016
750	0.0028519568081999966	0.6794928266669016
751	0.0028483091226000007	0.6798553681950017
752	0.0028445670169000006	0.6798816839845017
753	0.002840841813299996	0.6799293300424017
754	0.0028370913702000003	0.6800293300424016
755	0.002833398015299998	0.6801543300424017
756	0.002829797990099998	0.6802258416703016
757	0.0028261307972999986	0.6807078637180017
758	0.0028224437098999943	0.6808763618865017
759	0.002818740344000001	0.6810192190293016
760	0.0028152846737999945	0.6813106801520017
761	0.0028116038340999976	0.6814217912631017
762	0.0028079686515000025	0.6814456007869018
763	0.0028043891139999983	0.6814931931721018
764	0.0028007983304000014	0.6819573269108017
765	0.0027971436393000003	0.6821001840537017
766	0.0027935561937000005	0.6821229113265017
767	0.002789949229800002	0.6821705303741017
768	0.0027863212061000012	0.6821705303741017
769	0.002782743034000001	0.6824483081519016
770	0.0027791673694000014	0.6827816414853016
771	0.0027756947679999982	0.6830005322199016
772	0.0027721708164000014	0.6831710102562016
773	0.002768682555499999	0.6833215153067016
774	0.002765221468100002	0.6834285946501015
775	0.0027617177461999984	0.6835947076070015
776	0.0027581931875999967	0.6838876368999015
777	0.0027546479524000016	0.6838876368999015
778	0.0027512714595000045	0.6839586686460015
779	0.0027477999996999977	0.6843662444035015
780	0.0027443046128999993	0.6843932714305015
781	0.0027408263016999975	0.6844165272444015
782	0.0027373324022999953	0.6845831939111016
783	0.0027338929018999995	0.6847711371734015
784	0.002730513961400001	0.6849201915470016
785	0.0027270561917000003	0.6851979693248016
786	0.0027236749119000014	0.6853749963518017
787	0.0027203101530999998	0.6854227236245016
788	0.002716897651700001	0.6855459794385017
789	0.0027135401552999946	0.6859353733779018
790	0.0027103586503000026	0.6861795103342019
791	0.0027070288298000032	0.6863371330733018
792	0.0027036151738000017	0.6863371330733018
793	0.002700249721600003	0.6865049902161018
794	0.0026969669558000015	0.6866777174889017
795	0.002693670232699995	0.6867277174889019
796	0.0026903863793999983	0.6867749397111018
797	0.002687176513399999	0.6868748299860019
798	0.0026839212851000015	0.6869528906048019
799	0.002680566382300001	0.6869528906048019
800	0.002677219858900002	0.6869528906048019
801	0.0026739562125999987	0.6872743620762017
802	0.002670730031800002	0.6877276449045018
803	0.0026674082282000036	0.6877276449045018
804	0.0026641578667999967	0.6878932293201017
805	0.0026609201078999964	0.6881098959867018
806	0.0026576304764	0.6882765626533016
807	0.0026543856960999936	0.6882978392490017
808	0.0026512221300000033	0.6884527966945015
809	0.0026480281757000007	0.6887010525084015
810	0.002644860221699998	0.6889400993311015
811	0.0026416242145999996	0.6889657403568015
812	0.002638482268200002	0.6893664477412015
813	0.0026353072145	0.6894747810745013
814	0.002632073708099999	0.6894747810745013
815	0.0026288481271	0.6894747810745013
816	0.002625639420199997	0.6896414477412013
817	0.0026224669092000026	0.6898081144078013
818	0.0026193884624999978	0.6898854637891014
819	0.0026161985422000007	0.6901354637891014
820	0.0026130756587999984	0.6902229637891014
821	0.0026099115171999985	0.6905658209320015
822	0.0026067403009000017	0.6905658209320015
823	0.0026035826658000008	0.6907324875987014
824	0.0026004825700999975	0.6907547098209015
825	0.002597427977099997	0.6908032478326014
826	0.002594357292599999	0.6910521446721013
827	0.0025912327511000014	0.6911521446721014
828	0.0025881738710999977	0.6912997907300014
829	0.0025850555879000014	0.6912997907300014
830	0.002581975184899999	0.6914129220432015
831	0.002578980066600001	0.6919881980591016
832	0.0025759056424999966	0.6920099371895015
833	0.002572848617699998	0.6920316763200016
834	0.0025698303944999995	0.6925591935431015
835	0.0025667792994000017	0.6927929597768014
836	0.002563718362500006	0.6929596264435015
837	0.0025606718327999996	0.6930596264435015
838	0.0025576197815000016	0.6930596264435015
839	0.002554645772199998	0.6935666484914017
840	0.0025516420359	0.6939999818248017
841	0.002548691886700004	0.6945820611681016
842	0.0025457641010000038	0.6946311042303016
843	0.0025427618149000057	0.6949311042303016
844	0.002539756824400002	0.6950739613732015
845	0.002536786846000003	0.6950989613732015
846	0.0025337918204999966	0.6950989613732015
847	0.0025308816411999968	0.6953120926863016
848	0.002527942197600003	0.6953353485002016
849	0.002524976444000001	0.6954603485002016
850	0.002522021786199997	0.6957603485002016
851	0.002519072675000001	0.6960103485002016
852	0.0025161496850000043	0.6960336043142017
853	0.002513222544600004	0.6963113820919017
854	0.0025103240942000037	0.6965391598697016
855	0.002507480078099997	0.6967535538090017
856	0.0025046534765000004	0.6972049426979018
857	0.002501776360200002	0.6973943366372017
858	0.0024989086020000004	0.6975887810817017
859	0.0024960150493000006	0.6979316382245018
860	0.0024931268546000015	0.6982411620341018
861	0.0024902829906000012	0.6985204769222018
862	0.0024874939415999975	0.6985675422600017
863	0.0024846523621999974	0.6985925422600017
864	0.0024817972869000007	0.6990687327362017
865	0.0024789354642000025	0.6992353994029016
866	0.002476082899600002	0.6993353994029017
867	0.002473311140300002	0.6994412882700016
868	0.002470549635099999	0.6998021468559017
869	0.002467757429399999	0.6999208337246017
870	0.0024650281979000004	0.7002213387751017
871	0.0024622315417000018	0.7002463387751017
872	0.002459416359999997	0.7004130054418017
873	0.0024567436052999993	0.7007702565241016
874	0.0024539358974999983	0.7007702565241016
875	0.0024511411093000065	0.7009702565241016
876	0.0024483838549	0.7009929837968015
877	0.0024455952640999993	0.7009929837968015
878	0.0024428181886000004	0.7011596504635016
879	0.0024401041724000008	0.7012056335502016
880	0.002437374368299998	0.7014312745759015
881	0.0024347033561000005	0.7014790018486016
882	0.0024319639830999978	0.7016790018486015
883	0.002429216725699997	0.7018218589915015
884	0.0024265215851999988	0.7022807730450016
885	0.0024238808276999964	0.7025015270970015
886	0.0024211583129999993	0.7025924361879015
887	0.0024184710499999995	0.7027818301273016
888	0.0024157569299999987	0.7029068301273015
889	0.0024130816886000005	0.7029306396511015
890	0.002410385986600001	0.7032139729844015
891	0.002407687524799998	0.7033568301273014
892	0.002404996358000001	0.7035234967940014
893	0.002402331200199999	0.7035473063178014
894	0.002399658252600002	0.7037901634606014
895	0.0023969962389999927	0.7042679412384015
896	0.0023943240031000005	0.7042679412384015
897	0.002391657718100003	0.7042679412384015
898	0.002389001074000002	0.7044679412384015
899	0.002386355261400002	0.7046107983813015
900	0.0023837842170000008	0.7046780155478015
901	0.002381169677500001	0.7046997546782016
902	0.0023786417480999985	0.7049599088515015
903	0.002376060624100002	0.7050465101587015
904	0.0023735583251999997	0.7051163027692015
905	0.0023709458045000024	0.7052829694359015
906	0.002368331751900003	0.7052829694359015
907	0.0023657525334999994	0.7053047085663015
908	0.002363227317600004	0.7055191025057014
909	0.002360649664900001	0.7058863498924014
910	0.002358110144999999	0.7059090771652015
911	0.0023555677351000007	0.7059340771652014
912	0.0023530032828	0.7062257438319014
913	0.0023504408384999995	0.7063090771652013
914	0.0023479138086000026	0.7063323329792013
915	0.0023453922505999995	0.7065555887932014
916	0.002342863081000001	0.7065833665710013
917	0.0023403144997999996	0.7067500332377012
918	0.002337767912000001	0.7067500332377012
919	0.002335242203200005	0.7071504661381013
920	0.002332791441300001	0.7073315721936013
921	0.0023303047763999995	0.7075413455121013
922	0.002327785929799998	0.7076413455121013
923	0.0023252666833000015	0.7076413455121013
924	0.002322752881000002	0.7076413455121013
925	0.0023202689733000026	0.7076657357561013
926	0.0023178066719000013	0.7078574024227011
927	0.0023153299150999976	0.7078796246449012
928	0.0023128839294000005	0.707903434168701
929	0.0023104812706000017	0.7084971210373011
930	0.002308027209199997	0.708662200402401
931	0.002305622086500002	0.708708183489001
932	0.0023031922069	0.708856993012801
933	0.0023007296980000038	0.7090236596795011
934	0.002298278165500003	0.7091347707906012
935	0.0022958318610000034	0.7097597707906012
936	0.0022933816666999953	0.7097597707906012
937	0.0022909446446999996	0.7098708819017011
938	0.0022885048759999963	0.7098708819017011
939	0.0022861064718	0.7100364663173011
940	0.0022836770287	0.7100364663173011
941	0.0022812763825999964	0.710172577428401
942	0.0022789066426999968	0.710222577428401
943	0.002276492546699999	0.710222577428401
944	0.0022740880326999986	0.710333688539501
945	0.0022716841337999997	0.710333688539501
946	0.0022692897705	0.710500355206201
947	0.0022669004497	0.7106432123490011
948	0.002264521706100002	0.7107341214399011
949	0.0022621380014000003	0.7107341214399011
950	0.002259788024299998	0.7108573772538012
951	0.002257442953400001	0.7110484341644011
952	0.0022550741787999993	0.7110484341644011
953	0.0022527103694	0.7110484341644011
954	0.002250351508600001	0.7110484341644011
955	0.002247997585000004	0.7110484341644011
956	0.002245648580799998	0.7110484341644011
957	0.0022433904698000006	0.7112033916100011
958	0.002241051167	0.7112033916100011
959	0.0022387167395999962	0.7112033916100011
960	0.0022364250282000003	0.7114251307405011
961	0.0022341758238	0.711695585285901
962	0.0022319150521999953	0.7118415683726012
963	0.0022296137624999977	0.712276092182101
964	0.0022273032829999997	0.712276092182101
965	0.0022250264893999973	0.7123993479961009
966	0.0022227255300000014	0.7123993479961009
967	0.0022204815653000002	0.7129237382400011
968	0.0022181996221	0.713007071573301
969	0.002215921314499997	0.713107071573301
970	0.0022136392104999984	0.713107071573301
971	0.0022113670907999974	0.713249928716201
972	0.0022090943619999994	0.713249928716201
973	0.002206854728199997	0.713277706494001
974	0.0022046364759000024	0.713398983089801
975	0.0022024143290999987	0.713588377029201
976	0.0022001799527000014	0.713611632843101
977	0.0021979647451999965	0.7136343601158011
978	0.0021957321399999983	0.713920074401401
979	0.0021935363256000017	0.7139428016742011
980	0.0021913221031000006	0.7142794029813011
981	0.0021891051186999993	0.7145222601242011
982	0.0021868843576000004	0.714622260124201
983	0.0021846701684999996	0.714705593457601
984	0.0021824532606000008	0.7148055934576011
985	0.0021802716709	0.7151399603827009
986	0.0021780852428000025	0.715163216196701
987	0.0021758888916000034	0.7152743273078009
988	0.0021737449750999995	0.7155886960787009
989	0.002171556406399998	0.7156886960787009
990	0.0021693712321999986	0.715855362745401
991	0.0021672442613	0.7159049343488009
992	0.0021651255670999993	0.716053743872601
993	0.0021629544489	0.716153743872601
994	0.0021608573144	0.7161991520359011
995	0.0021587270524999996	0.7163468793086011
996	0.002156580925499997	0.7163701351225011
997	0.002154455128900003	0.7163928623953011
998	0.002152368587899999	0.7167393991918011
999	0.002150221215099999	0.7168303082827011
1000	0.0021480731411	0.7168303082827011
