0	0.411	0.04810992346170005
1	0.27399999999310043	0.06832846098590005
2	0.21466666666610001	0.08411931289190003
3	0.18335000000010004	0.09826176468489999
4	0.16147999999989995	0.1104495968249
5	0.1450904761893999	0.1211607908379
6	0.13239897959439986	0.13087292264179995
7	0.12214077381070006	0.14039460946389992
8	0.11451402116269999	0.1496633145555998
9	0.10679898268420009	0.1559067712571998
10	0.10009756001839999	0.16308908288859986
11	0.09469840437370002	0.1682080325021998
12	0.09024358205550011	0.17554365907199995
13	0.08620713571859999	0.18207026725549985
14	0.08241416000849992	0.18768841548299983
15	0.07899856912340003	0.19319258276009982
16	0.07616858793230008	0.19890661762759984
17	0.07348085936630001	0.20401101256209983
18	0.07116344570980024	0.20912118353069986
19	0.06868146390269997	0.21380529834239986
20	0.06673559332889996	0.21879785118459985
21	0.0648069003523001	0.22252307651709988
22	0.0628931945378	0.22633411489609984
23	0.061044311434500016	0.23065919188679984
24	0.05938869282110002	0.2341837572882998
25	0.057739839962600036	0.23673694021799985
26	0.05622169773989998	0.24006892010129988
27	0.05464727750310005	0.24510715847299985
28	0.05312150931239998	0.24886420465599982
29	0.051727136423600016	0.2517187919243999
30	0.05039521266709999	0.2534675078350998
31	0.04930236984519996	0.2572224138078998
32	0.04813634438200006	0.26044886943819984
33	0.047044939293200055	0.2635523351604998
34	0.04597619499580009	0.26668628980229975
35	0.04504292231249994	0.2707187564209998
36	0.04411430847980009	0.27341992427509987
37	0.043176752453600115	0.2769630451516998
38	0.042332476747399976	0.2810246615470999
39	0.04146318922090002	0.28450770891289984
40	0.040685922122200006	0.28874111098839966
41	0.03991211555819995	0.29112739923619974
42	0.039163102299899985	0.29411171988329987
43	0.038479597448999994	0.29723081111199984
44	0.03782014745889998	0.30039679915369993
45	0.03713673074719997	0.30264818097060003
46	0.036486215196000024	0.30540442799260026
47	0.035854061903199994	0.3071908885889002
48	0.0352790810503	0.30899744740020024
49	0.034691930801600025	0.31132125151220025
50	0.03415121420890002	0.3137465706648003
51	0.033600773588500034	0.31561725951110015
52	0.03305275060609998	0.31691017160040014
53	0.03252887811929997	0.3183147270296001
54	0.03201114526970003	0.32028934154890015
55	0.031529743244299996	0.3231948551826001
56	0.03107338355880006	0.3259763471271002
57	0.03062033574109998	0.3278276488970003
58	0.03016886112610002	0.32991737830060025
59	0.0297821669933	0.33271656451450027
60	0.02935289825849998	0.33550546266960024
61	0.028942188430500036	0.3373601481526002
62	0.028560913612499995	0.33904133831350014
63	0.02818363972170001	0.34130864967470004
64	0.027809019624500005	0.3432539490983
65	0.027432899245800012	0.3450714710169
66	0.027087324804600008	0.3468478073825
67	0.026720098589099992	0.3485308798657
68	0.026386681011600018	0.34953957726289986
69	0.02606385317390003	0.3510832912481998
70	0.025720622062600014	0.3528188153492999
71	0.025419707791699955	0.35434281537049983
72	0.02512665736960001	0.3566209715554999
73	0.024822423262700007	0.3573927403902999
74	0.024533913758400014	0.3598211561253999
75	0.02425108543410001	0.3621356558728999
76	0.023987584822599977	0.3637648989083999
77	0.02371088583059999	0.3651718685249999
78	0.023439861959600003	0.3672915949434999
79	0.023180659979400015	0.368922774135
80	0.022929107115200006	0.37027175768429993
81	0.022681073634600004	0.3722440853017999
82	0.022444525988099984	0.3739424593640999
83	0.0222026793906	0.37592488152049985
84	0.02197307194289998	0.3775056161649999
85	0.02173842114779999	0.3789271452859999
86	0.021516114321799975	0.38063019398539993
87	0.0212965108786	0.3817957765021998
88	0.021070582542500025	0.38304950398039994
89	0.020867234187599965	0.38523462689390003
90	0.020668979820999977	0.3864209422189001
91	0.020462666694699976	0.3869966477190001
92	0.02026036851769998	0.3881378062285001
93	0.020065101437399983	0.38967189719050016
94	0.0198842626517	0.3906244657067001
95	0.019691954502399998	0.3917221169849001
96	0.0195179789574	0.3933784994942
97	0.01933881178119999	0.394341923232
98	0.0191635712581	0.3957611621614998
99	0.01899282663560001	0.3974196175617999
100	0.018825357375899986	0.39868503841919994
101	0.01866354395590002	0.4003072863660001
102	0.018499988263800025	0.4021175889719
103	0.018346829035000012	0.4039440500092001
104	0.018194559144399974	0.40612717735410003
105	0.01804248562790001	0.40708878445080005
106	0.017892901996700034	0.40865486078659996
107	0.0177349571856	0.40989709991209994
108	0.017586012624800012	0.41145787520359994
109	0.01743801529429999	0.41265551485900004
110	0.017295797009999992	0.4136386575933001
111	0.017158595281199986	0.4143397868259001
112	0.01702406028340002	0.4156302824411001
113	0.016885481569400018	0.4169983580693002
114	0.016757092073500006	0.4191398057122002
115	0.016625602258700006	0.4203562668349001
116	0.016500452246600017	0.42142227355440015
117	0.01637756705880001	0.4230336551362
118	0.01624925416849998	0.42394256719580004
119	0.016122934627699998	0.42485192788520004
120	0.015997409765299994	0.4257723718339
121	0.01587581297729999	0.42705908363629996
122	0.015761493490199986	0.4284782966394
123	0.015646900798200008	0.4294254063327
124	0.015532519244699994	0.43000293223310004
125	0.015423930947000035	0.4312904543892002
126	0.015307896056300006	0.4324792444273002
127	0.015198780348599998	0.4342359714722003
128	0.01509789534869999	0.4357021780936002
129	0.014985926805399983	0.43650507871600014
130	0.014879800138600007	0.4370725010599001
131	0.014776814638700007	0.43784038121080016
132	0.014677269515800005	0.4383785754162001
133	0.014578572370800002	0.43963920496750003
134	0.014483872704999989	0.44142584021610004
135	0.014381613658800014	0.4429088849493
136	0.014284413687400004	0.44357064125529994
137	0.014188358348100009	0.4446766606807999
138	0.01409609883289999	0.4458375450344999
139	0.014010154051400011	0.44708810956149986
140	0.013918482797500003	0.4480953130335998
141	0.013826916608499997	0.44887242245019976
142	0.013736198078199988	0.4495384036910998
143	0.013649572182900003	0.4501706458754999
144	0.013562947828900015	0.4508026963224999
145	0.013476341112400007	0.4518352553397998
146	0.013390824543399998	0.45276504415949986
147	0.013308599220799995	0.4538250096975998
148	0.013227154483200011	0.45444654754349983
149	0.013150231730199998	0.4556778678631998
150	0.013073687846800002	0.456731250836
151	0.012994556688000007	0.4578078304622
152	0.012918070746099995	0.45893065854619985
153	0.012843403759899985	0.45937646968599977
154	0.012768690320600002	0.46034920047819994
155	0.012696067243699975	0.4614561054337999
156	0.012618828726900013	0.4620435323344
157	0.0125426248516	0.4627673186789
158	0.012467474694799996	0.46356759014679993
159	0.012395958257999995	0.4641041016028999
160	0.012328588222899997	0.4653961239112999
161	0.01226199124440001	0.46649869024779983
162	0.012195068956599999	0.4673215747691999
163	0.012129651869600003	0.46826315190799983
164	0.01206292962739999	0.46925393409629984
165	0.01199430148899999	0.4697759433877998
166	0.011929714853400011	0.47102556524769984
167	0.01186479791300001	0.4724189626317998
168	0.011800056678900007	0.4735928942359998
169	0.011734531749400007	0.4745221044183998
170	0.011671858708700002	0.4752842425906999
171	0.011608099077099998	0.47584733560649983
172	0.011550335168200006	0.47639059431049985
173	0.011490587756500007	0.47700580118539987
174	0.011429050631199998	0.47756600865209986
175	0.0113692168497	0.47811988102729974
176	0.011308665825799997	0.4785762780579998
177	0.011247299582299997	0.4791789543916997
178	0.011188810634300009	0.4803035821063997
179	0.011128584278799996	0.4810090217611997
180	0.011070986003099996	0.4824960252007997
181	0.0110146901289	0.4839833650651997
182	0.010959341382700008	0.48454110144319973
183	0.010905067639199989	0.4853588504138998
184	0.010848562478199996	0.4859818715955998
185	0.010794808205200004	0.48642883313449975
186	0.0107405806497	0.4872251101302998
187	0.010685251092400008	0.48824325052039985
188	0.010631221641300013	0.4890798151395998
189	0.010577527418199988	0.48970164584489984
190	0.01052490183730001	0.4900489109827998
191	0.010472567369899995	0.49016654335049975
192	0.010421723984100014	0.49075715903569983
193	0.010369642667800003	0.4914739130180998
194	0.010319892535600006	0.49176539974759986
195	0.010271021234000019	0.4930914541520998
196	0.010222268163900011	0.4939900247841999
197	0.010173076971899994	0.49503102545019984
198	0.010123538895900001	0.49545205719619984
199	0.0100757321464	0.49615810048319986
200	0.010028239464400004	0.49670369165309985
201	0.009979570182199993	0.4972408766901998
202	0.00993267961109999	0.4978128463869997
203	0.009886429029199983	0.4983439524423997
204	0.009839741736300001	0.4996282276478997
205	0.009794250751400002	0.5003978822528996
206	0.009749072284700015	0.5013058904283996
207	0.009702960852500005	0.5015458171682995
208	0.0096615933025	0.5022198276449994
209	0.009617729701700013	0.5027401374077994
210	0.009575613123800007	0.5039713771030995
211	0.009531773865200021	0.5045306123123995
212	0.009488120676900016	0.5050105356055996
213	0.009448434827199996	0.5054329586772995
214	0.00940715873079999	0.5064710101629996
215	0.009365399184000011	0.5075250699922995
216	0.009325073286700012	0.5076478888400996
217	0.009286486904100008	0.5084137159843996
218	0.009247279200300001	0.5087336250119996
219	0.00920796104499999	0.5093227147505996
220	0.009166561033300004	0.5095802905081996
221	0.009127714367500008	0.5102705043639997
222	0.009087623719099993	0.5106989231674997
223	0.009047589685199997	0.5115013041199997
224	0.009009816720499999	0.5119863223830997
225	0.00897184103910002	0.5126463486649998
226	0.008932336832500004	0.5128130153316998
227	0.008894864503700002	0.5131918539529996
228	0.008856857692700006	0.5139151097667997
229	0.008819535385100009	0.5140616213947997
230	0.008782027318600014	0.5143794535625997
231	0.008745764696800003	0.5153234149152996
232	0.008709403063300005	0.5154186800207996
233	0.008673856427000002	0.5160506802635995
234	0.008638947838700011	0.5164895907095995
235	0.008603432739399992	0.5169063446919996
236	0.0085681241376	0.5174323987102996
237	0.0085330202065	0.5179833074112995
238	0.008498868798099994	0.5184135865222996
239	0.008464770814399999	0.5191415166235996
240	0.008430693202299997	0.5193803008068996
241	0.008396467809099995	0.5200464843816995
242	0.008365270713900001	0.5208327433123995
243	0.008332074139500004	0.5217182547816993
244	0.008298430696800004	0.5219057547816993
245	0.008264911187300002	0.5223224214483994
246	0.008232870278499995	0.5234131398568993
247	0.008199948514599998	0.5234348789872992
248	0.008167836271700011	0.5236707375730992
249	0.008136710745199997	0.5239319707873992
250	0.008104578146599999	0.5241597485650992
251	0.008075318808400012	0.5252607177854991
252	0.008044894436699996	0.5256601080293991
253	0.008015491192199997	0.5264172553904992
254	0.007986309731399995	0.5267964481850993
255	0.007956526755599996	0.5271907980381993
256	0.007927739258400004	0.5276027031479993
257	0.007899061809299984	0.5280458937942993
258	0.007869009001000005	0.5286045031436991
259	0.007840777179600002	0.5294789460176992
260	0.007811028362299992	0.5296289460176992
261	0.007782564942300001	0.5298502844014991
262	0.0077537655828	0.5300230116741992
263	0.007725009896800006	0.5303062403017991
264	0.007696483116799995	0.5308462752668992
265	0.007668196657700002	0.5311478625684991
266	0.007640105698299995	0.5314025508231991
267	0.007611764293200012	0.5318739793945991
268	0.007584238802999997	0.5322931352386991
269	0.007556777704299995	0.5327732466814992
270	0.0075303173781000035	0.5335970597246991
271	0.007503979079599997	0.5340075923492991
272	0.007477494623399998	0.5343698623654992
273	0.007450828253799996	0.5347564785270992
274	0.007424603896399999	0.5356283670092991
275	0.007398187122000002	0.5362585978896991
276	0.007372050249399994	0.5367751480062991
277	0.007346924517400003	0.5371039033295991
278	0.0073215003149000035	0.5377327769920992
279	0.0072963307468	0.5381348206846992
280	0.007271412579899992	0.5384735526890991
281	0.007246391782599995	0.5390217850123991
282	0.007221383380800005	0.5393974260379991
283	0.0071964501689	0.5396790858033991
284	0.0071719110342	0.5404726918587991
285	0.007148003984200005	0.5407557946254993
286	0.007124319978699992	0.5411756358951991
287	0.007100976451100001	0.541828940729799
288	0.007077324343900002	0.5421522008029991
289	0.0070541639999000035	0.5428565391818991
290	0.007030346554700003	0.542972448272799
291	0.0070076141764000045	0.5436709863495991
292	0.006984765409399999	0.5441526276756992
293	0.006961641852800001	0.5446039760857991
294	0.006938638581300007	0.5451240835146991
295	0.006916425732999998	0.5454535578685992
296	0.006894629529700009	0.5465432463664993
297	0.0068720543418000005	0.5469678967160992
298	0.006850464417099991	0.5474505373863993
299	0.006828017133399997	0.5479229175423993
300	0.006805651716400005	0.5480485585679993
301	0.006783619145099998	0.5485435080629993
302	0.006762479443000002	0.5491659773303993
303	0.0067417443666999985	0.5496401973136992
304	0.006720047443599993	0.5498584512818991
305	0.0066986719737	0.5507762491702991
306	0.006677222344500003	0.5509709767349991
307	0.006656625302899996	0.5515626714628991
308	0.0066351976611999895	0.5518305286056991
309	0.006615308164900002	0.5524314900472991
310	0.006594377168500008	0.5527880224037992
311	0.006573937666399996	0.5533995220152992
312	0.006553901278000002	0.5537423347581992
313	0.006533787246700008	0.5542224497377992
314	0.006513095293900001	0.5543474497377993
315	0.006493472532699999	0.5545596358244994
316	0.006473444716100002	0.5550312584048994
317	0.0064538765988999955	0.5552429200158994
318	0.006434418913599996	0.5553897925877993
319	0.006414768907299994	0.5557387103366993
320	0.0063959655245999945	0.5561857709707994
321	0.006376688782099993	0.5564673601179994
322	0.006357166487600001	0.5569408088914993
323	0.006338723190500009	0.5575979697860993
324	0.006320050009499995	0.5576980464399993
325	0.006301263713100004	0.5582164086332994
326	0.006282292146299998	0.5584876852290994
327	0.0062644732366000004	0.5588575658046994
328	0.006246021765000005	0.5592597844193995
329	0.006227323301600002	0.5598899792245995
330	0.006208873631999998	0.5601488176084994
331	0.0061909048635999915	0.5607499470345995
332	0.006173248626299989	0.5612399339897994
333	0.006155972388100002	0.5618234068176994
334	0.006138005021700001	0.5620897238339991
335	0.006120231708999999	0.5624808367908993
336	0.006103493008400004	0.5630565131519993
337	0.006085793160800001	0.5634459070912994
338	0.0060681706591	0.5635198142433995
339	0.0060509786074000056	0.5638263798999993
340	0.006034014102700002	0.5641188762924993
341	0.006016652101400007	0.5643636565122992
342	0.0059996278245000026	0.5647886565122993
343	0.005982380844799997	0.5653886565123994
344	0.005966179926199999	0.5660912980132994
345	0.005949677916900002	0.5666487076787995
346	0.005933351705599991	0.5669352527396995
347	0.0059169770073999985	0.5672013212963994
348	0.005901054438200007	0.5679318974597994
349	0.0058843570806999985	0.5680997546026995
350	0.005867657282300003	0.5683156636935995
351	0.005851502865699999	0.5685311398839995
352	0.005836270779999993	0.5695761265034994
353	0.005820603745200006	0.5700022292609994
354	0.005804358018499996	0.5705042494629994
355	0.005788753924100003	0.5707428337509993
356	0.005773063158899997	0.5713670472043995
357	0.005757777605800004	0.5722345092205994
358	0.005742257643899995	0.5727953488195995
359	0.005726683966100008	0.5729663319061995
360	0.005711027184499996	0.5731300223823995
361	0.005696399976000006	0.5736196930904996
362	0.005681343144100009	0.5743341401929996
363	0.0056661791349999985	0.5747111603950996
364	0.005651014663100013	0.5748556267982996
365	0.005636475552299993	0.5752959045759997
366	0.005621369055600006	0.5754297429597997
367	0.005606844747100003	0.5757807205052996
368	0.005591891748899992	0.5759485776481997
369	0.005577179199499998	0.5761124665370997
370	0.005562356497700002	0.5762564278896996
371	0.005547533650600008	0.5764027044853997
372	0.005533427922600001	0.5766426943743996
373	0.005518718221500002	0.5770454721521995
374	0.0055048314234999954	0.5775566712284996
375	0.005490783501299995	0.5781122267840998
376	0.005477096245799999	0.5785961183310998
377	0.005463346475000009	0.5791081352391998
378	0.005449056295600005	0.5796056932365997
379	0.005434999861399989	0.5800741914049998
380	0.005421215730700001	0.5805566506124997
381	0.005407748577500003	0.5810902896342999
382	0.005393941899700006	0.5813396798781998
383	0.005380253673099996	0.5815854401121999
384	0.005366669270199996	0.5817575054498998
385	0.005353261356400006	0.5818886391668998
386	0.005339488578099995	0.5822133144914997
387	0.005326747337600013	0.5824257117193997
388	0.005313587811399997	0.5828248375934998
389	0.005300546872800005	0.5832332425941997
390	0.005287362373399994	0.5833912713266998
391	0.0052741598149000065	0.5839446901300999
392	0.005261443504999999	0.5845713856566999
393	0.0052485393720999975	0.5851022172282998
394	0.005235827305499994	0.5857106739524999
395	0.005223203436999992	0.5860224312425999
396	0.005210546733799996	0.5864043245463999
397	0.005198273537799998	0.5872734366400999
398	0.005185508442899998	0.5878341509258
399	0.005172544671899997	0.5878341509258
400	0.005159825454799998	0.5878574067398001
401	0.005147533256100009	0.5883801131031
402	0.0051354051388000045	0.5887434751495001
403	0.005123066553899997	0.5890449761847001
404	0.005110763659399996	0.5891713252443
405	0.0050987202270999996	0.5898309743672
406	0.005086535915599998	0.590083752145
407	0.005074656192499991	0.5903004188116999
408	0.0050624574386	0.5906986746256
409	0.0050506559423999986	0.5914109981716
410	0.005038969611399996	0.5921512218369002
411	0.005027209258100001	0.5924040811774002
412	0.005015726970699999	0.5928794726974002
413	0.005004077318300009	0.5934981595662002
414	0.004992140941400004	0.5938612548044002
415	0.004980342362900003	0.5940980069411002
416	0.004968754793099998	0.5942890638518001
417	0.0049575701072999976	0.5945691675201001
418	0.0049462325708999975	0.5949618003261
419	0.004935128827999998	0.5955217870197003
420	0.004923687866500001	0.5957111809591003
421	0.004912283656500004	0.5963062664292003
422	0.0049009438964000025	0.5964146068669002
423	0.0048900232475000095	0.5968311666959002
424	0.0048788818502999995	0.5971038127539002
425	0.004868105266900006	0.5974589471586002
426	0.004857010967399997	0.5975102292099003
427	0.004846408950999996	0.5977253012835001
428	0.004835323375700006	0.5978230456445001
429	0.004824321248799994	0.5981771392118
430	0.004813541479299997	0.5986284550013
431	0.0048031421150000015	0.5991666629684002
432	0.0047923580469	0.5996567423334002
433	0.004781464061700003	0.6001405807173001
434	0.004770519640900002	0.6002239140506003
435	0.004759877246300002	0.6005983042946003
436	0.004749110466399995	0.6007043649007003
437	0.004738631795900002	0.6009167544531002
438	0.004728251809800002	0.6011326129510002
439	0.004718000526699998	0.6012117065183
440	0.004707748445600006	0.6015373475439001
441	0.004697317035800001	0.6016929910646001
442	0.004686845799200004	0.6018116779334001
443	0.004677023719799999	0.6024712141274
444	0.004666931752500002	0.6028168052975
445	0.004656467781500005	0.6028168052975
446	0.004646245376500002	0.6029786224419
447	0.004636276973800001	0.6034190499732002
448	0.004626154110300001	0.6035551610844001
449	0.004615927968599995	0.6039051610844
450	0.004605987427600001	0.604153539743
451	0.004596085337300005	0.6043015946629
452	0.004586182570399995	0.6043550134663
453	0.004576472965099999	0.6048184462754002
454	0.004566838921000011	0.6052207956565002
455	0.0045570110699	0.6053707956565002
456	0.004547249710299999	0.6056175347869002
457	0.004537554305400003	0.6056869199751
458	0.004528345842100003	0.6060664848546001
459	0.004518977892600004	0.6064043682114003
460	0.004509663641700001	0.6068252001128002
461	0.0045003278848	0.6071707661142003
462	0.004490845349100001	0.6075880135010002
463	0.004481430986599994	0.6079173785804003
464	0.004472070391799999	0.6079650246383003
465	0.004462657478400002	0.6083008642373005
466	0.004453339394500006	0.6088184479457004
467	0.004444411432199999	0.6093225354345003
468	0.004435415952600002	0.6099630386351004
469	0.004426249938099999	0.6102350624446004
470	0.004417104277299996	0.6104626265471004
471	0.004407768399699997	0.6106054836900003
472	0.004398739570299992	0.6109669468883004
473	0.004389672719600002	0.6111608376229003
474	0.004380612638700002	0.6112149311902003
475	0.0043717972472	0.6117888280299003
476	0.004363145198399997	0.6121192578756003
477	0.0043541614090999966	0.6123461809526003
478	0.004345436644499998	0.6128211307612004
479	0.004336409641299998	0.6130877974279003
480	0.004327760862499997	0.6131618518015004
481	0.0043193405112	0.6133978060282004
482	0.004310534663	0.6134853060282004
483	0.004301875683099996	0.6135343490903004
484	0.00429320523189999	0.6135843490903004
485	0.004284616531500001	0.6139280427839003
486	0.004276138339399997	0.6144743193795003
487	0.0042681510142999965	0.6151051274601003
488	0.004259806645699996	0.6153487509419002
489	0.004251508027100003	0.6156331178669002
490	0.0042434535269	0.6159606251821002
491	0.004235240897600002	0.6162028530343002
492	0.004227151083799994	0.6164534929838
493	0.004218643173599999	0.6166534929837999
494	0.004210646075799993	0.6167995176524999
495	0.004202181209300003	0.6168904267434998
496	0.0041938109622	0.6169136825573999
497	0.0041854017284000036	0.6172545916482998
498	0.004177382886900004	0.6181367686201997
499	0.004169211752899998	0.6185443443777997
500	0.0041613591555	0.6188281827615998
501	0.004153362657200003	0.6194403677987996
502	0.004145267201899996	0.6199977293397997
503	0.004137427504700001	0.6201529802945998
504	0.004129520259799994	0.6202225127042996
505	0.004121538462400005	0.6206529156346997
506	0.004113649917799997	0.6209164437732997
507	0.004105641131099998	0.6210652532971997
508	0.004097575039600001	0.6210652532971997
509	0.004089678716299994	0.6213055526319996
510	0.004081694542699996	0.6214484097748997
511	0.004074186968200005	0.6219052749381997
512	0.004066465044400002	0.6222252095786998
513	0.004058799186700001	0.6228176449211997
514	0.004050970705800001	0.6229643840516997
515	0.00404342736479999	0.6236477173849997
516	0.004035916348999995	0.6238621184286998
517	0.004028270070900005	0.6244467143882998
518	0.004020519587199999	0.6246133810549998
519	0.0040133156505000045	0.6253078254994998
520	0.004006119972599997	0.6258371229991999
521	0.003998529661599995	0.6265799801420999
522	0.003991070385700006	0.6266225526059999
523	0.0039836464941000035	0.6268724330459999
524	0.003976199824600001	0.6270376377244
525	0.003968813668800001	0.6272104651418
526	0.0039615163118	0.6280781654002
527	0.003954249734499999	0.6281453825668
528	0.003946774781500001	0.6281453825668
529	0.003939374228999997	0.6281716983562999
530	0.003932167841999998	0.6283576632686
531	0.003924822392800002	0.6285687743796999
532	0.003917715230199999	0.6286454489971001
533	0.003910686711200001	0.6290047151395001
534	0.003903575789300001	0.6291758445138
535	0.0038965327233000014	0.6294935447722
536	0.0038894358306	0.6297542274867001
537	0.003882306401199998	0.63028756082
538	0.0038752994443999986	0.6308671700996001
539	0.0038681469238999993	0.6309921700996001
540	0.0038610821866999967	0.631386614544
541	0.0038540603546999967	0.6316655827979001
542	0.0038470438859000036	0.6319388386118001
543	0.0038401812363000037	0.6319878929852
544	0.003833343385800001	0.6322411318516
545	0.0038264632342000044	0.6322921654434
546	0.0038194912288000023	0.6324032765544999
547	0.003812946810200001	0.632651956204
548	0.003806081036199998	0.6328464006484
549	0.0037991938859000002	0.6331241784262001
550	0.0037923382516000036	0.6333352895374
551	0.0037855139362	0.6337281466801998
552	0.0037788806891	0.6341102895373998
553	0.0037723718313000007	0.6343865715886999
554	0.0037655747647999975	0.6343865715886999
555	0.0037589345386999993	0.6344331840547999
556	0.0037521956534999966	0.6346331840548
557	0.0037456315866999977	0.6348070808945
558	0.003738956549100003	0.6349181920056001
559	0.003732474008799999	0.6350137406598001
560	0.0037259603155999957	0.6353748517709
561	0.0037196907907000006	0.6361833430381999
562	0.003713137416100004	0.6365500097049
563	0.003706676226399998	0.6368215213327002
564	0.0037005910510999967	0.6373235911548001
565	0.0036941183405000003	0.6377347022659001
566	0.003687708711700001	0.6378829580798001
567	0.0036813864447000034	0.6381342738693001
568	0.0036750182695000004	0.6385529607380003
569	0.0036686292461000024	0.6386792765275002
570	0.003662400276700005	0.6388703894844002
571	0.003656241563199995	0.6390173071057
572	0.0036500066274000017	0.6400768309152002
573	0.0036437901341000003	0.6404246941630002
574	0.0036376855963000027	0.6411688954565001
575	0.0036316590185	0.6414289034072
576	0.0036255868685999937	0.6415669300147001
577	0.003619365025000001	0.6416891522369002
578	0.0036131258736000005	0.6418558189036
579	0.0036071307814000003	0.6424556773783002
580	0.0036010110139999964	0.6425827044053003
581	0.003594950439399997	0.6429756868614004
582	0.003589074916599999	0.6430694458802003
583	0.0035829292391000027	0.6430694458802003
584	0.0035770000183000003	0.6432260350277004
585	0.0035709947652	0.6433256853773004
586	0.003565085134200002	0.6434846597363004
587	0.003559241506899998	0.6435611373128004
588	0.0035532907358999974	0.6437272502696003
589	0.003547325566000002	0.6440627516246005
590	0.003541414784199996	0.6441995037614003
591	0.0035355636985999975	0.6444954868481003
592	0.0035297264479	0.6446461278738003
593	0.003523948254299999	0.6450366040643002
594	0.0035180623097999996	0.6452905723183002
595	0.0035122859945999974	0.6455127945406003
596	0.0035067388954	0.6456792605724003
597	0.0035009976184999987	0.6458993460424003
598	0.0034952502672000035	0.6461386317567003
599	0.0034895856919	0.6463041124510003
600	0.0034838429635000025	0.6464273682650004
601	0.0034780586030999983	0.6465702254079003
602	0.0034725405343000015	0.6468103963482003
603	0.0034670649521999957	0.6478811686315002
604	0.0034615524704999985	0.6483447529195002
605	0.0034559735467999952	0.6485691608644003
606	0.003450380270799996	0.6485948018900002
607	0.003444710705000001	0.6487059130011003
608	0.0034392535644999995	0.6488715763918003
609	0.003433650321999999	0.6492255446458003
610	0.0034282338452999977	0.6493015782375001
611	0.003422733447199997	0.6493741972851003
612	0.003417213634299999	0.6493991972851003
613	0.003411825570699998	0.6495897817007003
614	0.003406328041300001	0.6497604166213001
615	0.0034009877236999956	0.6499364502130002
616	0.0033956408095	0.6504627660024002
617	0.0033901697737	0.6506460993357002
618	0.0033848648969000018	0.6510895975041002
619	0.0033797508744	0.6513445433036003
620	0.003374507789000002	0.6514179116020004
621	0.0033692451125000027	0.6514706893798003
622	0.0033640608079999993	0.6516602192944002
623	0.0033589030182999994	0.6521638538082003
624	0.003353679572499996	0.6523772596053005
625	0.003348357926500001	0.6527022596053004
626	0.0033431776390999996	0.6529061668090003
627	0.003337861702700003	0.6530728334757002
628	0.0033326282677999986	0.6530984745014002
629	0.003327496860700001	0.6534857760886003
630	0.003322429110400002	0.6538255820193003
631	0.003317234593999996	0.6539644709082004
632	0.0033120563918999976	0.6539907866976004
633	0.0033069565235000035	0.6541831607487004
634	0.003301748715800003	0.6541831607487004
635	0.003296601719399999	0.6547998274154007
636	0.003291603684100001	0.6549267817618006
637	0.0032867142478000015	0.6550815883779006
638	0.0032817663400999974	0.6554921500385007
639	0.0032766556424999975	0.6557699278163006
640	0.0032716775045	0.6559623565625007
641	0.003266714667199997	0.6561123565625007
642	0.0032617839657999976	0.6567657753659008
643	0.003256820197400004	0.6569627260760007
644	0.0032518644610000018	0.6571859818899006
645	0.0032469598139000023	0.6573169985339006
646	0.003241941328499997	0.6573169985339006
647	0.0032370358248000023	0.6574882751296005
648	0.003232067060800002	0.6575993862407006
649	0.0032271749973999952	0.6579216084629007
650	0.0032223331841000004	0.6579699767613006
651	0.0032174637667000015	0.6581054781163007
652	0.0032126068114999994	0.6585626209734006
653	0.003207722580799996	0.6588395440503005
654	0.003203032425599998	0.6594653639669008
655	0.003198210079	0.6596552864476007
656	0.0031933653123999975	0.6597552864476007
657	0.0031885882775000013	0.6601986486409007
658	0.003183839418000004	0.6603213759136008
659	0.0031792606858999997	0.6608732460562009
660	0.0031745377524000002	0.6610076129813007
661	0.003169810730599997	0.6615103907590008
662	0.0031651069510999995	0.6616245556639008
663	0.003160403634900003	0.6618717778861009
664	0.0031556511461999976	0.6618717778861009
665	0.0031509174343999974	0.6620717778861008
666	0.0031462719732000006	0.6624440001083008
667	0.0031418372203999966	0.662732932914601
668	0.0031371609819000027	0.6629162662479009
669	0.0031324786510000015	0.6629162662479009
670	0.0031280586630000012	0.663332410474201
671	0.0031234170823999973	0.663432410474201
672	0.003118833363500002	0.6638747181664009
673	0.003114206015600004	0.6638747181664009
674	0.0031096712701000027	0.6640010339559009
675	0.0031051520137999997	0.6643904278953008
676	0.0031005915214000054	0.6646492514247008
677	0.003096096576400002	0.6648725072386006
678	0.0030915497832000004	0.6649975072386006
679	0.0030870919258	0.6651202345113006
680	0.003082720235999999	0.6654018236586006
681	0.0030783010182000056	0.6654534109601007
682	0.0030738153914000046	0.6655534109601007
683	0.0030694367615000024	0.6655993940467007
684	0.0030649707296000034	0.6658903031376007
685	0.0030605643768000022	0.6660594760699008
686	0.0030561326803999994	0.6663219760699007
687	0.003051796104000001	0.6669592776572008
688	0.0030473709989000054	0.6670842776572008
689	0.0030429838822999974	0.6672842776572009
690	0.003038609420900002	0.6674953887683008
691	0.003034268414499998	0.6676328156689009
692	0.0030299211468999988	0.6679939267801008
693	0.0030256547838999974	0.6683889519446008
694	0.003021361276699995	0.6685540313097007
695	0.0030170655889000014	0.6689227181784009
696	0.003012753390599998	0.6690227181784009
697	0.0030085559999999995	0.6694018848450008
698	0.0030042682640999993	0.6695018848450008
699	0.0030000437033999993	0.6695251406590008
700	0.002995851420200001	0.6697179978018007
701	0.0029915899042999997	0.6698608549447007
702	0.0029873526274999977	0.6699608549447007
703	0.0029831193024999997	0.6701275216113007
704	0.002978897973	0.6702941882779008
705	0.002974714632899998	0.6705684307022007
706	0.0029705550619000018	0.6708823195912008
707	0.0029663593630000007	0.6708823195912008
708	0.0029621794735000015	0.6710489862578009
709	0.002958007389799995	0.6710489862578009
710	0.002953985318299998	0.6710996272835008
711	0.002949873889600003	0.6717008177597007
712	0.002945828940899997	0.6717518513515008
713	0.0029417912778000005	0.6723274881179008
714	0.0029377569725999994	0.6727647897052009
715	0.0029337825209999994	0.6728393613086008
716	0.0029297004861000044	0.6729504724198008
717	0.0029256201226999985	0.6729504724198008
718	0.002921643833400002	0.6730258692452009
719	0.0029175936985000026	0.6731925359119009
720	0.0029136047367999997	0.6736203136896008
721	0.002909590345600002	0.6739203136896007
722	0.0029056577133999974	0.6741713472813009
723	0.0029017053393000022	0.6743185695036009
724	0.002897702987399995	0.6743185695036009
725	0.0028937306046000013	0.6745019028369008
726	0.0028898787165	0.6745531848882008
727	0.0028859147550999967	0.6746781848882007
728	0.002882021791700001	0.6749925788275007
729	0.002878094432300008	0.6751625134681007
730	0.0028741871316000024	0.6753625134681007
731	0.0028703091045999994	0.6755010416066007
732	0.0028664137103000037	0.6757788193845008
733	0.0028625177849000024	0.6759788193845008
734	0.002858687900499998	0.6760899304955008
735	0.002854838840499997	0.6764404206917008
736	0.0028509652483000047	0.6764404206917008
737	0.0028471901627999986	0.6766119323196008
738	0.0028434416355000033	0.6768245820729009
739	0.0028397468622999977	0.6772224094904009
740	0.0028359672889	0.6772487252798007
741	0.002832145232600004	0.6772487252798007
742	0.0028283497426	0.6776153919465009
743	0.002824634797000001	0.6777381192193008
744	0.002820872128999999	0.6778881192193008
745	0.0028171859065999985	0.6780756192193008
746	0.0028134414191000007	0.6783006192193008
747	0.002809849701400002	0.6787635624817008
748	0.0028061997018999974	0.6789100992783008
749	0.0028025806053999973	0.6792233784110008
750	0.002798848806700002	0.6792233784110008
751	0.002795183444099996	0.6792466342249008
752	0.0027915876270999986	0.6793916368831009
753	0.002787901065999995	0.6794160271270008
754	0.002784218993000005	0.6796387543997008
755	0.0027805449012000033	0.6797816115426007
756	0.0027769990125999988	0.6798275946293009
757	0.002773378877800001	0.679973871225001
758	0.0027697855654	0.6801394556405009
759	0.002766187790099998	0.6801627114544009
760	0.0027626787426000025	0.6803748561572008
761	0.0027591047774999967	0.6804011719467009
762	0.002755524677700001	0.6807460492915008
763	0.0027520668237999988	0.6808158167333008
764	0.0027485410263000027	0.681038544006001
765	0.002744959660100001	0.681163544006001
766	0.002741380832000001	0.681163544006001
767	0.0027378587373999945	0.681444375577601
768	0.0027343541839000003	0.6814721533554009
769	0.0027308148649999946	0.6815971533554009
770	0.0027272931124000003	0.6818233438317008
771	0.002723760351000004	0.6818233438317008
772	0.002720298568500003	0.6818693269184009
773	0.002716870657199999	0.6820153100051007
774	0.0027134282072999983	0.6822925340730007
775	0.002710037666100006	0.682344121374501
776	0.002706629247100001	0.6826282209199008
777	0.002703176688100002	0.6826514767339008
778	0.002699866266800001	0.6830129846704008
779	0.002696404902000003	0.6830129846704008
780	0.0026930408118000025	0.6833983450308009
781	0.0026895970286999944	0.6833983450308009
782	0.002686220682	0.683865516748001
783	0.002682797630400003	0.684032183414601
784	0.0026793913993999963	0.6842321834146011
785	0.0026759938186000044	0.684343294525701
786	0.002672706449800001	0.6844170606831012
787	0.0026693661591000012	0.684708727349801
788	0.0026660326663999977	0.6847343683755011
789	0.0026626979474999985	0.684758177899301
790	0.002659473769599998	0.6849738954027011
791	0.0026562097903999955	0.6850204070307011
792	0.002652907865700002	0.6852098009701011
793	0.0026496062758000036	0.6853776581129012
794	0.0026463240052999964	0.6855276581129012
795	0.0026430546471	0.6855498803351012
796	0.0026398343036000012	0.6855971025573012
797	0.0026366768058999975	0.6857622608974012
798	0.0026334785231000007	0.6859281768133013
799	0.0026302537802999986	0.6860418131769013
800	0.002627089930800002	0.6861179592532013
801	0.0026238856846999997	0.6864116529468012
802	0.0026206289231000047	0.6867783196134011
803	0.0026174111516000013	0.687028319613401
804	0.0026143092088000016	0.6872379078975012
805	0.002611093322599999	0.6873851301197011
806	0.0026079497836000005	0.6874370869348011
807	0.002604777198199996	0.6874603427487012
808	0.002601571180699996	0.6875512518396012
809	0.0025984263448999984	0.6877173647963011
810	0.0025953241082999974	0.687763876424201
811	0.002592127896899999	0.687763876424201
812	0.0025889758128000047	0.6877866036970011
813	0.0025858012825000017	0.687886603697001
814	0.002582646564099999	0.6881294608399011
815	0.002579559556200002	0.6883176018655011
816	0.0025764321260000004	0.6883414113893012
817	0.002573325741599999	0.6883641386620012
818	0.002570277517000001	0.6884137102655014
819	0.002567244039599997	0.6884637102655012
820	0.0025641170659999974	0.6884637102655012
821	0.0025610627430999984	0.6887816927217012
822	0.002557950880500001	0.6887816927217012
823	0.0025548936434000025	0.6888066927217013
824	0.002551890721300001	0.6889955816105012
825	0.0025488949563	0.6890441196222011
826	0.002546008547100001	0.6893411363005013
827	0.0025429336562000043	0.6893411363005013
828	0.0025399853595999967	0.6896109289111012
829	0.0025369526818000013	0.6896353191550012
830	0.0025339359519000017	0.6901908747107012
831	0.002530906226200001	0.6904825413774013
832	0.0025278693603999996	0.6907325413774013
833	0.0025248383437000022	0.6907325413774013
834	0.002521887645999999	0.6908067906266011
835	0.002518933915300001	0.6910306001504011
836	0.002515974335000001	0.691053855964401
837	0.0025130402529000007	0.691343249903801
838	0.0025101499720000036	0.6916050020407011
839	0.0025072466296000013	0.6920166636518009
840	0.0025043966936999975	0.692084451875501
841	0.0025014772952999986	0.692472787054501
842	0.002498688443499999	0.6925718092074009
843	0.0024957741839	0.6927106980963009
844	0.0024928261996999997	0.692853555239101
845	0.002489914487300002	0.6928762825118009
846	0.0024869956838999966	0.693087393622901
847	0.0024841240208000035	0.693252472987901
848	0.0024812978496999995	0.6933008412862011
849	0.0024783980297999964	0.6933286190640011
850	0.0024755436235	0.6933513463367011
851	0.002472723363400003	0.6935989923945012
852	0.002469860203400004	0.6936217196672011
853	0.0024670009623999982	0.6942050530005012
854	0.002464198928000002	0.6943856085561011
855	0.002461328369599999	0.694476517647101
856	0.0024585760179999974	0.6946844956834011
857	0.0024557458236000003	0.6947072229561012
858	0.002452886980600002	0.6947072229561012
859	0.002450086105599999	0.6951445245434011
860	0.0024473145842999994	0.6955015465912013
861	0.0024444916022	0.6957265465912013
862	0.002441716721100001	0.6962831357385013
863	0.0024388933365000007	0.6964498024051013
864	0.0024361298754999976	0.6967820534873014
865	0.002433320786	0.6968729625782014
866	0.002430523489099999	0.6972062959116014
867	0.002427760468700001	0.6972301054354014
868	0.0024249706966999953	0.6973551054354015
869	0.0024222467173000022	0.6976370714369016
870	0.002419505221100002	0.6976648492146015
871	0.0024167712820000018	0.6976926269924016
872	0.0024140029283000034	0.6976926269924016
873	0.0024113834429	0.6978613373517016
874	0.002408677150500003	0.6980113373517016
875	0.0024059340305000025	0.6982113373517017
876	0.002403198453499999	0.6983363373517015
877	0.002400502787700003	0.6983590646245016
878	0.0023977718412	0.6983590646245016
879	0.0023950471011999997	0.6983590646245016
880	0.0023923324065000043	0.6985019217674016
881	0.002389673939300001	0.6985246490401015
882	0.002386967625500002	0.6985246490401015
883	0.0023843019496999985	0.6985484585640015
884	0.0023816129249999997	0.6987151252307015
885	0.0023789846779000024	0.6989645715208015
886	0.002376306430399999	0.6991074286637015
887	0.0023736354774999986	0.6992324286637015
888	0.002370965469199996	0.6992324286637015
889	0.0023683203785999996	0.6992602064415016
890	0.002365669882	0.6993602064415015
891	0.0023630278263000013	0.6994713175526016
892	0.0023604580679999964	0.6998328719261014
893	0.0023578239856	0.7000328719261014
894	0.0023551895446999997	0.7000328719261014
895	0.0023525672060000003	0.7001757290690014
896	0.002350021469799999	0.7003447329376012
897	0.002347489989299999	0.7003947329376013
898	0.0023449071920999985	0.7004197329376013
899	0.0023423017397999975	0.7004197329376013
900	0.0023397229892999994	0.7004419551598013
901	0.0023371401100999987	0.7007919551598013
902	0.002334565389599999	0.7010919551598013
903	0.0023320000196000038	0.7012661975840013
904	0.0023296037272999997	0.7016126857212012
905	0.0023270798805999945	0.7019049934135011
906	0.0023245906883000034	0.701950079533001
907	0.0023220342014000014	0.7021500795330011
908	0.0023194797095000023	0.7021500795330011
909	0.0023169477178000037	0.7023173269197012
910	0.002314453765299999	0.702585184062501
911	0.0023119243934000035	0.7027101840625011
912	0.002309400553599997	0.702853041205401
913	0.0023069300577000015	0.703159101811401
914	0.0023044088203000006	0.703159101811401
915	0.0023018930897000032	0.703159101811401
916	0.002299432740699999	0.7031803784072009
917	0.002296927910500001	0.7031803784072009
918	0.002294545627800003	0.7033750233014009
919	0.002292086962500002	0.7036365673130011
920	0.002289624175500002	0.7043032339796009
921	0.0022871408525999993	0.7043032339796009
922	0.0022846664270000003	0.7043941430705009
923	0.002282223095900001	0.7045846192610008
924	0.002279755825199998	0.7045846192610008
925	0.0022773859185000003	0.7047352602867009
926	0.0022749350042999992	0.7049352602867007
927	0.002272483564699998	0.7049352602867007
928	0.0022700397188000015	0.7054352602867008
929	0.0022676057451999974	0.7056019269534007
930	0.0022651931279	0.7057894269534007
931	0.0022627948642000018	0.7058132364772008
932	0.0022604108874	0.7060049031439009
933	0.002258039986500002	0.7060900424627008
934	0.002255664962599999	0.7062026906841007
935	0.0022532550644	0.7062026906841007
936	0.002250850309300001	0.7062026906841007
937	0.002248464307700003	0.7064047108862007
938	0.002246076573399998	0.7065713775529008
939	0.0022437018282999983	0.7068718826035006
940	0.002241317447400001	0.7068718826035006
941	0.002238971902	0.7069201384174008
942	0.0022366155675000005	0.7071423606396007
943	0.002234246271799999	0.7071423606396007
944	0.0022318819900000015	0.7071423606396007
945	0.002229522704999997	0.7071423606396007
946	0.0022271684056999995	0.7071423606396007
947	0.0022248301864	0.7073963288935007
948	0.002222529052100002	0.7075717025394007
949	0.0022202061512999987	0.7077828136505008
950	0.0022179002682999986	0.7079060694644008
951	0.002215589276700001	0.7083303118887009
952	0.002213322716100001	0.7085940534611008
953	0.002211044379599999	0.7088196944867008
954	0.0022087444864000026	0.7090625516296007
955	0.0022064559425	0.7090869418735007
956	0.0022041852511999974	0.7093107513973008
957	0.002201927969800001	0.7094168120033009
958	0.002199636247400002	0.7096168120033007
959	0.002197390485299999	0.7097395392760008
960	0.0021951461044000023	0.7098612784065008
961	0.002192895551800002	0.7098840056792007
962	0.002190647485400001	0.7100057448096008
963	0.002188424477700002	0.7106633205671007
964	0.0021861566806000003	0.7106633205671007
965	0.0021839032131000004	0.7107633205671006
966	0.002181644781699997	0.7107633205671006
967	0.0021794134059000005	0.7111199097144006
968	0.0021771642683000012	0.7111199097144006
969	0.0021749197686999947	0.7111199097144006
970	0.0021727159169	0.7113437192382005
971	0.0021704911864	0.7116294335240004
972	0.0021682910671999974	0.7116544335240004
973	0.002166069107300002	0.7117544335240005
974	0.0021638474975000013	0.7117544335240005
975	0.0021616755349999975	0.7118033303636004
976	0.002159462971300001	0.7118033303636004
977	0.002157332217799997	0.7118527206075005
978	0.0021551379902999992	0.7122193872741005
979	0.0021529835967	0.7122421145469006
980	0.002150825248200004	0.7123921145469004
981	0.0021486857582999996	0.7126599716898006
982	0.0021465019817000002	0.7128599716898004
983	0.0021443205769000016	0.7128599716898004
984	0.0021421436006999993	0.7128599716898004
985	0.002140043999699995	0.7130505561055005
986	0.0021379065304999987	0.7134488119195004
987	0.0021357672210000006	0.7136149248763004
988	0.0021336342537000012	0.7136381806903005
989	0.0021315045486999997	0.7140114365043005
990	0.0021293903066999975	0.7140341637770005
991	0.0021272762293999973	0.7143559029075004
992	0.002125133956600001	0.7143559029075004
993	0.0021230364398000007	0.7145475695742005
994	0.002120946123699995	0.7145679777375006
995	0.002118857948499999	0.7145923679814006
996	0.002116732714899999	0.7145923679814006
997	0.0021146117386000025	0.7145923679814006
998	0.0021125160320999976	0.7146161775052006
999	0.002110415504899998	0.7149078441718004
1000	0.002108307197099997	0.7149078441718004
