0	0.407	0.04915187009390005
1	0.2704999999934004	0.06837624142540007
2	0.2144166666656	0.08491426358210001
3	0.18276250000020003	0.09998202482900008
4	0.16094333333330008	0.11095791389160006
5	0.14364325396709998	0.11968764011999998
6	0.1318370748335	0.12968491484509997
7	0.1213713293663	0.13892879169549996
8	0.11328562610190006	0.14835894279379994
9	0.10578433622010001	0.155785747684
10	0.09932666929289993	0.16186249159359992
11	0.09394688274660001	0.16736749024629996
12	0.0896872324226	0.17426118360049994
13	0.08590957296349998	0.18124584988569992
14	0.08237810143650004	0.18711682613559993
15	0.07936182303650005	0.19452494799939982
16	0.07665099684450002	0.20008111094899994
17	0.0736967017021999	0.20499887440079997
18	0.07108371739500019	0.20982420244029995
19	0.06851286486259991	0.2140862750806
20	0.06649926523720001	0.21840655444200008
21	0.06434020772730006	0.22254705219609994
22	0.06226382188330003	0.22709761516469992
23	0.060454495971400006	0.23240893293339993
24	0.05869785459280004	0.23601004114379995
25	0.05710833596849998	0.23919971639709994
26	0.055592418764400034	0.2425408366868999
27	0.05413653188649996	0.24618278777759992
28	0.05270308825899998	0.24915375679439988
29	0.05145814660779999	0.25213977231709994
30	0.05025687574930002	0.2555116799402999
31	0.049170249896999974	0.25841247337559997
32	0.04805368261140011	0.2620388921194998
33	0.04694201967620003	0.2652204634896999
34	0.04587621594050007	0.2680934034895998
35	0.04490968441769993	0.2711935911042
36	0.04402734586020003	0.27341183627210014
37	0.043117719348900074	0.27619977481150004
38	0.042204444492399996	0.2794257298584
39	0.04139628460179997	0.2823262944395998
40	0.04053528347219999	0.2856843065835999
41	0.03971467594419992	0.28805197420289985
42	0.039018351557999986	0.29016732311189997
43	0.038328540535000025	0.2934908250112
44	0.03765892079479999	0.2955776823047999
45	0.03699195998159998	0.29712773716859997
46	0.036347184234700014	0.29923912264940006
47	0.035683063475500036	0.301553723428
48	0.035131980547999986	0.3042477717888001
49	0.034591301721400014	0.30659299430270004
50	0.034017490375300004	0.3099555461787999
51	0.033470709900800026	0.31164646613179986
52	0.03295798511569994	0.3146304532180999
53	0.032450008959699995	0.3162510444878999
54	0.031967801003999985	0.31921944645239986
55	0.0315040902741	0.32102148831199984
56	0.031049088083000026	0.3232746940037999
57	0.03060464150459999	0.3256149003845
58	0.030167557185499964	0.3278512915979998
59	0.02978525637100002	0.32981277539469994
60	0.02940220880409997	0.3325444114155999
61	0.029030386183000006	0.3341428195402999
62	0.02865663997249997	0.3362319451539999
63	0.028268014588199997	0.3378333995651999
64	0.027915173338899986	0.3393841668809
65	0.027584255970200013	0.3411092405659
66	0.02726012747680001	0.3426146717908
67	0.026911459787800004	0.3439794660832
68	0.02660777403649996	0.3454486089343999
69	0.026269715291300053	0.34672970507269985
70	0.025955274855500032	0.3492657624158998
71	0.02565795083579996	0.3513560450436998
72	0.025348308412400003	0.3532551670967999
73	0.025046844787600032	0.35475128541859974
74	0.0247465710643	0.3571683811644997
75	0.024475982211300068	0.3594584022575998
76	0.02418541833909997	0.3606320819073998
77	0.023906183019999954	0.3620952684061999
78	0.023643604752199995	0.3635614752735
79	0.023388337470400044	0.3652987682342002
80	0.023114497713500003	0.36654058475570017
81	0.02287801471080002	0.36869875331770025
82	0.022634934788199994	0.36974178380460015
83	0.022399644946499986	0.3713626124564002
84	0.022163342693199996	0.3728675225287002
85	0.021936904467699987	0.37425862180760017
86	0.021705393546999987	0.3749016452093002
87	0.02148274543750001	0.3761401357883002
88	0.021260717087199968	0.3775979313225002
89	0.021041336712499983	0.37877596772660016
90	0.020847619203499982	0.37978369160150016
91	0.02064263689920003	0.38090849805770016
92	0.020442979173	0.3823204973665002
93	0.020251928440899996	0.3841079713139001
94	0.020056732703099996	0.38545999247660023
95	0.01985564775000001	0.3868121466717003
96	0.019674830007500022	0.38890534167330026
97	0.0195006588885	0.38998276591970027
98	0.01931832900159997	0.3914212121879002
99	0.01914039323700001	0.39331531784050017
100	0.018966415355899987	0.39512810660730013
101	0.018791606604999976	0.39578614301540016
102	0.018630168301499984	0.3975377113302002
103	0.018472552214100015	0.39878121227880026
104	0.0183168387788	0.4000806216445003
105	0.01815788076860001	0.40168561641460016
106	0.01800669946740002	0.4033248824689002
107	0.01785084402770003	0.4044090836383001
108	0.017701753714199995	0.40584069474430023
109	0.017553686994100003	0.40634182337090025
110	0.017410587498100014	0.4081625916283002
111	0.017272360855900015	0.40885562724760016
112	0.01713790586879999	0.40990523319710026
113	0.017007024160900008	0.4119817074684001
114	0.01687225543450001	0.41415653338760017
115	0.016739478108900006	0.4152743605562002
116	0.0166104575074	0.4158881535026002
117	0.016482794464400024	0.4175267823872002
118	0.016349185547899985	0.4184225426211002
119	0.016221275668399992	0.41945995953770016
120	0.016106860572699992	0.42136676747060015
121	0.01599296320769999	0.42306251553300006
122	0.01587867476069997	0.4241757058259001
123	0.01576042737990002	0.4260494496907001
124	0.0156453915811	0.4267910336106001
125	0.01553778223820001	0.4283183810264001
126	0.015423373026000001	0.4292596799307
127	0.015315474824399988	0.4303919545924001
128	0.015203428805999994	0.4310959117019001
129	0.015093114702699988	0.4314785596096001
130	0.014984203579699987	0.4318963340054001
131	0.014883844780500003	0.43282029631930014
132	0.014779230527999999	0.43410915789619997
133	0.014676068775199995	0.43449167026679997
134	0.014576834278500015	0.4358332736753
135	0.014477058285999987	0.4370584318538
136	0.014381912087300002	0.438012729287
137	0.014289008020099981	0.4392041001159
138	0.014194225846100013	0.440227997605
139	0.01410317286330003	0.4410018468347999
140	0.014012290310200001	0.4419563114763999
141	0.013918930833299991	0.4429928075812998
142	0.013828831473399989	0.44396984903429976
143	0.013739886042899998	0.44459474537799976
144	0.013651316209500003	0.4452925364758998
145	0.013564896330299999	0.44635468469809986
146	0.013481167488799989	0.4472082274756999
147	0.013395746941000014	0.4477109448384998
148	0.013312509264299988	0.44873270899159984
149	0.0132338695781	0.4493159795372999
150	0.013154331926499998	0.4502658758159999
151	0.01307372422250001	0.4512716629876998
152	0.012996720845700005	0.4517905631998997
153	0.012917814614200003	0.45213584660669975
154	0.012837162048699993	0.4526020015967998
155	0.012764875815999993	0.4541734915288998
156	0.012686352459199985	0.45490361868799983
157	0.012612627036100011	0.45528118384609984
158	0.012539591647199992	0.4555778299172999
159	0.012467935036899983	0.4567644975640999
160	0.012398852700099989	0.45746248310889986
161	0.012328754504300002	0.45908794375959994
162	0.012257345115699985	0.4597445313746999
163	0.012186781112099997	0.4606379400669998
164	0.012118398283699996	0.4612975067921999
165	0.012049435997600007	0.46242572584859987
166	0.011984840002700012	0.4638674486143999
167	0.011917692990699997	0.46547916671129985
168	0.011849714996000002	0.46660743819809997
169	0.011785273947400003	0.4674484878348
170	0.011721284176300006	0.4678591587698
171	0.011658144569399983	0.4684771115537
172	0.011594908999800002	0.46920394003939997
173	0.011533690307999984	0.47037479825119993
174	0.011471225066099993	0.4713752630705001
175	0.0114144259268	0.4724466724316
176	0.011355047783099995	0.47343420563480004
177	0.01129295018579999	0.4739297240053001
178	0.0112325612661	0.4745822586321001
179	0.011174977056199993	0.47530540974040003
180	0.011115786787099988	0.4760908306839
181	0.011057052955899996	0.47719190035079995
182	0.01100105694240001	0.47803418977059986
183	0.01094629209080001	0.47891070562449983
184	0.010891046222499994	0.47956202970899975
185	0.010836344778699996	0.4802873277868998
186	0.01078001775479999	0.48115254517829986
187	0.010726645488099994	0.4821763379618999
188	0.010671366662000012	0.4830115943721998
189	0.010618012268100007	0.4839346473695998
190	0.010566892657100013	0.4846656558497998
191	0.010515688794999999	0.48553447522699994
192	0.010463420123600011	0.48615265169219984
193	0.010410515898000005	0.48696980855499983
194	0.010358096714799994	0.48751398148739983
195	0.01030887509900001	0.4884101720580999
196	0.010260852812600006	0.4893207269943998
197	0.0102103246755	0.48983247913109984
198	0.010164041635	0.4904836258066998
199	0.010113743815399992	0.4909419591399998
200	0.010066012761000016	0.4911492599309997
201	0.0100204242966	0.4917482873474997
202	0.009971714586000012	0.4923206029402996
203	0.009924483559799998	0.4929312309595996
204	0.009879528704799986	0.49387237013439966
205	0.009834290149200016	0.4943509547465997
206	0.0097875943959	0.4945944535645997
207	0.009744058158900011	0.4958163586014997
208	0.009700899075	0.4968276199707997
209	0.009657796172099995	0.4972005916105997
210	0.009614282514800001	0.4978190460284997
211	0.009571811036399994	0.49836252457379976
212	0.009528035695500004	0.4986234894860997
213	0.009489163108400004	0.49964914900399965
214	0.009447030051600006	0.5006647125103997
215	0.009405853964600005	0.5018617291889996
216	0.009364580633600001	0.5022578795221996
217	0.009323655597099995	0.5033320172406998
218	0.009282929067900006	0.5040080284293997
219	0.009242687862200002	0.5045549889666998
220	0.009202190599199989	0.5047926387198999
221	0.009162840046499999	0.5054383662649998
222	0.009123632882699993	0.5058596428608998
223	0.009084251585099996	0.5068664971176997
224	0.009047062975100004	0.5073105351240997
225	0.009008357208500002	0.5081820324625997
226	0.00896946499549999	0.5086556900105997
227	0.008934492047599996	0.5090293052097997
228	0.008896938732100011	0.5102524653828997
229	0.008861117295700003	0.5109049210667996
230	0.008825033941000007	0.5113547293502997
231	0.008787272489600019	0.5115838960169996
232	0.008751154558900003	0.5117940128422996
233	0.008717175266899992	0.5131112173226996
234	0.008681505353500001	0.5138536991971996
235	0.0086462568961	0.5144449700881996
236	0.008610430757300003	0.5148372777804996
237	0.008575834701399996	0.5154017834646996
238	0.008541539019800006	0.5159826311398996
239	0.008507781913199996	0.5168042537202997
240	0.008473028592	0.5172317641183998
241	0.008438900341500008	0.5180023990391996
242	0.008405757729199994	0.5182827977101996
243	0.008372713057399997	0.5191476818456995
244	0.008339799709099984	0.5197238027531995
245	0.008306243694200001	0.5200224138642995
246	0.008273447749899998	0.5208822136897995
247	0.008241609290900011	0.5212193097331995
248	0.008209988370700003	0.5215648583873995
249	0.008178024910699997	0.5223251442763995
250	0.008146929256200006	0.5225335655749995
251	0.008116529401700004	0.5231633948242995
252	0.008086253369900013	0.5234276805385993
253	0.0080562241178	0.5242421501475996
254	0.008025197873800004	0.5245253669307995
255	0.007995475780399991	0.5249932240735995
256	0.0079655865893	0.5253849941218995
257	0.00793691209620001	0.5259833415108996
258	0.007907990249400006	0.5263566192835997
259	0.007879520084000004	0.5272171809441997
260	0.007850514873299998	0.5276684942650997
261	0.007820739738800004	0.5283292085507997
262	0.0077920832792	0.5289961825028996
263	0.007762682166700003	0.5293057063122997
264	0.0077336443799999885	0.5300009444074996
265	0.0077056687787	0.5305424541896996
266	0.007676864496700007	0.5306333632805995
267	0.007649065620799995	0.5310812022978995
268	0.007621580453099992	0.5317526076882995
269	0.007594527724300006	0.5323170319431995
270	0.007567588940800003	0.5328562122071994
271	0.00754095201039999	0.5340556017065994
272	0.007513957802099996	0.5346402508292994
273	0.007486614226899998	0.5349259651150994
274	0.007460259742400004	0.5354243334136994
275	0.007434577065499995	0.5357314588810993
276	0.007408997079899999	0.5363242542089994
277	0.0073841510171000135	0.5370317641109995
278	0.007358362970300004	0.5375004105006994
279	0.0073323118771000066	0.5375260515262994
280	0.0073073918610999985	0.5384385930545995
281	0.007281930217199996	0.5388368966773995
282	0.007257107291500011	0.5389090493308996
283	0.007232221257999998	0.5394355961537995
284	0.007207433926400004	0.5398073352841996
285	0.007183232109500003	0.5399307490319997
286	0.007158517983199998	0.5402675011687996
287	0.007134142602399992	0.5405985909122998
288	0.007111222887199993	0.5409838036670995
289	0.0070881707963999984	0.5422087658602995
290	0.007064342408099996	0.5424163989135995
291	0.007041213087199994	0.5430373108994995
292	0.007018226429900001	0.5433684998050996
293	0.006995761573299999	0.5438357385782995
294	0.0069725281191000054	0.5442062872324994
295	0.006950496530800002	0.5445531598044995
296	0.006927376652699997	0.5450003891309996
297	0.006905286400099995	0.5452199528101995
298	0.006883551886999994	0.5460762045916997
299	0.006861249018299997	0.5466358869844997
300	0.006839290235299991	0.5472096965082998
301	0.006817528768199995	0.5478434326253997
302	0.006796928532100002	0.5485808483957997
303	0.006775886002699998	0.5489930856756996
304	0.006754098571500002	0.5490390687622997
305	0.006732207318000002	0.5492270120247997
306	0.0067109234240000076	0.5494371642755995
307	0.0066900383398000056	0.5501009835956995
308	0.006668387727399999	0.5501009835956995
309	0.006647582121600001	0.5505014886460995
310	0.006626671024499995	0.5510755430194995
311	0.006606087054000003	0.5514798676199993
312	0.006585683407099995	0.5520001417901994
313	0.006565488376799998	0.5527192809843996
314	0.0065458109185	0.5533188591837995
315	0.006526024731400005	0.5537468822111996
316	0.006506142224199998	0.5539208915351995
317	0.006486668444100001	0.5546736912715995
318	0.00646688264689999	0.5549558341286995
319	0.006446858607299996	0.5553844055571996
320	0.006427674688699998	0.5558571839261995
321	0.006408309086400005	0.5561230998420997
322	0.006388631561300008	0.5564965486155996
323	0.006370357056399998	0.5570350891530996
324	0.006351444963900007	0.5574751369468997
325	0.006332102711999995	0.5578179940896997
326	0.006313297894000005	0.5584112480578997
327	0.006295328854599999	0.5590909738875997
328	0.006276617805300003	0.5592986974647997
329	0.006257854092100007	0.5599617927028996
330	0.0062392484851999976	0.5602191804096995
331	0.006221025414299999	0.5612854534642996
332	0.006202937063499996	0.5614470696260996
333	0.006185500438299994	0.5618763860459995
334	0.0061674804653	0.5620185771882995
335	0.0061494604635	0.5624255680697996
336	0.006131739557300008	0.5629155315342996
337	0.006114244141099996	0.5632750213038996
338	0.006096962838599998	0.5635368650157997
339	0.006079496351999999	0.5638979761268997
340	0.006062825503799993	0.5642815897355996
341	0.006045575328499997	0.5646962136703995
342	0.0060288057314999985	0.5650869347106996
343	0.006011794121099998	0.5658693224174998
344	0.005995030439900004	0.5661700284508998
345	0.005977945304599997	0.5663579717133999
346	0.0059614713816	0.5665363905167999
347	0.00594488413969999	0.5667878612681998
348	0.005928922540799998	0.5675089346426997
349	0.005912682805099996	0.5675832492170997
350	0.005896719773099999	0.5678758953627998
351	0.0058802011179	0.5678971719584999
352	0.005864231533299998	0.5682887220749998
353	0.0058481592628	0.5687329276280997
354	0.0058320495562	0.5689623860779996
355	0.005816288994199999	0.5692656586825997
356	0.005800669760599997	0.5695733065902996
357	0.005785120356699997	0.5701082189000996
358	0.005769965271400003	0.5704829793069996
359	0.005754268460400002	0.5707024237513997
360	0.005738504657000003	0.5710327808940998
361	0.0057230938148999985	0.5714527303890997
362	0.0057073882621	0.5715638415001998
363	0.005692197863899994	0.5720684514292997
364	0.0056772241029	0.5722388247597997
365	0.005662598493400006	0.5726173274627996
366	0.00564813163330001	0.5731190726982996
367	0.005633225299400009	0.5733001787536998
368	0.005618383923499995	0.5740316574057999
369	0.0056034540741999985	0.5741154809351998
370	0.005588741692599999	0.5743647841681998
371	0.0055743596081999965	0.5746747048030998
372	0.005559773362300004	0.5747177205293998
373	0.0055449575698999975	0.5749716887833999
374	0.005530433425900003	0.5752883554500998
375	0.005516070502000001	0.5755980378427998
376	0.0055025337058	0.5757430103841
377	0.005487976737499995	0.5757430103841
378	0.005473663231400008	0.5760223252722
379	0.005459645647100005	0.5766904784560001
380	0.005445838054199994	0.5771063875468
381	0.0054320057049	0.5773175866231001
382	0.0054181900911	0.5776177119363999
383	0.005404831032099997	0.5780490169096
384	0.0053913981219	0.5783669674232
385	0.005377872587399997	0.5788749926189001
386	0.005364315924199997	0.5790871783056
387	0.0053511065397000065	0.5797230466038998
388	0.005337963491399992	0.5802628373688
389	0.005324361657599997	0.5805895180412
390	0.005311266313399992	0.5807702740465001
391	0.005298216982900007	0.5813797534559
392	0.005284780720700002	0.5814797534558999
393	0.0052718687611	0.5817119452835998
394	0.0052593022074	0.5824068279372999
395	0.005246536371400006	0.5829203294134
396	0.005233403189300005	0.5831028690959
397	0.005220776596999999	0.5840121764555
398	0.005208124277200007	0.5843496223428999
399	0.005195197480399993	0.5845877175809999
400	0.0051827691656999965	0.5846549772633999
401	0.0051700186747000035	0.5853688661523001
402	0.0051576812089	0.5857065372531001
403	0.005145287486800005	0.5860326833293
404	0.005132911480099999	0.5865132163547002
405	0.005120535115899993	0.5871475832798002
406	0.0051084296937	0.5873989338715003
407	0.005096616160500002	0.5878680645470002
408	0.005084214629800011	0.5881180645470001
409	0.005072063349599998	0.5886847312137001
410	0.005060313120200004	0.5894482510273003
411	0.005048783055700008	0.5902242086477003
412	0.005037154953700001	0.5903931313013003
413	0.00502533713549999	0.5905413871153002
414	0.005013708659200002	0.5909297158918003
415	0.005001714121200002	0.5911130492252004
416	0.004989966295200002	0.5911590323119004
417	0.004978679477300004	0.5917277182312004
418	0.004967467717900006	0.5919302947245004
419	0.004956002365299993	0.5922725371075004
420	0.0049447144531000005	0.5925113815963003
421	0.004933350049399998	0.5927599385948003
422	0.004921860127200001	0.5929266052614004
423	0.0049107569605999985	0.5933101512238003
424	0.004899677246899999	0.5937327687713003
425	0.004888873833600003	0.5941243910380003
426	0.004877670709900006	0.5947143841367003
427	0.004866541151100005	0.5947848894246004
428	0.0048556092231000015	0.5949151403792003
429	0.004844586898500006	0.5951811747834004
430	0.0048336956581000005	0.5957412568067003
431	0.004822923536700001	0.5960958022612002
432	0.004812013963200005	0.5964280281746003
433	0.004801159437100001	0.5972734827202003
434	0.004790296286200003	0.5973806255773004
435	0.004779865703000003	0.5977994822244004
436	0.004768964367699998	0.5978828155577004
437	0.004758237542399998	0.5980751896088005
438	0.004747502273599999	0.5981001896088004
439	0.004737341230800004	0.5987779889435004
440	0.004726881123700006	0.5990279889434003
441	0.004716488142199995	0.5990773791873004
442	0.004706273590999996	0.5993426417025004
443	0.004696114203900002	0.6000480403735003
444	0.004685671985099998	0.6000688737068003
445	0.0046756625770999986	0.6002439049764003
446	0.004665467145199998	0.6005202207659003
447	0.004655604977900002	0.6010621078041004
448	0.0046458399578	0.6014219179917004
449	0.0046356045596000015	0.6021469179917003
450	0.0046254192636	0.6024580291028004
451	0.0046156353494999965	0.6027290679532004
452	0.0046055775921999996	0.6028417161746004
453	0.004595718765499992	0.6032106775272005
454	0.004585806253899999	0.6034334048000005
455	0.004576003990300001	0.6036072143238006
456	0.004566229737899995	0.6038566045677004
457	0.004556259803400006	0.6038566045677004
458	0.004546754832600001	0.6043222202528005
459	0.004537379871700004	0.6047787592088005
460	0.004527941189100002	0.6050205078226005
461	0.004518210575100002	0.6050443173464005
462	0.004508605629400004	0.6053104303031005
463	0.004499032485100005	0.6054336861171006
464	0.004489458674300002	0.6054564133898006
465	0.0044801325162000015	0.6055974477940006
466	0.004470676350799998	0.6059428690395006
467	0.004461579219500001	0.6065099595419007
468	0.004452456403200001	0.6072171897149006
469	0.004443118613299997	0.6079100468578006
470	0.0044337302224000015	0.6081100468578007
471	0.0044244397457000005	0.6081356878834007
472	0.004415179417200002	0.6083589436974007
473	0.0044059179915	0.6086851341736007
474	0.004396898896399995	0.6090427129031006
475	0.004387833481800003	0.6092939033794006
476	0.004378906590400001	0.6094952922684006
477	0.004369793741500007	0.6098869589351006
478	0.004360840623900003	0.6099397367128007
479	0.004351816176099998	0.6101508478239007
480	0.004342967152099995	0.6101963964782006
481	0.004334197389799999	0.6102428708371006
482	0.0043253565047999985	0.6102685118628005
483	0.0043165007579000015	0.6102935118628006
484	0.004307901973199997	0.6106436697966006
485	0.004299152055900001	0.6107797809077005
486	0.004290399967900001	0.6108075586855004
487	0.0042822954150999945	0.6113012690448004
488	0.004273905428699996	0.6117063415085003
489	0.004265532313299997	0.6119891917500002
490	0.004257610692999996	0.6122359295294002
491	0.004249427007899997	0.6126830989235003
492	0.0042410374220000005	0.6130395685107001
493	0.004232619992400001	0.6130889587546001
494	0.004224427669000002	0.6134699941920001
495	0.004216145959100002	0.6135996950466001
496	0.004207800138599994	0.6137016181235001
497	0.004199729007299996	0.6138020419591
498	0.0041915652227999985	0.6139353752924
499	0.004183241972099998	0.6142252977731001
500	0.0041753772722	0.6147209326938
501	0.004167424136700001	0.6148964377443
502	0.004159537401200003	0.6153302939655999
503	0.004151610455000006	0.6154682110622999
504	0.004143596855599997	0.6156101537448
505	0.004135871792000006	0.6159931984778999
506	0.004127838498599999	0.6164399376083
507	0.004120072501	0.6170023265113
508	0.0041121282921	0.6173033601029999
509	0.004104617844900009	0.6178201183446999
510	0.004096914029399995	0.6178923625256998
511	0.004089254898700002	0.6180146067063998
512	0.004081723565199997	0.6183886349141998
513	0.004073926023600006	0.6186886349142998
514	0.004066399319300005	0.6190506649895997
515	0.004058874809100001	0.6197066816338997
516	0.004051337648799999	0.6197789258148998
517	0.004043654161000003	0.6199178147037998
518	0.004036177874500001	0.6201360956821999
519	0.004029002883100001	0.6206304808704998
520	0.004021420428499992	0.6211034693046997
521	0.0040138008041	0.6212267251185998
522	0.004006447340800003	0.6219221471086999
523	0.003999132237600003	0.6223691105875998
524	0.003991717630100001	0.6228857041549
525	0.0039842226104000004	0.6231120199443999
526	0.003976798979199999	0.6235981310553999
527	0.003969460493499998	0.6237859831426
528	0.003961974622599995	0.6239526498092001
529	0.003954808334699999	0.6248025621917
530	0.003947562260999999	0.6252484731283
531	0.003940198456400006	0.6256579969378999
532	0.003932995690800006	0.6257090305296
533	0.003925704034400003	0.6259107112019
534	0.003918484835499995	0.6261225549137001
535	0.0039111881276999985	0.6263225549137
536	0.0039040120226000014	0.6265488707031001
537	0.003896855504299996	0.6270822040363999
538	0.0038896909947000007	0.6274322040364001
539	0.003882724050900005	0.6276262931836001
540	0.0038756391915999973	0.6280745489976
541	0.003868542930899999	0.6281023267753
542	0.0038616555166000027	0.628663281002
543	0.0038546344621999983	0.6287774459069
544	0.003847669275400002	0.6290135570179999
545	0.003840669138200003	0.6292246681292
546	0.0038337879195000013	0.6292741850375001
547	0.0038270246282999985	0.6298634977619999
548	0.003820361725300001	0.6305366579351999
549	0.0038134255117000006	0.6307033246018999
550	0.003806521033099995	0.6308699912685
551	0.0037997037840999935	0.6310937506009
552	0.0037929730680000004	0.6316181968911999
553	0.0037862924162999976	0.6316682281607
554	0.003779554523399997	0.6316890614940999
555	0.003772860094100004	0.6320771996322999
556	0.0037661605576000032	0.632443866299
557	0.0037594913147000007	0.6327660885212
558	0.0037527659284	0.6327660885212
559	0.003746134587599999	0.6329158211415
560	0.0037396187453999975	0.6335225671733
561	0.003733154249400003	0.6335693063036999
562	0.003726737577800002	0.6341182031431999
563	0.0037201393007000004	0.6343182031432
564	0.0037136863203000004	0.6345970145128
565	0.0037071406163000048	0.6346879236037001
566	0.003700804275400002	0.6351367331276
567	0.003694455859799997	0.6353547155837
568	0.003688086298800003	0.6358986769363001
569	0.0036817204363999993	0.6365999927258
570	0.0036754654795000037	0.6366482485398001
571	0.0036692290052000023	0.6366976387837
572	0.0036629926862000012	0.6374731438342999
573	0.003656777808399999	0.6376197563003999
574	0.003650662759300003	0.6384088031231
575	0.003644381970799999	0.6386826126469
576	0.0036380658855999994	0.6386826126469
577	0.0036319658793999986	0.638939755504
578	0.0036256930539	0.638939755504
579	0.0036196703579999953	0.6392090833983
580	0.0036134521187999994	0.639375750065
581	0.003607452689399999	0.6399208355351
582	0.003601297257999997	0.6399430577573001
583	0.0035952477351999996	0.6399930890268
584	0.003589285785900001	0.6402059127527001
585	0.0035833613176999976	0.6403517460860002
586	0.003577271269199997	0.6405184127526001
587	0.003571187475599996	0.6405184127526001
588	0.0035653142629000017	0.6409667810509002
589	0.0035593287117999983	0.6410938080779002
590	0.0035534033380000053	0.6413188080779002
591	0.003547449393000001	0.6416763838355003
592	0.003541475703699999	0.6417763838355003
593	0.0035357314873999996	0.6420345602844003
594	0.0035298708593000036	0.6424598363004003
595	0.0035241140751999956	0.6426533344690003
596	0.003518286666199997	0.6427525408183005
597	0.003512486996799997	0.6427781818439003
598	0.0035069486187000007	0.6428759403862003
599	0.0035012395881999963	0.6432050339534005
600	0.003495496817999996	0.6433328117312004
601	0.0034897123822999992	0.6435756688741004
602	0.0034840129926000003	0.6438895577631005
603	0.0034782912802999977	0.6446097958583006
604	0.0034728993473999996	0.6450988136450007
605	0.003467168491399998	0.6450988136450007
606	0.003461586576599994	0.6452483305533007
607	0.003455968798199995	0.6453826974784006
608	0.003450501246500001	0.6455472176804007
609	0.0034450807947000073	0.6457178536505005
610	0.0034396910729999953	0.6458797458280005
611	0.0034341319718999993	0.6459047458280005
612	0.0034287024941999996	0.6460462959446005
613	0.0034235446538000047	0.6461627335766006
614	0.0034179963936999975	0.6463055907195007
615	0.0034125634660000037	0.6463523298499005
616	0.003407268600400003	0.6467763729120005
617	0.0034018885381	0.6468223559987005
618	0.0033964761391999925	0.6470973559987007
619	0.003391083662299997	0.6474473559987007
620	0.003385700647099994	0.6474723559987007
621	0.003380463844900002	0.6477362448876005
622	0.0033752924015999965	0.6480305727819005
623	0.003369998663699996	0.6482870662883005
624	0.0033647676872999963	0.6485025424789006
625	0.0033595174986999973	0.6490161788425005
626	0.0033541848138000014	0.6491070879334004
627	0.00334886401	0.6492070879334004
628	0.003343539899900004	0.6492070879334004
629	0.0033382603649	0.6494431990445004
630	0.0033330802695999964	0.6495584983794005
631	0.003327853902800002	0.6500485777446003
632	0.0033228009524999985	0.6505471157563005
633	0.003317572362799999	0.6506899728992005
634	0.003312367646200002	0.6509578300421005
635	0.0033071916092999986	0.6513744967088005
636	0.0033021326585999998	0.6516150982127005
637	0.0032969814320999986	0.6516407392383005
638	0.0032918976376999994	0.6518282392383005
639	0.003286761360899997	0.6519710963812004
640	0.0032818039077000013	0.6523519309246004
641	0.0032766920641000043	0.6523519309246004
642	0.0032717023761999987	0.6533238352964005
643	0.0032666750580999963	0.6534930082287006
644	0.0032616944423000008	0.6537747542604004
645	0.0032568176458	0.6539649589386005
646	0.003251938959999995	0.6542129622273006
647	0.0032470061388999976	0.6544862180413007
648	0.0032420148995999966	0.6548862180413009
649	0.0032371926105999997	0.6553292735968008
650	0.0032323142044999994	0.6555771368446008
651	0.0032274177358999983	0.6557160257335009
652	0.003222529144000001	0.6562319348244009
653	0.003217676431599997	0.656254157046601
654	0.0032128291141	0.656444079527301
655	0.0032079315073	0.656444079527301
656	0.003203085822500001	0.656710746194001
657	0.003198310155200005	0.6570112512445011
658	0.0031934890659000023	0.657289029022201
659	0.0031887719332000003	0.6575784229616012
660	0.003183947772	0.6575784229616012
661	0.003179195142199997	0.6580705798243012
662	0.0031744113330999975	0.6581294033538012
663	0.003169755152099999	0.6583794033538012
664	0.0031651556883999974	0.6584265208705011
665	0.0031604032023000014	0.6584265208705011
666	0.0031557031185000008	0.6588515208705011
667	0.0031512385837999964	0.6593432166004011
668	0.0031465282123999956	0.6593432166004011
669	0.003141956463200001	0.659746775444601
670	0.0031374292081000005	0.660162338950901
671	0.003132835592899999	0.6603151167286011
672	0.003128240087399999	0.660438926252401
673	0.0031236075713999994	0.6606389262524008
674	0.0031190479428999996	0.6607652420419009
675	0.003114433965999999	0.6607652420419009
676	0.0031098510496000023	0.6608240655713009
677	0.003105325069799998	0.660846792844101
678	0.0031007516925999996	0.660846792844101
679	0.0030962241545999993	0.661371035268401
680	0.0030916947951999977	0.6614821463795011
681	0.003087215187099999	0.661605402193401
682	0.003082842804	0.6618614627994011
683	0.0030784232289999994	0.662106940835601
684	0.0030740057914000005	0.662529163057801
685	0.0030696414365999976	0.662845075120701
686	0.003065302313000003	0.6635386648643009
687	0.0030608912313	0.664116442642101
688	0.0030564634413000023	0.664263664864301
689	0.0030522414235999978	0.664752091618301
690	0.003047949764500002	0.6647980747049009
691	0.003043639051000002	0.6649632793832009
692	0.003039342720999999	0.6653221177671009
693	0.003034971556199998	0.665464974909901
694	0.003030768008800003	0.665677700332901
695	0.0030265495097999994	0.6661385149568009
696	0.0030223244189999995	0.6663997703681009
697	0.0030180887222999967	0.6667497703681009
698	0.0030139283676999993	0.666938198123901
699	0.0030098448853999975	0.6672009184954011
700	0.0030056081405999964	0.6673715534161011
701	0.003001391489299999	0.6676909978605009
702	0.0029971321879999984	0.667833855003401
703	0.0029929031059000005	0.6681005216700011
704	0.002988700044800003	0.6682942153638011
705	0.0029846711087000016	0.668492471177801
706	0.0029805134372999967	0.6686401984505009
707	0.002976311642399997	0.668783055593301
708	0.0029721355921000004	0.668806311407301
709	0.0029679494853999976	0.668806311407301
710	0.0029641149204999977	0.6689330985092009
711	0.0029600286604999984	0.669080825781901
712	0.0029559301854999998	0.669105825781901
713	0.002951903839299997	0.6695241067604009
714	0.0029477870202	0.6696907734271009
715	0.002943681689399999	0.669833630569901
716	0.002939673260599998	0.670259806528001
717	0.0029357146010000014	0.670448118216301
718	0.0029316489343000005	0.670809229327401
719	0.0029276735168000004	0.6708544529046009
720	0.002923730124400001	0.6712544042454008
721	0.0029196940473999993	0.6713544042454008
722	0.0029157722761000036	0.6715099598009008
723	0.0029118173617000017	0.6716562363966008
724	0.0029078599591000043	0.6717818774223008
725	0.0029039171644000003	0.6719096552001008
726	0.0028999322272000015	0.6720763218667009
727	0.002896033595199991	0.6725162443474009
728	0.002892164335699999	0.6728571534383009
729	0.0028882118368000025	0.6729682645495009
730	0.0028842757442000024	0.6730451876264009
731	0.002880344795400003	0.6732451876264008
732	0.0028765044823999986	0.6735451876264009
733	0.0028725855390000026	0.6735451876264009
734	0.0028687696874000017	0.6738512482324008
735	0.0028648719039000062	0.6738512482324008
736	0.0028609846952000017	0.6738512482324008
737	0.0028572565434999983	0.6740984704546009
738	0.002853426732999999	0.6745373593435009
739	0.002849727587499997	0.674610740470701
740	0.0028459891083000006	0.6747064144382009
741	0.0028421607976999988	0.6748314144382009
742	0.0028383355486999986	0.6748314144382009
743	0.0028346216145999953	0.675043559140901
744	0.0028308455408000005	0.6754463369187009
745	0.002827133388900004	0.6756935591409009
746	0.0028234328532999987	0.6760079530803009
747	0.0028197545977999986	0.676655070596801
748	0.0028160077058999983	0.6769550705968008
749	0.0028124003876999998	0.677671862576701
750	0.002808655514300004	0.677671862576701
751	0.002805015964000001	0.677746705692301
752	0.0028013929968000013	0.677798021481801
753	0.002797733834999998	0.6779116578455009
754	0.0027940562591000006	0.6782260517849009
755	0.0027904373021999996	0.678353257702801
756	0.002786853946499996	0.678525876750401
757	0.0027831895249000043	0.6786167858413009
758	0.002779526074499996	0.678759642984101
759	0.0027759379623000014	0.678782370256801
760	0.002772417824899997	0.6791306260707011
761	0.002768831080999999	0.6791569418602009
762	0.0027652845509000016	0.679490275193501
763	0.0027616890198999978	0.6795115517892011
764	0.0027581045680000007	0.6795328283850011
765	0.002754512418900002	0.6796994950516012
766	0.002750972066999999	0.6797222223243011
767	0.0027474493352999986	0.6798704781383011
768	0.0027438765792000023	0.6798704781383011
769	0.002740385533599998	0.6800211191640011
770	0.0027368580878999985	0.6802548853978011
771	0.0027333498029999993	0.6802819124248012
772	0.0027298388452000025	0.6803051682388012
773	0.002726343594999998	0.6803289777626012
774	0.0027229604184999985	0.6804681426674012
775	0.002719451450900001	0.6804681426674012
776	0.0027161136268999985	0.680693158128601
777	0.002712622477300001	0.680693158128601
778	0.002709194603999997	0.6809669676524011
779	0.0027057688833000016	0.6810773280128011
780	0.0027024615735000033	0.681349809585301
781	0.002699013908800002	0.6814926667282011
782	0.0026956239064000027	0.6816843333949011
783	0.0026922034824999985	0.681775242485801
784	0.0026889457233	0.6820783031046012
785	0.002685574786800002	0.6823810808824012
786	0.0026822429913999986	0.6824298470398013
787	0.0026788745138000003	0.6824548470398012
788	0.0026755674737000035	0.6824983458578011
789	0.0026722174865000028	0.6825233458578013
790	0.0026690052175999948	0.6827008161474014
791	0.0026656989499000004	0.6828149810523013
792	0.002662377116599996	0.6828399810523013
793	0.0026590271665000017	0.6829828381951013
794	0.0026557109232999967	0.6833756953380012
795	0.0026524140101999985	0.6834034731157013
796	0.0026490860118000056	0.6834034731157013
797	0.0026459718129000012	0.6836326681644014
798	0.002642721221800002	0.6837596951914013
799	0.0026394412282000003	0.6839269425781013
800	0.0026361460440999965	0.6839269425781013
801	0.0026329180873999962	0.6840373029384011
802	0.0026297058378999994	0.6844266968778011
803	0.002626543214399998	0.6844707007463012
804	0.0026233436183	0.6846362851619012
805	0.002620088850599996	0.6846362851619012
806	0.0026168682192	0.6846595409758012
807	0.0026136478772000042	0.6846827967897011
808	0.002610456840700001	0.6847077967897011
809	0.0026072340549999993	0.6847077967897011
810	0.0026041680309999995	0.6850552685208011
811	0.0026009700189	0.6854719351875012
812	0.0025978221677	0.6856078392228013
813	0.002594669932099999	0.6860590296989012
814	0.0025915374124999995	0.6863317569716012
815	0.0025884305084000014	0.6864363669007012
816	0.002585311673399998	0.6866280335674012
817	0.0025822033900000023	0.6866536745930013
818	0.0025791041212000028	0.6868708994734011
819	0.0025760108611999955	0.6869143982913012
820	0.0025728880283000014	0.6871303073822012
821	0.0025698274676999987	0.6873725322626011
822	0.0025667049566999982	0.6873725322626011
823	0.002563615032800003	0.687394754484801
824	0.0025605472405000017	0.6874225322626011
825	0.0025574839014000025	0.687448848052001
826	0.0025545316143999993	0.6877226089164012
827	0.002551474110299999	0.6877496359434012
828	0.002548406510299996	0.6878746359434013
829	0.0025453839877	0.6879978917573012
830	0.0025423368607000022	0.6882316579910012
831	0.0025392811651000005	0.6882316579910012
832	0.0025362544002999975	0.6882533971214011
833	0.002533332513	0.6883240330914012
834	0.002530342992100002	0.6885745232875012
835	0.0025273662838	0.6887639172269012
836	0.0025243837985999985	0.6889311646137013
837	0.002521399855300002	0.6893144979471011
838	0.002518427247799998	0.6893422757249013
839	0.0025154956500999955	0.6897405315390014
840	0.002512609074600003	0.6897859860845014
841	0.0025097080988999996	0.6902031429472013
842	0.0025067928268000016	0.6902527145507014
843	0.0025038521381999966	0.6905657487388014
844	0.0025009071820999975	0.6909995149726015
845	0.0024979901038999987	0.6912803465442015
846	0.0024950575892000036	0.6915232036871015
847	0.002492170863800002	0.6915454259093015
848	0.0024892964193999998	0.6916704259093015
849	0.002486406541099997	0.6918085640474015
850	0.0024834985879000028	0.6919085640474015
851	0.0024805836840000022	0.6919085640474015
852	0.0024776756141999994	0.6919085640474015
853	0.002474781200699998	0.6920752307140015
854	0.0024719167806999975	0.6922657069044015
855	0.0024690290253000014	0.6922657069044015
856	0.002466225530300001	0.6923111849406015
857	0.002463351143400003	0.6923111849406015
858	0.0024604834454	0.6923111849406015
859	0.0024576440278000038	0.6927116178409014
860	0.0024548300422999967	0.6928782845076014
861	0.002452038669899999	0.6931969713763013
862	0.0024493033248999996	0.6937452271903014
863	0.0024465059469000027	0.6937702271903013
864	0.002443725675599998	0.6941075287776015
865	0.0024409038203000045	0.6941075287776015
866	0.002438088476600001	0.6941075287776015
867	0.0024353485572000022	0.6944901045352012
868	0.0024326347055000004	0.6948294172596012
869	0.002429842533800002	0.6949544172596012
870	0.002427163415999999	0.6950281781240011
871	0.0024244509050999996	0.6950809559018011
872	0.002421690795000004	0.695330955901801
873	0.0024190010546999994	0.6956575432034011
874	0.0024163160637999982	0.6961418213127012
875	0.0024135642192999983	0.6963418213127012
876	0.002410848514199998	0.6966165539331012
877	0.002408102673900002	0.6966165539331012
878	0.0024054393564999998	0.6968297573965011
879	0.0024028245684000024	0.6970984677560011
880	0.0024001023338000005	0.6972413248988011
881	0.0023975159496000026	0.697554131536501
882	0.0023948097229999988	0.6976652426476011
883	0.002392100663299998	0.6976652426476011
884	0.0023893977254999966	0.6976652426476011
885	0.002386775963199999	0.6978557458483011
886	0.0023840902007999996	0.6980557458483011
887	0.002381411747800001	0.698222412514901
888	0.002378732992699999	0.698222412514901
889	0.0023760602584000016	0.698222412514901
890	0.0023734199495999957	0.6987997934674011
891	0.002370770462099999	0.699166460134001
892	0.0023681231396000006	0.6994775712451011
893	0.0023655242238999974	0.6995638807689012
894	0.0023629235789999984	0.6996804308855012
895	0.0023602863868000014	0.6996804308855012
896	0.0023576550762000018	0.6996804308855012
897	0.0023550804112999995	0.6998720975522011
898	0.0023525064764000018	0.6999998753300012
899	0.0023498925790000004	0.6999998753300012
900	0.0023473226281000015	0.7001125235513012
901	0.002344784118400001	0.7003574730462011
902	0.0023421960327000037	0.7004685841573011
903	0.002339608775500002	0.700593584157301
904	0.002337063818900002	0.700617393681101
905	0.0023345268717	0.700806787620501
906	0.0023320100416999983	0.701117501906201
907	0.0023294756704999985	0.701305907703301
908	0.002327002453399997	0.701353634976101
909	0.002324480289500001	0.7018042156961012
910	0.0023219383474999996	0.7019042156961013
911	0.002319423586999999	0.7020514379183012
912	0.002316891534799999	0.7025014379183011
913	0.0023143566433999983	0.7025014379183011
914	0.0023118941039000007	0.7026921583091011
915	0.002309374964899999	0.7028171583091012
916	0.002306881507499999	0.702839380531401
917	0.0023044396863000013	0.7030108921594012
918	0.0023019392309000064	0.703135892159401
919	0.0022994418431999983	0.703226801250301
920	0.002297071171300002	0.7037063989792011
921	0.0022946161987	0.7038307892231009
922	0.0022921629878999965	0.7040218461337008
923	0.0022896822916000027	0.7040218461337008
924	0.002287206959099997	0.7040218461337008
925	0.002284818520100001	0.7042362400731009
926	0.0022823851630999993	0.704282852539301
927	0.0022799732524000026	0.704307242783201
928	0.002277524815700001	0.7044739094498009
929	0.0022751243751000013	0.7048084332593009
930	0.002272689851799999	0.7049334332593008
931	0.002270263991500001	0.7057012904022009
932	0.0022678880758999977	0.7057452942706007
933	0.0022655206209000003	0.7062880921590008
934	0.0022631090291000007	0.7063790012499007
935	0.0022606911781	0.7063790012499007
936	0.002258328551000003	0.7065040012499009
937	0.0022559833956000024	0.7066641667346009
938	0.0022536171108000027	0.7066868940074008
939	0.0022512332131999994	0.7068524784230009
940	0.0022488611344000007	0.7068747006452009
941	0.0022464771850999993	0.7070413673119008
942	0.0022441095220000025	0.7073191450897007
943	0.002241732287399999	0.7073191450897007
944	0.0022393768638999984	0.7073424009037008
945	0.002237016354700003	0.7075090675704008
946	0.0022346775321000012	0.7075303441661009
947	0.002232324723599999	0.707673201308901
948	0.0022299824158	0.7077565346422009
949	0.0022276350658999976	0.7077565346422009
950	0.002225298176099996	0.7078565346422009
951	0.002222967289100002	0.708023201308901
952	0.0022207072867000007	0.708092320595401
953	0.0022184058430000007	0.708115576409401
954	0.0022161004285000015	0.708138832223401
955	0.0022138041921000015	0.708163222467301
956	0.002211519276499999	0.7083120319911009
957	0.0022092140696000034	0.7084231431022009
958	0.0022069440778999965	0.7085487841278009
959	0.002204714547700004	0.7087944509675009
960	0.0022024603838000025	0.7089590472408008
961	0.0022001795562999987	0.7092423805741008
962	0.0021979023843999995	0.7095923805741008
963	0.0021956267035000013	0.7097352377169008
964	0.0021933514403999987	0.7097352377169008
965	0.0021910958785000003	0.7100019043835006
966	0.0021888300086	0.7100019043835006
967	0.0021866072014000023	0.7102751601975007
968	0.0021843602159000025	0.7103660692884007
969	0.0021821316554999997	0.7103882915106007
970	0.0021798938881999997	0.7106978153201007
971	0.002177673402699999	0.7113085296059006
972	0.0021754353018	0.7113085296059006
973	0.002173226015099999	0.7114673531353005
974	0.002171063268700002	0.7115118855451005
975	0.002168862938699998	0.7115341077673005
976	0.002166649298699999	0.7116591077673005
977	0.0021644422662999993	0.7117360308442005
978	0.0021622313937999975	0.7117360308442005
979	0.0021601020091999994	0.7118820139310005
980	0.0021579582004	0.7119270088754005
981	0.002155804197199997	0.7122592599577006
982	0.0021536452270000013	0.7124271171006005
983	0.0021514637842999975	0.7124493393229006
984	0.002149279556400003	0.7124493393229006
985	0.0021470997606999986	0.7124493393229006
986	0.0021449243804000013	0.7124493393229006
987	0.0021427595458000026	0.7125493393229005
988	0.002140601123599999	0.7128993393229006
989	0.0021384623446	0.7130225951369006
990	0.0021363258229	0.7130458509508006
991	0.0021342423145000013	0.7132372461054006
992	0.002132118355599999	0.7132594683277006
993	0.002129989545899999	0.7134844683277006
994	0.002127901322399997	0.7138144003006006
995	0.002125764876999998	0.7138144003006006
996	0.0021236397501000004	0.7139572574435006
997	0.0021215509714000006	0.7139816476874005
998	0.002119461331600003	0.7143554572112005
999	0.0021173718407	0.7145017338069004
1000	0.002115256583500002	0.7145017338069004
