0	0.425	0.05112902568020006
1	0.2809999999925004	0.07203029013160003
2	0.22416666666609997	0.08970298546149998
3	0.18917499999970003	0.10191473445200001
4	0.1645400000003001	0.11377937107860003
5	0.1483071428559999	0.12490106002279998
6	0.13519183673639998	0.1333208612719999
7	0.12444563492149996	0.140843291624
8	0.11576278659519997	0.1500764118127999
9	0.1089137806644001	0.1593850470281999
10	0.10249737636339991	0.16509169809679985
11	0.09670592833129991	0.17045934527239975
12	0.09173404373000014	0.1761115195500998
13	0.08748161203659985	0.1815796808474998
14	0.08346200457039997	0.1872991464728998
15	0.08028607046030012	0.1925790540327998
16	0.07757970030320001	0.20000155066319977
17	0.07475802104879989	0.20427193674419983
18	0.07212865151370021	0.20940637254869982
19	0.06973412370210007	0.21518560744009985
20	0.06773812647019994	0.2211615589254999
21	0.06573026696820011	0.22649399562659983
22	0.06362786405480006	0.2307752593124999
23	0.06170670305289999	0.23532741453639988
24	0.05996612723839989	0.23945409874749995
25	0.058262301830700004	0.24238549995189998
26	0.05670099964519998	0.24651134085600004
27	0.055189510744399976	0.25059612835629996
28	0.05371745864999997	0.25439695633459986
29	0.05232687669629999	0.2566214991339999
30	0.051165122607299975	0.2610142601933
31	0.04996867464759999	0.2648788884458002
32	0.04880206597070005	0.2688638435223003
33	0.047764190081600086	0.2734724133512001
34	0.046726483060000094	0.2770135918875001
35	0.04578363030369991	0.27956574548420005
36	0.04482859619820011	0.28105495230659994
37	0.04392622423310014	0.28544801566989986
38	0.04305888514880001	0.2882101877814
39	0.04223363253279994	0.2906584137749001
40	0.04136324196400002	0.2931779549747001
41	0.040557804859599915	0.2957646075796001
42	0.03985297218949998	0.2988249521603001
43	0.039120455145100055	0.3014126316130001
44	0.038470918460499985	0.3051555042167
45	0.0377835303139	0.30735162362870005
46	0.03707625661880004	0.3087112205995002
47	0.03643521215759998	0.3113319318986001
48	0.03584388129800001	0.31349252727530014
49	0.035272886024599985	0.3156871775829
50	0.03476187920990003	0.31870159458270014
51	0.034218200110400034	0.32107381209940006
52	0.033674250842800034	0.3237816587608001
53	0.03315536740839993	0.3257211863628001
54	0.03265091917099999	0.32834036099200015
55	0.03215777932459996	0.33005466453750015
56	0.03167406752640004	0.3320931008187002
57	0.03120569523259997	0.3353038734147001
58	0.030731869892400013	0.3375850500456001
59	0.030278961677300018	0.3394593710100001
60	0.02984313523179996	0.3407104871120002
61	0.029432454860300005	0.34329625561020016
62	0.02904042184659995	0.3458167978668001
63	0.0286549344865	0.3474541563529001
64	0.02829450892149998	0.34990694772220016
65	0.02794404937860001	0.35208791755660007
66	0.027584919581600004	0.3527646423211
67	0.027217835298800012	0.3541925065798
68	0.026878446383100003	0.35591275313649984
69	0.026532094332400013	0.3575855422995998
70	0.026206524927500006	0.35942847232449987
71	0.02589296398549994	0.36122728701659984
72	0.02558250871979999	0.3631964615455999
73	0.02527427662070003	0.3650418557732999
74	0.02497991784409999	0.366869651492
75	0.024668493770100015	0.3691015979735999
76	0.024378426751999957	0.37047839186059994
77	0.024098177527799983	0.3714387127455
78	0.023822251231199992	0.37381741588990003
79	0.023564287905300005	0.37571843059790005
80	0.023313418948900013	0.3775579269285
81	0.023058788657299992	0.3790409112608
82	0.022820415415199996	0.3804396395289
83	0.02257899590410001	0.3827919735096
84	0.022332512503699956	0.38409491237409993
85	0.022093815820899983	0.38530917910149987
86	0.021868860777700026	0.3863220779815
87	0.021648185523000022	0.38764259895709996
88	0.02143678269040001	0.38932226244950013
89	0.021222772039999987	0.39020043695600015
90	0.02100938276219999	0.39081890515030004
91	0.0208008890028	0.3925808929756001
92	0.020592208661499984	0.3941644969717002
93	0.02039733073860001	0.39577614995590027
94	0.02021244655600004	0.3972989494318004
95	0.020022840959100015	0.3990850538388004
96	0.0198379852476	0.4006522297579003
97	0.019659263276600003	0.4019442153563002
98	0.01948795758819999	0.40297224541060006
99	0.019325058210100016	0.40482291480920013
100	0.019159541227999993	0.4072912203966002
101	0.018984837940899973	0.40853839107660017
102	0.018820590074900004	0.41027157814920034
103	0.018659219931700027	0.4118057328456003
104	0.018508287558900008	0.4140203887324003
105	0.018351138311600013	0.4147433399692002
106	0.018199535425700023	0.41611595231280024
107	0.018053277411300014	0.4171277136509003
108	0.017909502556500007	0.4184453672374002
109	0.017761021407899997	0.4197050573059001
110	0.017616134473099978	0.4205330242220002
111	0.017473386118600005	0.4213065178336001
112	0.01733241685599999	0.4224093185557
113	0.017194108089400025	0.4231453865463
114	0.017060636083999995	0.4241089810968
115	0.016922477050599998	0.42481847333499995
116	0.01679203721820002	0.4255297970753
117	0.01666169592750001	0.4266561457332
118	0.0165333763527	0.42741604496049995
119	0.0164100610293	0.4284367508104
120	0.01629882762709998	0.43022194031130007
121	0.016180091402199982	0.4321421385103002
122	0.01605942976149999	0.43264600262540015
123	0.015941982746500005	0.4338439531891001
124	0.01582276434519998	0.4343659358183001
125	0.0157156220464	0.4354921724283001
126	0.01559815159790002	0.43637164573270015
127	0.015488040069500001	0.4376442947641001
128	0.015374298554599992	0.43853780125760006
129	0.015270010056900013	0.4393777022828999
130	0.015164779815800014	0.4398187821747999
131	0.015064249187599984	0.4404711030360999
132	0.014963889553199976	0.4413374651017999
133	0.014862500659899996	0.4422778543356997
134	0.0147684756012	0.44374651742309973
135	0.014665787690300006	0.44439995491359974
136	0.0145658258427	0.4449487200373998
137	0.01446340431179999	0.4456308628944997
138	0.014370502122799982	0.44619147986139973
139	0.014277480802900006	0.44695285321049977
140	0.014182515152200004	0.44735543169119973
141	0.014090960948699998	0.4482442075493997
142	0.014000921206700013	0.4490994727140997
143	0.013912169598799987	0.44946196123299986
144	0.013823261862200006	0.45009000433479973
145	0.013737062091899996	0.45120164849089983
146	0.013651150840900005	0.4526042305216999
147	0.013571474555100013	0.4536959528551999
148	0.013484954590800015	0.4541223749472999
149	0.013407284472400003	0.4549742345089999
150	0.0133235049675	0.4560508707794999
151	0.013241913279800005	0.4563881292639999
152	0.013161051951000008	0.45675222627809986
153	0.013079570465399988	0.45770778288299985
154	0.012999239076400004	0.45784855119339984
155	0.012921504283799998	0.4585431280551998
156	0.012841539853799988	0.45913577226729985
157	0.01276603611819999	0.4600359256417999
158	0.012691053185099992	0.4604520613500999
159	0.01262019683549999	0.46177439149579985
160	0.012545759604299997	0.46240719524179985
161	0.012473997171500013	0.4628670335680998
162	0.012403679368099987	0.4635579488140998
163	0.012332260034999997	0.4640180929448998
164	0.0122608414455	0.46455206474339983
165	0.012190984994799977	0.4651705855677999
166	0.012122226603900017	0.4662473475011
167	0.012055424112200005	0.4674065333117998
168	0.011986004618099998	0.4682074712625999
169	0.011918973079599986	0.46912266975909994
170	0.011854303443000007	0.4695741894796
171	0.011788206035099988	0.4698456450613
172	0.011724816630199994	0.470874410499
173	0.011662457255699994	0.47192197256249996
174	0.011600295164199978	0.4723912427326999
175	0.011539038992499999	0.4730153097525998
176	0.011480004240499995	0.4735324226064998
177	0.011418397285400006	0.47397494828639974
178	0.011359697363800002	0.47472871204589967
179	0.011297969148700005	0.47550176399389965
180	0.011241104647300007	0.4764540412900997
181	0.011184444521299991	0.47779971977589963
182	0.011127336602300001	0.4781685661104997
183	0.011072120468200001	0.4793087647103998
184	0.011015467913500002	0.4797087760722997
185	0.010960097535599999	0.48048024985999965
186	0.010905810975700004	0.4808373660164997
187	0.010850306124199993	0.4815376611081997
188	0.010794428705800017	0.4823055182509997
189	0.010741583958000005	0.48302310425799966
190	0.010691398963800005	0.4834503372015997
191	0.010639141838500002	0.48420863797939967
192	0.010590132878300023	0.48523773919239954
193	0.010539245331299997	0.48592924490889955
194	0.010488232979499985	0.4868599105151996
195	0.010436845277400018	0.4872181845942996
196	0.010387301734999996	0.4880651245741996
197	0.010337632353999992	0.48870026792889953
198	0.0102862623416	0.4888063285349995
199	0.010236423070600006	0.4889854938673995
200	0.010189239250099983	0.48969864793949947
201	0.010142626181399985	0.49048500057739935
202	0.010092928128400003	0.4908223021647994
203	0.010045198564999986	0.49149275671029935
204	0.009998470862800004	0.4921313403489994
205	0.009952584567200004	0.4929747479916994
206	0.009905572823899998	0.49329403981099934
207	0.009861124334299991	0.4935167642666994
208	0.009817519043900012	0.49410291741089946
209	0.009774853812100002	0.49484283742699936
210	0.009730047654500012	0.49563011042949945
211	0.009685391349600012	0.4962007772691995
212	0.009641280213500003	0.49687576894439944
213	0.009600313570600013	0.4973807259074995
214	0.0095581372633	0.4986530757797995
215	0.009515657407699997	0.4991498330025995
216	0.009474026044999998	0.4997026756929995
217	0.009433646260199999	0.5004657203925995
218	0.00939432699350001	0.5009940694325995
219	0.009354093625399997	0.5014920415550996
220	0.009314478266799998	0.5022364489916996
221	0.009275086502999994	0.5029828746912995
222	0.009234355013199993	0.5034989316018995
223	0.009193308785900006	0.5038084554112995
224	0.009153786902599999	0.5041826170222995
225	0.009114823322599998	0.5044363585187994
226	0.009076698665900015	0.5049691133655995
227	0.00903796113370001	0.5051402427399995
228	0.008999918015800006	0.5053074364158995
229	0.008963837061100016	0.5056259573355996
230	0.0089273836685	0.5064101423533995
231	0.008889865530999996	0.5071703987636995
232	0.0088539675755	0.5076344261494996
233	0.008818148655099998	0.5083105119200996
234	0.008781327825800002	0.5087127359879995
235	0.008744118809400018	0.5087127359879995
236	0.008708801640500006	0.5093110214742995
237	0.008673405494599997	0.5097391960773995
238	0.008639276879799996	0.5100219477158995
239	0.008605250846900007	0.5105627028941995
240	0.008571687686899995	0.5111781519822994
241	0.008537627894899993	0.5117056411596995
242	0.008503674220400005	0.5117788969735995
243	0.008469592584499983	0.5127172321525995
244	0.00843686453209999	0.5133043032210993
245	0.008404296386599992	0.5138191870982992
246	0.008370646370399996	0.5144196199987993
247	0.008338237850400011	0.5145911316266992
248	0.008305329265700002	0.5153288411392992
249	0.008272474481899996	0.5158310652071993
250	0.008240891865899993	0.5165551852899993
251	0.008209444696099993	0.5169698748687994
252	0.008180061875299993	0.5175314257209994
253	0.00814941627180001	0.5181828089186995
254	0.008119387923200001	0.5189771277482995
255	0.008088264339999993	0.5190784410690994
256	0.008057561657299999	0.5194388789102995
257	0.008029174173099998	0.5200386853143996
258	0.0079996139513	0.5204165510573995
259	0.007971145055100007	0.5211884720948994
260	0.0079420227719	0.5212814878210995
261	0.007912116058600005	0.5215115602848995
262	0.007883256186199993	0.5219930795591995
263	0.007854638935499998	0.5229472732360996
264	0.007825637178500001	0.5236213933189995
265	0.0077980056663999936	0.5242034104660994
266	0.007769917658800003	0.5244459288171994
267	0.007742312543900001	0.5254746084707995
268	0.007714549576599993	0.5264088476010994
269	0.0076871251815	0.5267871523880994
270	0.0076605501615999985	0.5272671811012993
271	0.0076332078543999956	0.5274652022829995
272	0.007606771409899984	0.5278794847874994
273	0.007580469324500002	0.5283250195667992
274	0.007554089753200003	0.5287073897804994
275	0.007527517747799993	0.5291409991298992
276	0.007501368488999995	0.5296069955364991
277	0.007474913756499999	0.5304663748109992
278	0.007448710789599998	0.5312502663580991
279	0.007423061479499997	0.5315462981040991
280	0.007398449490299999	0.5318667274808992
281	0.007372664944699994	0.5322072909871992
282	0.007347645826399999	0.5324061878266992
283	0.007322379220300002	0.5327877386288993
284	0.007297435034699998	0.5329756818911993
285	0.0072728088814000055	0.5330495787307994
286	0.007247831034100003	0.5332375219931994
287	0.007222833159099992	0.5334803791359993
288	0.0071979361111999965	0.5340414902470993
289	0.007174478363499998	0.5347252120807994
290	0.007151447861900001	0.5353104535698995
291	0.007128674776699999	0.5357612734864995
292	0.0071050529601000036	0.5362578260982993
293	0.007081543325100002	0.5363054721561994
294	0.007058603142000005	0.5364267896307994
295	0.00703522288610001	0.5366357639897993
296	0.007013105781300009	0.5371143577263995
297	0.006989706545999998	0.5376738815359995
298	0.0069672883518999956	0.5379120225614995
299	0.006944396284999998	0.5380285726781995
300	0.006922095260299994	0.5382257505003994
301	0.006900824578500007	0.5390167143518995
302	0.0068788963756999996	0.5396770537708995
303	0.006856473345599997	0.5399826093264996
304	0.0068345181240000025	0.5403153889498996
305	0.006812566313500001	0.5409617564713994
306	0.006790565906300003	0.5415173120268995
307	0.006769348691100003	0.5419549617800993
308	0.0067484644858000035	0.5427030137280995
309	0.0067275457781	0.5430750407206993
310	0.006706490928700006	0.5436446188685993
311	0.006686562486599996	0.5444433338010992
312	0.006665738931500001	0.5449031618146992
313	0.0066447126699	0.5449244384104993
314	0.006624170885599994	0.5452807013503993
315	0.006604256516899993	0.5458692743271993
316	0.006584127222600002	0.5462495139706993
317	0.0065643096269000075	0.5463477740438994
318	0.006544838828099995	0.5467474694427995
319	0.006525447343999998	0.5475126154078994
320	0.006505970225800004	0.5478935031288994
321	0.006486486460200005	0.5487146292951995
322	0.006467522449599998	0.5492044697686995
323	0.006448254218400003	0.5498976735455995
324	0.0064301972967999955	0.5505520875938995
325	0.006410941798900008	0.5510037725236996
326	0.006391830617300004	0.5511756901451995
327	0.006373409013500007	0.5519504576946995
328	0.006354515901799996	0.5527102310132994
329	0.006335653457600008	0.5531065985346996
330	0.006317003900700006	0.5535508903540994
331	0.006298419996100002	0.5540197810885995
332	0.006279811517599995	0.5540643134982995
333	0.006261438678300003	0.5543790321129994
334	0.006243263097500006	0.5546823220455994
335	0.006225132361500004	0.5552229650776994
336	0.006207854125400002	0.5553633922293996
337	0.0061903429757000075	0.5556971140632997
338	0.006173635388199999	0.5559999834161996
339	0.006155641513799997	0.5563110945272997
340	0.006138112836499999	0.5568062715724995
341	0.0061204635026999975	0.5574657953820995
342	0.006103755257799996	0.5575917729275995
343	0.006086163448499993	0.5580917729275997
344	0.006069670087600005	0.5589464152722996
345	0.006052327585899999	0.5596210184468998
346	0.006035208684499997	0.5596466594724998
347	0.006018944746599998	0.5601444711780997
348	0.0060024270985000044	0.5609333085245998
349	0.005985847109099993	0.5611378720166997
350	0.005969529945599999	0.5618634746953997
351	0.005953158549699995	0.5624111767993998
352	0.0059370062947	0.5631426703058997
353	0.005920760273299998	0.5633561634186997
354	0.005905142370200003	0.5641939871209998
355	0.005889160752700002	0.5648484804998997
356	0.0058733217503000035	0.5657139661029997
357	0.005857289299499997	0.5660094851229998
358	0.005841058844399994	0.5663761517896998
359	0.0058249337117000045	0.5668678184563999
360	0.005809165466100005	0.5676720266512998
361	0.005793726847499999	0.5682061492315998
362	0.005777993213100003	0.5686363440367999
363	0.005763451836699994	0.5695610856443999
364	0.005747743896700007	0.5698150538983998
365	0.005732486366400001	0.5700997071535998
366	0.005717236728199997	0.5704746489199999
367	0.005701884866799998	0.5706690933644
368	0.005686535144700007	0.5708850024553999
369	0.005671843628199994	0.5716778595981999
370	0.0056567657664	0.5717306373759999
371	0.005641761200000008	0.5718847309432
372	0.005627445858899995	0.5725066479149
373	0.005612891192100005	0.5727943463275998
374	0.005598150430599992	0.5729267340344999
375	0.0055838331543	0.5729968201540999
376	0.0055691271841	0.5734063439637
377	0.0055546592919	0.5735573775553999
378	0.005540544790000005	0.5738905943386
379	0.005526496249600003	0.5745220361693001
380	0.005512609388500003	0.5751533712593001
381	0.005498212649000001	0.5752533712593001
382	0.0054840541850999965	0.5753016270732002
383	0.005470070411700003	0.5760385177188001
384	0.005455896081800004	0.5761385177188001
385	0.005442504699300004	0.5762514758471001
386	0.005428900901499991	0.5765860718067002
387	0.005415703950399995	0.5769201244185003
388	0.0054020652667	0.5771448718932002
389	0.005388338413399995	0.5773413004646002
390	0.005374746705000008	0.5773625770603003
391	0.005361632800499999	0.5777480936828003
392	0.005348493708799993	0.5778235175184003
393	0.0053351501691	0.5783473270422003
394	0.005322257192899994	0.5790703345903002
395	0.005309427789800001	0.5794635930625003
396	0.005296496936599995	0.5796293452689002
397	0.005284064460900005	0.5806108842250002
398	0.005271360039300005	0.5811070241960001
399	0.005258480890200001	0.5816370966598001
400	0.005245807909800008	0.5817774563001001
401	0.005233110476700001	0.5821920525734001
402	0.005220708586599995	0.5823343293439001
403	0.005208507222999993	0.5831072965576001
404	0.005196370423	0.5837489233949001
405	0.005183825656599997	0.5842338440298
406	0.005171233513400001	0.5844805831603
407	0.0051588825198999955	0.5847127260175001
408	0.0051465136161	0.5850633670432
409	0.005134103566600002	0.5851694276493
410	0.005122178765000007	0.5853676599726
411	0.005110428020100009	0.5854850197997
412	0.005098410865400005	0.5856259288904999
413	0.005086206449699998	0.5857537066683001
414	0.005074135888499999	0.5859064844461002
415	0.005062341970199998	0.5862486561633001
416	0.005050465964599999	0.5863027497305001
417	0.005038726088900007	0.5866927018836001
418	0.005027024389800001	0.5869752415661
419	0.005015586897800007	0.5872787032852
420	0.005003808478500006	0.5873019590992002
421	0.004992522521700006	0.5881008788678
422	0.004981277430900003	0.5886921902372999
423	0.004969834350600008	0.588929082415
424	0.004958637723100003	0.5891832793973999
425	0.004947069195100002	0.589640855155
426	0.004935702424100008	0.5897350109991
427	0.004924513524200006	0.5900675935817
428	0.004913538620200001	0.5902945996674
429	0.004902300637600002	0.5903401483217001
430	0.004891141221700003	0.5905512594328001
431	0.004879995552700003	0.5907212543772001
432	0.0048688371052000015	0.5908439816500001
433	0.004858285994699996	0.5912336716303002
434	0.004847349514499996	0.5914843776637001
435	0.004836887797199999	0.5921660792955
436	0.0048260388358	0.5925347661642
437	0.004815660165800005	0.5928791938681999
438	0.004804783738900001	0.5930024496820999
439	0.004794317291500001	0.5933547443681
440	0.004783963980500006	0.5936542612762998
441	0.0047735695274	0.5938716353272998
442	0.004762915993899998	0.5940222763528997
443	0.004752456952000001	0.5942338776600998
444	0.004741933467400004	0.5948113814571997
445	0.004731481906200001	0.5951780481238997
446	0.004720966846799999	0.5952024383677998
447	0.004710563200999997	0.5952251656404998
448	0.0047003738728999996	0.5956234214544999
449	0.0046901109109999985	0.5957490624801999
450	0.004679799850300003	0.5957708016105998
451	0.004669612361099999	0.5958157965550999
452	0.0046594062756000025	0.5962630187772998
453	0.004649540225500005	0.5966491298883999
454	0.004639827529800004	0.5969195844338997
455	0.004629906796199999	0.5969677842015998
456	0.004619813932999997	0.5970677842015998
457	0.004609826895900003	0.5970927842015998
458	0.004600299946199992	0.5977034965884997
459	0.004591251854300004	0.5982086457062997
460	0.004581381732299993	0.5987542806267999
461	0.004571685044599999	0.5990368563842998
462	0.004561904090099997	0.5992252621814999
463	0.004552248520899999	0.5992717738093998
464	0.004542583343599998	0.5994061407344998
465	0.004532931808399997	0.5998546255831
466	0.004523358004700004	0.6001490700274998
467	0.004513947844700003	0.6005971489859999
468	0.004504382197900009	0.6009999267637999
469	0.004494988132800002	0.6015857663629
470	0.004485606567900001	0.6016120821523999
471	0.004476295768700003	0.6020938281841999
472	0.004466894585399997	0.6021443332347
473	0.004457679508199998	0.6022919256199
474	0.004448330299999993	0.6025169256198999
475	0.0044391568348999995	0.6027438486967999
476	0.0044300828762000016	0.6030922364203
477	0.0044212211018	0.6035493500432999
478	0.0044122215118999955	0.6037637439827
479	0.004403198302500005	0.6043655754845001
480	0.004394087173699999	0.6046195437386
481	0.0043850953794000004	0.6050772673159001
482	0.004376140560399995	0.6051010768397
483	0.004367294908000005	0.6052478159702
484	0.0043585362410999955	0.6056595681068001
485	0.004350037044500008	0.6062959993833004
486	0.004341420311500001	0.6071075225092004
487	0.004332850820799999	0.6073635831152003
488	0.0043242364199000015	0.6078198460552003
489	0.004315536140499998	0.6079542129802001
490	0.004307065606300008	0.6080264352024002
491	0.004298430969099996	0.6083609590118002
492	0.004289773634399995	0.6083842148258002
493	0.004281490648799997	0.6086793478790001
494	0.004273142574599995	0.6089321256568001
495	0.004264892461700003	0.6092008506200001
496	0.004256436437799999	0.6093369617311001
497	0.004248090581399999	0.6093897395088
498	0.004239697615100001	0.6094147395088
499	0.004231349955699997	0.6096031453059001
500	0.004223552254500001	0.6099578365481999
501	0.004215748688500004	0.6102794606604
502	0.004207667268999998	0.6105414044691999
503	0.004199346226700005	0.6108509282785999
504	0.0041912576661	0.6109983084346999
505	0.004183083694499998	0.6111877023741997
506	0.004174972810099992	0.6113778178143997
507	0.004166758226200001	0.6115206749572998
508	0.0041587492664	0.6117456749572998
509	0.004150675434600001	0.6119262305127997
510	0.004142552782100005	0.6119262305127997
511	0.0041345189682	0.6123290082905999
512	0.004126493609200005	0.6124059313674999
513	0.004118729850499998	0.6126054482757
514	0.0041113005435000054	0.6131007254177999
515	0.004103587805600001	0.6138840587512001
516	0.004096188200199998	0.6141056931760001
517	0.004088418128000001	0.6142950871154
518	0.004080863001100005	0.6147956376154
519	0.00407311854	0.6149484153931001
520	0.004065495534799997	0.6153705210652
521	0.004057769498899995	0.6159816321762
522	0.004050109377499997	0.6160642652295
523	0.004042598264500003	0.6164352483161999
524	0.0040351370769999995	0.6166007290104999
525	0.004027563117900003	0.6171020448
526	0.004020114748699999	0.6174976204660999
527	0.004012780150899992	0.6177292167176998
528	0.0040055726282000005	0.6181500280652998
529	0.003998192606999998	0.6184357107798997
530	0.003990854210800003	0.6185940441131997
531	0.003983687634999996	0.6188034887605998
532	0.003976403276000003	0.6189096924460998
533	0.003968981329100001	0.6190525495889999
534	0.0039615766226	0.6191358829222998
535	0.003954369756599998	0.6194263591127998
536	0.003947213618400004	0.6197458653567
537	0.003939949208799999	0.6203296315903999
538	0.003932697878199999	0.6209212982571
539	0.003925428794199995	0.6211212982570998
540	0.003918220665299997	0.6215106921964999
541	0.003911174957399998	0.6216833382542999
542	0.0039040194534000028	0.6217065940681998
543	0.003897041947000002	0.6217581813697999
544	0.0038900997685999985	0.6221761638258999
545	0.0038831022756999965	0.6225615173612
546	0.0038760600816000017	0.6229531840279
547	0.0038692661863000007	0.6232734491333999
548	0.003862426985000001	0.6234676220657
549	0.0038557112715000025	0.6237088265976001
550	0.0038488648500999974	0.6242214748189
551	0.003842010202999998	0.6242427514146
552	0.0038351801349000066	0.6242955291924
553	0.0038285306218999956	0.6245649955954999
554	0.0038216323698000007	0.6245649955954999
555	0.0038147589316000026	0.6245649955954999
556	0.0038079133889999998	0.6247078527384
557	0.003801185348300002	0.6247916762678001
558	0.0037944716260000007	0.6250833429345001
559	0.003787886767299995	0.6251333429345
560	0.0037813472494999936	0.6256262000774
561	0.0037747073701000023	0.6257590503188999
562	0.0037680720235000013	0.6260469935812998
563	0.0037615448132000007	0.6262601718758999
564	0.0037551186121999986	0.6265067086724999
565	0.0037485402152999973	0.6266289308947001
566	0.0037420563415000033	0.6270289308946999
567	0.0037357095583999992	0.6273496911285998
568	0.0037292150767	0.6276746911285999
569	0.0037230228578000006	0.6278770405098999
570	0.003716570035500001	0.6279020405098998
571	0.0037101793218000017	0.6281214849543998
572	0.0037038776195999984	0.6285103738432999
573	0.003697585452399999	0.6288103738432997
574	0.003691459819499998	0.6292837002754998
575	0.0036852977617999995	0.6297769542436998
576	0.0036790546899000023	0.6301630653547998
577	0.0036728748058	0.6305098044851999
578	0.0036667576367000044	0.6308997312253
579	0.003660515763200005	0.6310123794465998
580	0.003654481552799999	0.6311894064735999
581	0.0036483025806000003	0.6314677649715998
582	0.0036420447693999995	0.6314677649715998
583	0.0036358083934999994	0.6314677649715998
584	0.0036296954315999984	0.6316338779283999
585	0.003623574091399999	0.6320720092415
586	0.0036175430190999998	0.6323249854319
587	0.0036114744673	0.6324520124589998
588	0.0036056940006000027	0.6328719132946998
589	0.003599717444600001	0.6332099399021999
590	0.003593700865599995	0.6334355809278
591	0.0035878810964000063	0.6336568886896998
592	0.003582018079100002	0.6337289106610999
593	0.0035761207276000006	0.6341622439944999
594	0.0035701414593999987	0.6342531530853999
595	0.0035642777625999995	0.6343072466526999
596	0.0035583242526999992	0.6344739133194
597	0.0035525776723999993	0.6347073964059999
598	0.0035466718659999947	0.6350169202154999
599	0.003541129577199999	0.6352582709701998
600	0.0035353231969000045	0.6353845867596999
601	0.003529469851299996	0.6354845867597
602	0.003523751202899999	0.6355318089819999
603	0.0035180649551000026	0.6362407833411
604	0.0035122554280999983	0.6364407833411
605	0.0035065683679999984	0.6365885106138
606	0.003500815870100001	0.6366885106137999
607	0.003495206489299996	0.6370151852311
608	0.003489644896699995	0.6370642282932001
609	0.0034840636864000023	0.6374647333437001
610	0.003478479121599998	0.6376135428676001
611	0.0034728992901000024	0.6376373523914001
612	0.003467265759399999	0.6378913206454001
613	0.003461740564399997	0.6381867751908
614	0.0034562410601999987	0.6385140968887001
615	0.003450638172399997	0.6386050059796002
616	0.0034451294865000008	0.6388563217690003
617	0.0034396332672000022	0.6388813217690003
618	0.003434076509300002	0.6388813217690003
619	0.0034286519556999987	0.6392993042251003
620	0.0034232110328999994	0.6393256200146002
621	0.0034179190873999997	0.6395630444465003
622	0.003412579485199996	0.6398376836962002
623	0.0034073208655999976	0.6400897038982002
624	0.003401981611799998	0.6405924816760004
625	0.003396628663900004	0.6408152089487003
626	0.003391246945800003	0.6409921320256003
627	0.0033859329482000024	0.6411177730513004
628	0.003380572615699999	0.6414272968608004
629	0.003375302217699997	0.6418479317814003
630	0.0033700859881999985	0.6424943477688003
631	0.003364826063199999	0.6427999033244005
632	0.0033596623796000014	0.6429421282047004
633	0.003354383101100001	0.6432532393159005
634	0.0033491204156000007	0.6435210964588005
635	0.003343950768200001	0.6437382681760004
636	0.003338743069100002	0.6439493792871006
637	0.003333863144399997	0.6440664814357006
638	0.003328724078399996	0.6442865669057006
639	0.0033235351343000007	0.6444115669057007
640	0.0033184328321	0.6445184453551006
641	0.003313314805200003	0.6446315766682006
642	0.003308318876700003	0.6454268508384007
643	0.0033034826648	0.6457882486511008
644	0.0032984449841000013	0.6459538330666008
645	0.0032934060262000053	0.6461051488560008
646	0.003288439780699999	0.6462400618153009
647	0.0032834744093	0.6464466509627008
648	0.003278415125999998	0.6464466509627008
649	0.0032734564866	0.6466522065183009
650	0.0032685270883000017	0.646888958655001
651	0.0032635304510000005	0.6470000697661009
652	0.0032585748480999975	0.6473778475439009
653	0.0032536623522999996	0.6474034885695008
654	0.003248860167299996	0.6477605827675009
655	0.0032439586802000026	0.6480082018151009
656	0.003239127555700002	0.6484421158686009
657	0.0032342809734999993	0.6485759542524009
658	0.0032294466835999986	0.6487148431413009
659	0.0032246681949000024	0.6487696479461009
660	0.0032198034354000015	0.6488696479461009
661	0.0032149647468000023	0.6491613146127009
662	0.003210115629299999	0.6491613146127009
663	0.003205394352000002	0.6493779812794007
664	0.0032006442052999982	0.6497729159200009
665	0.003195838432599992	0.6497729159200009
666	0.0031910964493000018	0.6503090270311007
667	0.0031864603318999983	0.6504525052920007
668	0.003181855713600001	0.6504979598374008
669	0.0031772623775000015	0.6506348520150007
670	0.0031726248440000025	0.6507861678044007
671	0.003168054033199998	0.6509461757552005
672	0.0031633863548000012	0.6509699852790005
673	0.0031587698349000025	0.6511593792183006
674	0.0031541909843000046	0.6515285521507006
675	0.0031496102404000017	0.6518768079647007
676	0.003145077759399999	0.6520634312306006
677	0.0031405215454999996	0.6523639362812006
678	0.0031359937906	0.6526634531893006
679	0.0031315526333999966	0.6530011029426006
680	0.0031270209186	0.6534594362759006
681	0.003122622615799999	0.6535271365342006
682	0.0031180613969000012	0.6536938032008006
683	0.003113526306000002	0.6539188032008006
684	0.0031089916510999988	0.6541188032008006
685	0.003104525372299996	0.6542701189903006
686	0.0031000339157000027	0.6546645634347006
687	0.0030955765709999978	0.6551673412125005
688	0.0030910963384000044	0.6553832503034006
689	0.003086681506600001	0.6554059775761005
690	0.003082214530700005	0.6554059775761005
691	0.003077806336199998	0.6554322933656006
692	0.0030733733748999977	0.6555572933656005
693	0.0030689676917999985	0.6557910595993006
694	0.0030646904191999986	0.6560347532930005
695	0.0030603716438999994	0.6563201068284006
696	0.0030560260903000013	0.6566220299053007
697	0.0030517380103000013	0.6569748076830005
698	0.0030473844101	0.6571414743497005
699	0.0030431023297999966	0.6573642016225005
700	0.0030387693697999977	0.6574892016225006
701	0.0030344406386	0.6574892016225006
702	0.003030124223200002	0.6574892016225006
703	0.003025824097199998	0.6575892016225005
704	0.0030215783571999966	0.6576124574364005
705	0.0030173706284999957	0.6576351847091005
706	0.003013112764399997	0.6577601847091005
707	0.003008914729400002	0.6579079119819005
708	0.003004734411800002	0.6582023564262006
709	0.003000591533399999	0.6584384675373005
710	0.0029964720366000013	0.6585195132889005
711	0.002992281237100002	0.6588111799556006
712	0.002988243599100003	0.6590456174989004
713	0.0029840897263000016	0.6594551413084005
714	0.0029799337520999983	0.6597884746417005
715	0.0029758906574999964	0.6598344577285007
716	0.002971746010700002	0.6599773148714007
717	0.0029676787593999987	0.6601250421441006
718	0.0029635551153	0.6602917088107005
719	0.0029594390647000013	0.6602917088107005
720	0.0029553978280999985	0.6605861532550006
721	0.0029513293815000073	0.6607972643661006
722	0.0029473065444000053	0.6609250421438005
723	0.0029433042639999975	0.6609463187395005
724	0.0029393357286999996	0.6611957650295006
725	0.0029353666311999994	0.6614440208435006
726	0.002931361110100002	0.6618646557641006
727	0.0029274419169999983	0.6620001571192007
728	0.0029235201757999976	0.6622410662101007
729	0.002919571572800004	0.6623778183469008
730	0.002915732742799998	0.6625577641464007
731	0.0029117662777999992	0.6626486732373007
732	0.002907816182000001	0.6629026414913006
733	0.002903915750899999	0.6629276414913006
734	0.002899972240500002	0.6631276414913005
735	0.0028960763034999964	0.6633493806217006
736	0.002892157789400001	0.6634493806217006
737	0.002888337890000003	0.6636254142134006
738	0.0028844440766999987	0.6637365253245007
739	0.0028805972431000006	0.6637628411140007
740	0.0028768734853000005	0.6638351399901008
741	0.002873036203799998	0.6638568791206008
742	0.0028692182409000007	0.6641513235651009
743	0.002865574654500001	0.6642849191362008
744	0.002861742640199998	0.6643618422131009
745	0.0028580106035999966	0.6645078252997008
746	0.002854218623	0.6648994919663008
747	0.0028505206266000002	0.6651874352288009
748	0.002846741560899997	0.6653874352288007
749	0.0028429725373999948	0.6657033443197007
750	0.0028391958087	0.6657942534106007
751	0.002835508580600001	0.6658458407121008
752	0.0028318063710999985	0.666134656501601
753	0.0028280682257000016	0.6662590467455008
754	0.0028243434650000016	0.666484046745501
755	0.0028207333693000035	0.6665312689677009
756	0.002817116964599998	0.6665767235131009
757	0.0028134543316	0.666865857251601
758	0.002809754475099993	0.6672587143944009
759	0.002806069534299999	0.6673420477277009
760	0.0028024322008999994	0.6676105458962008
761	0.0027988714245000008	0.6677757505746009
762	0.0027952426370000025	0.6679277776016009
763	0.0027916506684000043	0.668217700082101
764	0.002788056061700001	0.6682454778599011
765	0.0027844741708999967	0.668268205132601
766	0.0027809388931999985	0.668488290602801
767	0.002777422858600003	0.6688194829247011
768	0.0027738212600000012	0.668986149591401
769	0.0027702896397999986	0.669305594035801
770	0.002766711648099999	0.6693965031267011
771	0.002763127824600003	0.6693965031267011
772	0.002759630157499999	0.6695414980711011
773	0.0027562397866999966	0.669725455586501
774	0.002752699977099998	0.669816364677401
775	0.002749243900999996	0.6700126406237009
776	0.002745720509000001	0.6700714641531009
777	0.002742217706500002	0.6700947199671009
778	0.0027387534849999994	0.670203053300401
779	0.0027352898683999974	0.6702308310782009
780	0.0027317924877000017	0.6703974977449009
781	0.0027283889714000017	0.6704458660433008
782	0.002724935390500003	0.6710470565195009
783	0.002721518199600002	0.6712387231861009
784	0.0027181355769999986	0.671686450458801
785	0.0027147032560000004	0.6720551373276009
786	0.0027113505740000003	0.6723125214974011
787	0.002707982151799999	0.672360248770201
788	0.0027046285921000007	0.6726991376590009
789	0.0027013890447999973	0.672972898523501
790	0.0026981111673000015	0.673145758884001
791	0.002694718788300001	0.673236667974901
792	0.0026913317750000016	0.673347779086001
793	0.0026879786239999985	0.6733727790860009
794	0.0026846496674999987	0.673772779086001
795	0.0026813179740000016	0.6738005568638009
796	0.0026780354702999995	0.673853334641601
797	0.002674770503699999	0.674048218811501
798	0.0026715542683000016	0.6741207944927009
799	0.0026682897324000025	0.674232980179401
800	0.002664961649399998	0.6743996468460012
801	0.0026616977596000046	0.6745100072063009
802	0.0026583861645000048	0.6747100072063009
803	0.0026550797125000003	0.6747100072063009
804	0.0026518739532000023	0.6747540110748008
805	0.0026486068480000013	0.6747762332970009
806	0.002645404553999998	0.6750893646101008
807	0.002642155016899997	0.6751171423878007
808	0.0026390447211999965	0.6751911854500007
809	0.002635809474999999	0.6752134076722007
810	0.0026326596254000008	0.6752622171960008
811	0.0026294583328999995	0.6753672896597007
812	0.0026262452217000014	0.6753890287901008
813	0.0026230565593	0.6755348621234006
814	0.002619883195800002	0.6755575893961007
815	0.0026166800546999977	0.6757242560627007
816	0.0026135176650000005	0.6757492560627006
817	0.0026103301171000017	0.6759159227293007
818	0.002607178638799999	0.6759422385188006
819	0.002603999152199995	0.6759422385188006
820	0.002600874829400004	0.6759672385188007
821	0.0025977831791000046	0.6763685543084007
822	0.002594688632399999	0.6767135038033008
823	0.0025915397375	0.6767135038033008
824	0.0025884336958999993	0.6767352429337008
825	0.0025853365977000025	0.6767615587231007
826	0.0025823097421000013	0.676937063773601
827	0.0025791910077999987	0.676937063773601
828	0.002576108867999998	0.6769603195876008
829	0.002573045717199997	0.6772335754015009
830	0.0025699725334999974	0.6772557976238008
831	0.002566987511800002	0.6778331348257008
832	0.0025639145320000005	0.6779759919685009
833	0.002560850344499999	0.6781188491114009
834	0.0025578192715000002	0.678202672640801
835	0.0025548096994000035	0.678336511024601
836	0.0025518628588999982	0.6783847668386012
837	0.002548928619300001	0.6786164684703011
838	0.002545941642699999	0.6789359129148012
839	0.002542922084500004	0.6790192462482013
840	0.002539936526000003	0.6793905228439013
841	0.0025369439248000025	0.6796715685955013
842	0.002534066615899999	0.6797467812245012
843	0.0025311202559000013	0.6797711714684013
844	0.0025281248472999998	0.6797711714684013
845	0.0025251881551000004	0.6797938987411012
846	0.0025222221381999963	0.6799938987411013
847	0.0025192478201000014	0.6799938987411013
848	0.0025162874346000013	0.6801605654077012
849	0.0025133962205000004	0.6805530618003013
850	0.0025104468951000045	0.6807530618003014
851	0.0025075003612000024	0.6807530618003014
852	0.002504566230600001	0.6808959189431013
853	0.002501658133500004	0.6813304427526012
854	0.002498784136100002	0.6816167522764012
855	0.002495909981500004	0.6816423933021012
856	0.0024930710398999986	0.6817890057683011
857	0.0024901775742000006	0.6820429740222012
858	0.0024873490392000003	0.6824354704147013
859	0.0024845594107000013	0.6827737596616011
860	0.002481718206500002	0.6827970154756012
861	0.0024788418742000004	0.6829636821422013
862	0.0024759748829999997	0.6831303488089013
863	0.0024731466377	0.6831553488089013
864	0.002470291512799999	0.6832462578998013
865	0.0024674922547000045	0.6833830100366013
866	0.0024646462439999977	0.6833830100366013
867	0.0024618240247000008	0.6834062658506014
868	0.002458995053600001	0.6835312658506013
869	0.0024561765409999996	0.6836221749416014
870	0.0024533644904000036	0.6837471749416014
871	0.0024505812123000003	0.6837721749416014
872	0.002447834420099999	0.6839632878984013
873	0.0024450336940000017	0.6839632878984013
874	0.0024422432837999993	0.6841299545651014
875	0.002439545149600001	0.6846077323429013
876	0.0024367660518999955	0.6847077323429013
877	0.002433998466099998	0.6848743990096013
878	0.0024312488043999993	0.6852493990097014
879	0.002428527298900002	0.6852721262825014
880	0.002425809346899999	0.6852971262825014
881	0.002423119346800004	0.6854198535552014
882	0.002420375155699999	0.6854198535552014
883	0.0024176371756999986	0.6854198535552014
884	0.002414966599099999	0.6856339003779014
885	0.0024122510828999983	0.6858767575208014
886	0.002409531519300001	0.6858767575208014
887	0.0024068231509000028	0.6860017575208013
888	0.0024041752160000006	0.6864124718065013
889	0.002401516772599999	0.6865601990792013
890	0.002398823984	0.6867268657458013
891	0.0023961560613000015	0.6871935324124014
892	0.002393472795400001	0.6871935324124014
893	0.002390795533	0.6871935324124014
894	0.0023881242531000003	0.6871935324124014
895	0.0023854651565999984	0.6875185324124015
896	0.0023828566749	0.6877509201193014
897	0.0023802465135000003	0.6881069807254014
898	0.0023776099763999957	0.6882069807254014
899	0.002374976819899999	0.6883069807254014
900	0.0023723618036	0.6883292029476014
901	0.0023697415140000013	0.6886903140587015
902	0.002367150289599996	0.6889741375881014
903	0.0023645317603	0.6889741375881014
904	0.002361947069100002	0.6891069878297015
905	0.0023593510155999974	0.6892180989408014
906	0.0023568238167000015	0.6893893755365014
907	0.002354303313900004	0.6896391298363015
908	0.002351713320399998	0.6896391298363015
909	0.0023491519387999994	0.6900063772230014
910	0.002346593749400001	0.6903063772230014
911	0.0023440291360999972	0.6904313772230014
912	0.002341477321000001	0.6906230438897014
913	0.0023389346624999975	0.6908063772230014
914	0.0023364333329000007	0.6909200135867013
915	0.0023338921662000005	0.6910311246978014
916	0.0023313470281000033	0.6910311246978014
917	0.0023288572165999963	0.6911561246978014
918	0.002326336106100001	0.6911817657235013
919	0.002323815742500001	0.6913246228664014
920	0.0023213338149999994	0.6916162895330012
921	0.0023188290234999963	0.6919274006441012
922	0.0023163179237999996	0.6920385117552011
923	0.002313836825799999	0.6920641527808012
924	0.0023113540598000007	0.692264152780801
925	0.0023089057601000007	0.692889152780801
926	0.0023064533907000036	0.6929141527808009
927	0.002303992348899999	0.693136375003101
928	0.0023015169015000014	0.693279232145901
929	0.002299042150499998	0.693279232145901
930	0.002296581938900004	0.693404232145901
931	0.0022941177936999994	0.693404232145901
932	0.0022916623755000003	0.693570898812601
933	0.0022892557242999993	0.6937764614725012
934	0.0022868244615999985	0.6939673705634011
935	0.0022843812743000035	0.6939673705634011
936	0.002282024081799999	0.6942161510512012
937	0.0022795912218000003	0.6942161510512012
938	0.0022771635425999997	0.6942161510512012
939	0.002274744417800002	0.6943411510512011
940	0.002272327050300001	0.6943411510512011
941	0.002269944081700002	0.6944553159560013
942	0.0022675470397000006	0.6945553159560012
943	0.0022651449789999976	0.6945553159560012
944	0.002262747998700002	0.6945553159560012
945	0.0022603717141999958	0.6945785717699012
946	0.0022580405325999977	0.6948262990426013
947	0.0022556697497999978	0.6950802672965012
948	0.002253309496700001	0.6951035231105012
949	0.002250945339899995	0.6952035231105013
950	0.0022486270160999976	0.6952524199500012
951	0.002246287056100001	0.6956349957076012
952	0.0022439970815999986	0.6956833640059013
953	0.002241644883100001	0.6956833640059013
954	0.0022393249938	0.6959051031363013
955	0.0022370044660000015	0.6961712160931013
956	0.0022347127571999974	0.6963432814309014
957	0.0022323844252	0.6964432814309014
958	0.0022300707221999997	0.6967543925420012
959	0.002227758570199995	0.6970460592086012
960	0.0022254739362	0.6970677983391012
961	0.0022232469083000033	0.6972132528847014
962	0.0022209382418000036	0.6972132528847014
963	0.002218635437200002	0.6974632528847013
964	0.0022163749516	0.6975865086987012
965	0.0022140827096999998	0.6977531753653013
966	0.002211793067999998	0.6977531753653013
967	0.0022095497373000026	0.6978020722050013
968	0.0022072694999999993	0.6978020722050013
969	0.002204993963199997	0.6978020722050013
970	0.0022027803302000016	0.6982076348649012
971	0.0022005193817000016	0.6983504920078012
972	0.0021982694075000017	0.6986171586745012
973	0.002196084060999999	0.6986671899441013
974	0.002193902075899998	0.6988117223539011
975	0.0021916793949999986	0.6989778353107011
976	0.002189442399200002	0.6991206924535012
977	0.0021872475725	0.6992898653859013
978	0.0021850561410000015	0.6996042593253012
979	0.002182953391699997	0.6997002736815012
980	0.0021807281596999957	0.6997002736815012
981	0.0021785219640000015	0.6999431308244012
982	0.002176357456500003	0.6999898699549012
983	0.0021741818239999983	0.7000125972277013
984	0.0021719745323000006	0.7000125972277013
985	0.002169771716599998	0.7000125972277013
986	0.002167595927800001	0.7000358530417012
987	0.0021654224723999978	0.7000591088557012
988	0.002163232966300001	0.7000591088557012
989	0.002161089669899999	0.7003580056953012
990	0.0021589089555000005	0.7003580056953012
991	0.0021567712134999977	0.7003843214848011
992	0.0021546620494999995	0.700721843041801
993	0.0021525307818999985	0.700843582172201
994	0.0021505006323000006	0.7011017760639011
995	0.0021483414932999996	0.7011017760639011
996	0.0021462248803000026	0.701124503336601
997	0.0021441154751000013	0.701274503336601
998	0.002142085330800002	0.701491125603301
999	0.0021399722173000017	0.7015149351271011
1000	0.0021378343806000037	0.7015149351271011
