0.000251 0.0271689793
0.000414 0.0495157987
0.0005333333 0.067550755
0.0006390833 0.08462083
0.0007250833 0.0994773499
0.00080775 0.1124681059
0.0008741786 0.123541614
0.0009340536 0.1333778376
0.0009861647 0.1422712255
0.0010358647 0.1501846353
0.0010786829 0.1575352083
0.0011155162 0.164585846
0.0011484393 0.1712502323
0.0011813678 0.1792326678
0.0012153012 0.1867023786
0.0012469887 0.1933710276
0.0012746946 0.1995266445
0.001300639 0.2053786378
0.0013249548 0.209926062
0.0013563048 0.2148491924
0.0013814477 0.220045087
0.0014029931 0.224694752
0.0014268192 0.2290937302
0.0014495692 0.2336278697
0.0014686892 0.2392403443
0.0014908815 0.2456600094
0.0015077704 0.2496822587
0.0015219132 0.2528867271
0.0015372581 0.2573102833
0.0015519247 0.2603526149
0.0015623441 0.2633127626
0.0015739691 0.2662380498
0.0015854842 0.269077997
0.0015981019 0.2729274309
0.0016092448 0.2756947742
0.0016208836 0.2795822437
0.0016297485 0.2823036726
0.0016419064 0.286120036
0.0016528038 0.2890219737
0.0016628538 0.2915427442
0.0016730002 0.2943886464
0.0016822621 0.2981981996
0.0016905644 0.3013365736
0.0016977008 0.3045105253
0.0017061674 0.3081747311
0.001714124 0.3120742855
0.0017218048 0.3143791322
0.0017297215 0.3176002013
0.0017385174 0.3206427158
0.0017459774 0.3234665369
0.0017518401 0.325153922
0.0017580901 0.3281779469
0.0017650713 0.3296776757
0.0017708305 0.3321046948
0.0017771942 0.3340550256
0.0017830513 0.3360644693
0.0017883145 0.3376110441
0.0017926248 0.3393473397
0.0017983875 0.3415542965
0.0018019542 0.3435949127
0.0018054788 0.3457122501
0.0018101078 0.3484122078
0.0018154253 0.3507984186
0.0018200034 0.3530530731
0.0018236957 0.3546348871
0.0018259078 0.3564428566
0.0018295944 0.3581072348
0.0018333297 0.3602484433
0.0018386775 0.3631121549
0.0018426061 0.3649645877
0.0018453807 0.3666113054
0.0018485196 0.3682960216
0.001851958 0.3698819474
0.0018546607 0.3710324593
0.0018583007 0.3732452525
0.0018608533 0.374372266
0.0018640481 0.3763536897
0.0018678558 0.3781208966
0.001871552 0.3792729822
0.0018752145 0.3809152082
0.0018787824 0.3823505133
0.0018814288 0.3836273998
0.0018846697 0.3854081062
0.0018883483 0.3872532399
0.0018909483 0.3881822376
0.0018935878 0.3896580117
0.0018960361 0.3903626461
0.0018987179 0.3918904582
0.0019003921 0.3932502525
0.0019033032 0.3946534322
0.001905534 0.396315213
0.0019075448 0.3977548324
0.0019103405 0.3994302542
0.0019127554 0.4015411696
0.0019155238 0.4031651464
0.0019174405 0.4048188525
0.0019213065 0.4064635066
0.0019230616 0.4085257892
0.0019250212 0.4100496017
0.0019268012 0.4117907768
0.0019289893 0.4134707757
0.0019296462 0.4148198002
0.0019325297 0.4167083066
0.0019349431 0.4177489929
0.0019370003 0.4197528278
0.0019388588 0.4208629333
0.0019409429 0.4219121068
0.0019433318 0.4228546906
0.001945396 0.4242098289
0.0019478869 0.4259852849
0.0019500491 0.4272261753
0.0019514776 0.4292522421
0.0019529732 0.4306434048
0.0019547802 0.431883689
0.0019576411 0.4330231591
0.0019591411 0.4342329039
0.0019612095 0.4356815801
0.0019624976 0.4367864773
0.0019637329 0.4370897576
0.0019657996 0.4376617167
0.0019678987 0.4395851969
0.0019692184 0.4404476994
0.0019712021 0.4408951123
0.0019722586 0.4418581783
0.0019739866 0.4425043505
0.0019755898 0.4431670429
0.0019781252 0.4437347324
0.0019798205 0.4444162778
0.0019815725 0.4455732825
0.0019832571 0.4470156166
0.0019845853 0.4479537934
0.0019862065 0.4495254543
0.0019875524 0.4505278129
0.0019893285 0.4510455763
0.0019910841 0.453194601
0.0019927899 0.4543977444
0.001994133 0.4553038056
0.0019953649 0.4563602598
0.0019960268 0.4567868865
0.0019970125 0.4574996488
0.0019984451 0.458213356
0.0020006423 0.4595552414
0.0020025863 0.4604710483
0.0020037252 0.461333924
0.0020046632 0.4626337321
0.0020058755 0.4639342913
0.0020066986 0.4645541311
0.0020075702 0.4650105946
0.0020087246 0.46565101
0.0020097246 0.4663228637
0.0020106716 0.4668619728
0.0020117177 0.4675309536
0.0020125281 0.4685548817
0.0020135281 0.4692295445
0.0020142056 0.4696783007
0.0020155389 0.4705948318
0.0020163797 0.471211742
0.002017386 0.4716576576
0.0020180778 0.472584595
0.0020194966 0.4733387457
0.00202095 0.4739682999
0.0020225487 0.4743511242
0.0020238555 0.4752314809
0.002024703 0.4761733811
0.0020254788 0.4769612097
0.0020262981 0.4779613386
0.0020270945 0.4792802367
0.0020279814 0.4794943553
0.0020291234 0.4799957892
0.0020296116 0.4805623966
0.0020304596 0.4818465935
0.0020309829 0.4822368411
0.0020318615 0.4827078313
0.0020324017 0.4832212187
0.0020327388 0.4840763337
0.0020331877 0.4845758019
0.002033521 0.4847744314
0.0020340491 0.4849573504
0.0020345631 0.4858153156
0.0020352075 0.48630174
0.0020356827 0.4868307999
0.0020360673 0.48727818
0.0020367066 0.4879579397
0.002037136 0.4887322134
0.0020382873 0.4895570412
0.0020391314 0.4910889891
0.0020396662 0.4915438077
0.0020400545 0.4920239072
0.0020405201 0.4923849237
0.0020410148 0.4937042793
0.0020416221 0.4939425097
0.002043018 0.4946952202
0.0020442045 0.4953119868
0.0020451942 0.4964319491
0.0020457173 0.4972017247
0.0020462377 0.4982624882
0.0020471615 0.4988059875
0.0020478131 0.4995661028
0.002048602 0.5000353057
0.002049052 0.5009791372
0.0020496391 0.5011745708
0.002049941 0.5018165177
0.0020504583 0.5023083423
0.0020506397 0.502515882
0.0020515909 0.503071532
0.0020528385 0.5037822454
0.002053481 0.504143212
0.0020541396 0.5044157387
0.0020549722 0.5048913165
0.0020555436 0.5059544388
0.0020560317 0.5065322791
0.0020566638 0.5077128788
0.0020573633 0.5082235597
0.0020579708 0.5088051731
0.0020588638 0.5095254652
0.0020595305 0.5104746269
0.0020600098 0.511098008
0.0020607575 0.5115365543
0.002061278 0.5122414035
0.0020614871 0.5126281556
0.0020616817 0.5128875635
0.0020624204 0.513513673
0.0020634742 0.5143081631
0.0020636662 0.514465306
0.0020638484 0.5146523808
0.0020640918 0.5151334307
0.0020642592 0.515773027
0.0020645662 0.5165663268
0.0020648894 0.5172431383
0.0020653024 0.5174893766
0.0020655015 0.5178216068
0.0020660964 0.5179659582
0.0020668045 0.5184551133
0.0020671849 0.519019523
0.0020674232 0.5190958388
0.0020679528 0.5194061659
0.0020682102 0.5196703084
0.0020684791 0.5201287996
0.0020690691 0.5209877253
0.0020695191 0.5212913364
0.0020697307 0.5213639288
0.0020701439 0.5226113952
0.0020705102 0.5234785417
0.002071047 0.5241652664
0.0020713532 0.5243300724
0.0020715402 0.5247737592
0.0020716171 0.5251076733
0.0020719235 0.5257063176
0.0020724055 0.5260972941
0.0020727815 0.5264532017
0.0020730842 0.5270115351
0.002073485 0.5274707703
0.0020738131 0.5278368272
0.0020743289 0.5283071462
0.0020746936 0.5290641618
0.0020749397 0.5296903523
0.0020755155 0.5305169709
0.002075845 0.5308657537
0.0020761848 0.5314048875
0.0020763117 0.5317013991
0.0020764803 0.5320893424
0.0020768887 0.5325906154
0.002077056 0.5331784977
0.0020772226 0.533711831
0.0020778038 0.5343848114
0.0020782737 0.5345776973
0.0020786257 0.535027553
0.002079081 0.5351186222
0.0020793746 0.5355248091
0.0020795932 0.535770916
0.0020800876 0.5361850767
0.0020804001 0.5365452416
0.0020807518 0.5372111819
0.0020812591 0.5375027663
0.0020815209 0.538111051
0.0020819194 0.538283697
0.0020822913 0.5394938618
0.0020825719 0.539966883
0.0020826794 0.5402603812
0.0020831008 0.5404799136
0.0020835314 0.5407968716
0.0020838187 0.5416268245
0.0020839423 0.5419420618
0.0020844775 0.542169151
0.0020849547 0.5425598147
0.002085182 0.5428586313
0.0020855339 0.5433604445
0.0020858638 0.5439049109
0.0020860541 0.5442757442
0.0020863782 0.5447852413
0.0020864985 0.5452644856
0.0020867793 0.5457927843
0.002087165 0.5461745664
0.0020873725 0.5470654755
0.0020875759 0.5475492417
0.0020875961 0.5476742417
0.0020876466 0.5478742417
0.0020877339 0.5479222966
0.0020881219 0.5483879474
0.0020881719 0.5485763532
0.0020882649 0.549302669
0.0020884238 0.5495932534
0.002088602 0.5501388273
0.0020887073 0.5507773554
0.0020889139 0.5511919517
0.0020890903 0.5514439085
0.0020895529 0.5521219179
0.0020897152 0.5523981397
0.0020900841 0.5528558506
0.002090239 0.5531366821
0.0020905477 0.5533650912
0.0020908778 0.5536865063
0.0020909864 0.5538511026
0.0020913272 0.5543558429
0.0020914478 0.5546880939
0.0020915965 0.5550014997
0.0020917006 0.5555342794
0.0020919176 0.5557743214
0.0020919176 0.5557743214
0.002092202 0.5562084845
0.0020922955 0.5562302236
0.0020923576 0.5564960966
0.0020925619 0.5568893423
0.002093031 0.5572075032
0.002093108 0.5573423736
0.0020934638 0.5577429042
0.0020937054 0.5582296783
0.0020941871 0.5587903492
0.0020942844 0.5589979823
0.0020943813 0.5598474286
0.0020945173 0.5602317998
0.002094707 0.560570384
0.0020950254 0.5608774979
0.0020953786 0.5612312633
0.0020955189 0.5615807139
0.0020956023 0.5616803642
0.0020957595 0.5618359417
0.0020959903 0.5620984019
0.0020961408 0.5627122908
0.0020963172 0.5634209347
0.0020963788 0.5635855309
0.0020964987 0.5636315627
0.0020967144 0.5639771113
0.0020969063 0.5641067213
0.0020969411 0.5643226304
0.0020971029 0.565084292
0.0020972701 0.5652965073
0.0020975143 0.5658659517
0.002097586 0.5659606361
0.0020979117 0.5663466006
0.002098151 0.5664916268
0.0020984436 0.566876803
0.0020985824 0.5672787261
0.0020987237 0.5675742747
0.002098811 0.5677665824
0.0020990104 0.5680781986
0.0020991757 0.5683504521
0.002099388 0.5687933405
0.0020994493 0.5691189815
0.002099702 0.5692183834
0.0020999652 0.5695900562
0.0021001337 0.5706168877
0.0021005332 0.5712826906
0.0021008161 0.5721059776
0.0021010435 0.5729327186
0.0021012266 0.5731255758
0.0021014963 0.5739145101
0.0021018251 0.574332379
0.0021020311 0.574589157
0.0021023554 0.5751321244
0.0021026115 0.5759687405
0.0021029018 0.5765474656
0.0021030144 0.5772001571
0.0021032043 0.5774045222
0.0021033563 0.577732388
0.0021037419 0.5784799881
0.0021037923 0.5788137543
0.0021039034 0.5789816115
0.0021040301 0.5794837795
0.0021041248 0.5796527834
0.0021042639 0.5801335838
0.0021043058 0.5803219896
0.0021044024 0.5804836057
0.0021045326 0.580785193
0.0021046677 0.5812112266
0.0021048697 0.5817947082
0.0021053013 0.5825591023
0.0021053992 0.5832874383
0.0021054789 0.5838573156
0.0021057173 0.5841201423
0.002105904 0.5844054598
0.0021060928 0.5844775752
0.0021062226 0.5848521877
0.0021062911 0.5852923032
0.002106562 0.5855357019
0.0021066857 0.5857607019
0.0021067664 0.5858950688
0.002106887 0.5860556968
0.0021070198 0.586802919
0.0021071298 0.5869139106
0.002107257 0.5873744119
0.0021074609 0.5882240566
0.0021076446 0.5886523849
0.0021079837 0.5892186304
0.0021082503 0.5897415459
0.002108339 0.5900496267
0.0021083636 0.5901405358
0.0021087141 0.5905498272
0.0021089928 0.5911194302
0.0021092562 0.5915097106
0.002109317 0.5915329665
0.0021094748 0.5917956649
0.0021096322 0.5920205483
0.0021097385 0.5925084916
0.0021099915 0.5930588704
0.0021100636 0.5932816147
0.0021100756 0.5936244719
0.0021102263 0.5940714314
0.0021102717 0.5942355651
0.0021104312 0.5944790639
0.0021105523 0.5947654515
0.0021106519 0.5951159417
0.0021111176 0.5958445039
0.0021113817 0.5961681565
0.0021115488 0.596642904
0.0021116169 0.5967906313
0.0021118229 0.597562748
0.0021118603 0.5979305802
0.0021120981 0.598208358
0.0021122004 0.5985189515
0.0021124069 0.5987822306
0.002112474 0.5991600084
0.0021126011 0.5996817475
0.0021127071 0.5998516822
0.0021127185 0.5999516822
0.002113152 0.6001477732
0.0021132001 0.6003005509
0.0021133416 0.6005441115
0.0021134282 0.6007577479
0.0021136009 0.6013105257
0.0021137324 0.6013876937
0.0021138976 0.6016296364
0.0021139969 0.6019515871
0.0021142537 0.602481473
0.002114366 0.6027271236
0.002114384 0.6028104569
0.0021145272 0.6033281571
0.0021146968 0.6038236568
0.0021149062 0.6044780911
0.0021150884 0.6048001564
0.0021152015 0.6048506615
0.0021152369 0.6054275845
0.0021154709 0.6056216197
0.0021158783 0.6057937279
0.0021159201 0.6061207481
0.0021160605 0.6064284492
0.0021161305 0.606701705
0.0021161436 0.6069592808
0.0021162983 0.6075181552
0.0021163809 0.6078306552
0.0021165371 0.6082170424
0.0021166215 0.6085093501
0.0021166301 0.6089593501
0.0021167508 0.6090390846
0.0021168132 0.6092782495
0.0021168132 0.6092782495
0.0021170294 0.610307708
0.0021171683 0.6105339926
0.0021172557 0.6109067199
0.0021172557 0.6109067199
0.0021173789 0.6116538919
0.0021174149 0.6116816697
0.0021175291 0.6119222712
0.0021176451 0.6126359075
0.0021177735 0.6133682118
0.0021178639 0.6135592998
0.0021179938 0.6138615238
0.0021180712 0.6139953622
0.0021182069 0.6144147551
0.0021182194 0.6145258662
0.0021182901 0.6147163424
0.0021183607 0.6149663424
0.0021184352 0.6154530946
0.0021186728 0.6156682655
0.0021188316 0.6159340938
0.002118883 0.6166702049
0.0021189446 0.6166929322
0.0021190245 0.6167156594
0.0021190941 0.6167378816
0.0021192451 0.6171328843
0.0021193693 0.6172922512
0.0021193693 0.6172922512
0.0021194038 0.6175398703
0.0021194099 0.6176827274
0.0021195877 0.6180051285
0.0021196522 0.6182629788
0.0021197669 0.6185710596
0.0021198512 0.6189316219
0.0021199314 0.6190376825
0.0021199694 0.6194293492
0.0021200731 0.6194748978
0.0021201847 0.6199247813
0.002120302 0.6201403448
0.0021204647 0.6204744689
0.0021205756 0.6209958073
0.0021206586 0.6211950594
0.0021207079 0.6217422816
0.002120767 0.6224192047
0.0021208279 0.622527538
0.0021209298 0.6227401878
0.0021210061 0.6234255413
0.0021210257 0.6237033191
0.0021210919 0.6239783191
0.002121199 0.6245380218
0.0021214786 0.6252264915
0.002121651 0.625598609
0.0021217516 0.6256468648
0.0021219061 0.626095025
0.0021221623 0.6261944269
0.0021221623 0.6261944269
0.0021222314 0.626587284
0.0021223445 0.6267188732
0.0021225471 0.6270363597
0.0021226597 0.6270813547
0.0021228845 0.6274259489
0.002122989 0.627566858
0.0021231314 0.6279113024
0.0021232791 0.6281950596
0.0021234606 0.6287689667
0.0021235455 0.6288172226
0.002123762 0.6294455586
0.0021238034 0.6299816697
0.0021240229 0.6304478532
0.0021241165 0.630593885
0.0021242044 0.630718885
0.0021242958 0.6307638799
0.0021243424 0.6312527688
0.0021243554 0.631645626
0.0021244704 0.6319373799
0.0021245648 0.6324243929
0.0021245778 0.6327577263
0.002124742 0.6330208822
0.002124742 0.6330208822
0.002124924 0.6334206082
0.002124957 0.6334423473
0.0021249991 0.6339006806
0.0021250448 0.6339224198
0.0021250978 0.6342891798
0.0021251797 0.6347886261
0.002125247 0.6349253782
0.0021253504 0.6354148176
0.0021253686 0.635748151
0.0021253975 0.6357759287
0.0021255473 0.6359543475
0.0021256248 0.6364478457
0.0021256823 0.6367006235
0.0021258367 0.6368406436
0.0021259138 0.637195102
0.0021259585 0.6373895465
0.0021261282 0.6376545666
0.0021263581 0.638199033
0.0021264293 0.6385356343
0.0021265288 0.6386912118
0.0021265678 0.6390595592
0.0021266262 0.6393035205
0.0021266368 0.6394463777
0.0021267179 0.6398693661
0.0021267584 0.6398971439
0.0021267584 0.6398971439
0.00212679 0.6399215341
0.0021270124 0.6400448928
0.0021270841 0.6404032262
0.0021270998 0.6407608019
0.0021271799 0.6408057969
0.0021272217 0.6413430985
0.0021273067 0.6414134448
0.0021274003 0.6419838166
0.0021274453 0.6421529895
0.0021274626 0.6423452972
0.0021274626 0.6423452972
0.0021275245 0.6423691067
0.0021276637 0.6427629975
0.00212771 0.6427879975
0.00212771 0.6427879975
0.0021277767 0.6428123877
0.0021278313 0.6429418504
0.0021278313 0.6429418504
0.0021279197 0.6432431662
0.0021279927 0.6433927378
0.002128008 0.6434927378
0.0021280249 0.6438038489
0.0021281752 0.6439764413
0.0021282882 0.6440252508
0.0021282882 0.6440252508
0.0021283101 0.6442919175
0.0021284225 0.6449651733
0.0021284593 0.6449901733
0.0021285078 0.6451151733
0.0021285629 0.6452401733
0.0021286046 0.6452651733
0.0021286096 0.6454651733
0.0021286262 0.6455420964
0.0021286743 0.6458587631
0.0021287322 0.6460837631
0.002128886 0.6467114243
0.0021289503 0.6467642021
0.0021289536 0.6469642021
0.0021290753 0.6472509084
0.0021291607 0.6473207497
0.0021291607 0.6473207497
0.0021292033 0.6473424888
0.0021292931 0.6476619332
0.0021293355 0.6478791581
0.00212936 0.6481046483
0.0021293892 0.6481309641
0.0021295094 0.6484455452
0.0021295175 0.6484677674
0.0021296356 0.6485377169
0.0021297519 0.6485837
0.0021298019 0.6486087
0.0021298309 0.6492503667
0.002129847 0.6493412758
0.0021299641 0.6495443364
0.0021299818 0.6498352455
0.0021299946 0.6498608865
0.0021300473 0.6498826256
0.0021300648 0.6501492923
0.0021301524 0.6503482271
0.0021301667 0.6506260049
0.0021302445 0.6509414811
0.0021302635 0.6512081478
0.0021303284 0.6513748144
0.0021306396 0.6517249131
0.0021306869 0.651994086
0.0021308759 0.6522090044
0.0021309624 0.6522603202
0.0021309859 0.6524686535
0.0021310377 0.6528297646
0.0021310846 0.6529825424
0.0021311487 0.6531163808
0.0021312423 0.6535545121
0.002131303 0.6537045121
0.002131331 0.6537283216
0.0021313729 0.6540838772
0.0021314381 0.6542727661
0.0021314984 0.6543198836
0.0021315649 0.6543754392
0.0021316065 0.6545633824
0.0021316297 0.6547101215
0.0021317343 0.6549272933
0.0021318602 0.6556874474
0.0021318817 0.6558985585
0.0021319231 0.6561631548
0.0021319781 0.6564881548
0.0021320499 0.6567415736
0.0021320621 0.6568665736
0.0021321077 0.6571183796
0.0021321153 0.6572433796
0.0021321548 0.6572696954
0.0021322214 0.657694428
0.0021322774 0.6578860947
0.0021322955 0.6581679129
0.0021322955 0.6581679129
0.0021323422 0.658389652
0.0021324355 0.6586806184
0.0021324355 0.6586806184
0.0021324445 0.6587917295
0.0021324954 0.6589394568
0.002132594 0.6590162776
0.0021326089 0.6593258014
0.0021326447 0.6593475405
0.0021327042 0.6597791297
0.0021327681 0.6599985741
0.0021327741 0.6600894832
0.0021328185 0.6602107598
0.0021328732 0.6602641786
0.0021329766 0.6603101617
0.0021329855 0.6604101617
0.0021330297 0.660680003
0.0021330517 0.6608388265
0.002133131 0.6611365389
0.0021331779 0.661437044
0.0021332746 0.6615833206
0.002133333 0.6618325698
0.002133371 0.6621871798
0.0021334585 0.6622326343
0.0021335414 0.6622822059
0.0021335836 0.6623072059
0.0021336765 0.6626099837
0.0021337373 0.662632711
0.002133746 0.662757711
0.0021338139 0.6632772636
0.0021338197 0.6634022636
0.0021338298 0.6635272636
0.0021338874 0.6635499909
0.0021339405 0.6635763067
0.002134008 0.6640340863
0.0021340495 0.6642604021
0.0021341039 0.6642854021
0.0021341453 0.6644758783
0.0021341924 0.6647520688
0.0021342123 0.6649537494
0.002134228 0.6652787494
0.0021342365 0.6656120828
0.0021343131 0.6657893775
0.0021343598 0.6660777833
0.0021344122 0.6662152102
0.0021344235 0.6664580673
0.0021344742 0.6666063231
0.0021345094 0.6667530622
0.0021345755 0.6669863956
0.0021346387 0.6672869006
0.0021346598 0.6673101564
0.002134734 0.6673601877
0.0021348263 0.6674041916
0.0021348361 0.6675153027
0.002134864 0.6677255591
0.0021349879 0.6678027114
0.0021350394 0.6678259673
0.002135088 0.6678719503
0.0021350977 0.6680148075
0.0021351628 0.6680663948
0.0021351794 0.6682538948
0.0021352388 0.6683086996
0.0021352774 0.6689591325
0.0021353119 0.6690948791
0.0021353559 0.6691181349
0.0021353559 0.6691181349
0.0021353559 0.6691181349
0.002135449 0.6692885895
0.0021355092 0.6695830339
0.0021355693 0.6699112728
0.0021355693 0.6699112728
0.0021355693 0.6699112728
0.0021355802 0.6702446061
0.0021356264 0.6705183866
0.0021356318 0.6706612437
0.0021356386 0.6708279104
0.0021356643 0.6711548335
0.0021357224 0.6713442274
0.0021357494 0.6714444063
0.0021357562 0.671611073
0.0021357562 0.671611073
0.0021357777 0.6716343288
0.0021358434 0.6718939779
0.0021358837 0.6720126648
0.0021359533 0.6722071092
0.0021359613 0.6722980183
0.0021360067 0.672716712
0.0021360814 0.6729283282
0.002136092 0.6730283282
0.0021360973 0.6731949948
0.002136104 0.6733949948
0.0021361278 0.6735182507
0.0021361278 0.6735182507
0.0021361278 0.6735182507
0.0021361952 0.6735677676
0.0021361978 0.6737344342
0.0021362058 0.6738594342
0.0021362663 0.6740250186
0.0021362807 0.6742500186
0.002136387 0.6745564309
0.0021363975 0.6748103992
0.0021363975 0.6748103992
0.0021364171 0.6752687325
0.0021364628 0.6755965103
0.0021365019 0.6756228261
0.0021365176 0.6759228261
0.002136528 0.6760339372
0.0021365474 0.6764672705
0.0021365474 0.6764672705
0.0021365578 0.6767672705
0.0021365656 0.6768672705
0.0021365914 0.6770825699
0.0021366004 0.6772075699
0.0021366571 0.6773992365
0.0021367228 0.6778898209
0.0021367266 0.6780898209
0.0021368037 0.6782342874
0.0021368216 0.6785342874
0.0021368831 0.6788681257
0.0021369265 0.6791459035
0.0021369738 0.6792736813
0.0021369891 0.6793506044
0.0021370248 0.6794873565
0.0021370362 0.6795782656
0.0021370794 0.6798219525
0.0021371708 0.6798902284
0.0021372494 0.6800521761
0.0021372911 0.680318289
0.0021373316 0.6805742775
0.0021373695 0.6808005933
0.0021373922 0.6808238491
0.0021373922 0.6808238491
0.0021374551 0.6809988491
0.0021375895 0.6812298454
0.0021377375 0.6815669901
0.0021377776 0.6818535914
0.0021377776 0.6818535914
0.0021378226 0.6818763187
0.0021378688 0.6819026345
0.0021378738 0.6821026345
0.0021378863 0.6822026345
0.0021378888 0.6823276345
0.0021379012 0.6825526345
0.0021379049 0.6827526345
0.0021379557 0.6829963213
0.0021379669 0.6831074325
0.0021379669 0.6831074325
0.0021380212 0.6831301597
0.0021380273 0.6833301597
0.002138036 0.6834551597
0.002138036 0.6834551597
0.0021381232 0.6839460756
0.0021381944 0.6841217167
0.002138263 0.6843737437
0.0021382997 0.6845393281
0.0021383107 0.6846504392
0.0021384084 0.6847250108
0.0021384779 0.684773777
0.0021385071 0.684798777
0.0021385448 0.684825804
0.0021385752 0.684850804
0.0021386456 0.6851346424
0.0021387098 0.6853386828
0.0021387171 0.6854386828
0.0021387171 0.6854386828
0.0021388125 0.6856788875
0.0021388161 0.6857788875
0.0021388619 0.6858021433
0.0021389089 0.6861388049
0.0021389389 0.6862465285
0.0021389485 0.6866131951
0.0021389737 0.6866388362
0.0021390252 0.6868880854
0.0021390252 0.6868880854
0.0021390252 0.6868880854
0.0021390252 0.6868880854
0.0021390752 0.6870541984
0.0021391217 0.6870769256
0.0021391336 0.687260259
0.0021391739 0.6873396241
0.0021391739 0.6873396241
0.0021391739 0.6873396241
0.0021392556 0.6877372701
0.0021393348 0.688432905
0.0021393679 0.6885379775
0.0021393749 0.6888296442
0.0021393749 0.6888296442
0.0021394326 0.6890357048
0.0021394808 0.6890589606
0.0021394984 0.6892700717
0.0021395288 0.6892963875
0.0021395651 0.6895691148
0.0021395768 0.6897524481
0.0021395768 0.6897524481
0.0021396212 0.6900468925
0.0021396293 0.6901302259
0.0021396701 0.6903373052
0.0021396701 0.6903373052
0.0021397479 0.690763621
0.0021397607 0.690826121
0.0021397861 0.6910483432
0.0021398162 0.6910696198
0.0021398243 0.6911807309
0.0021398624 0.691457955
0.002139934 0.6919743691
0.0021400618 0.6923734235
0.0021400676 0.6927162807
0.0021401469 0.6927640079
0.0021402514 0.6928389032
0.002140319 0.6929865493
0.0021403225 0.6931294064
0.0021403923 0.6932749551
0.0021404094 0.6940606694
0.0021404094 0.6940606694
0.0021404311 0.6942349118
0.0021404493 0.6942581676
0.0021404493 0.6942581676
0.002140522 0.6943076182
0.002140522 0.6943076182
0.0021405424 0.6945293573
0.0021405696 0.6945537475
0.0021405798 0.6946446566
0.0021406114 0.6948663958
0.0021406148 0.6950330624
0.002140625 0.6951330624
0.0021406644 0.6952807897
0.0021406812 0.6953040455
0.0021406812 0.6953040455
0.0021406914 0.6953873788
0.0021406925 0.695530236
0.0021407249 0.6955534918
0.0021407507 0.6955812696
0.0021408222 0.695992135
0.0021408601 0.6964981303
0.0021409003 0.6965231303
0.0021409003 0.6965231303
0.0021409092 0.6968088446
0.0021409525 0.6969301211
0.0021409592 0.6971662323
0.0021410079 0.6972879714
0.0021410079 0.6972879714
0.0021410146 0.6973713047
0.002141019 0.6974824158
0.0021410631 0.6978169396
0.002141094 0.6978419396
0.0021410995 0.6979847968
0.0021411061 0.6981276539
0.0021411655 0.698239197
0.0021411984 0.698264197
0.0021411984 0.698264197
0.0021411984 0.698264197
0.0021412542 0.6983351854
0.0021412662 0.6985462965
0.0021412706 0.6986712965
0.0021412706 0.6986712965
0.0021413272 0.69892779
0.0021413272 0.69892779
0.0021413272 0.69892779
0.0021413424 0.6993861233
0.0021413478 0.69955279
0.0021413825 0.6997805678
0.002141441 0.6998256539
0.0021414593 0.7000256539
0.0021414626 0.700168511
0.0021414723 0.7004594201
0.0021414788 0.7009094201
0.002141524 0.7009321474
0.0021415379 0.7011432585
0.002141553 0.7013451816
0.0021415573 0.7014701816
0.0021415744 0.7018562927
0.0021415894 0.7020507371
0.0021416065 0.7022340705
0.0021416824 0.7025491054
0.0021416824 0.7025491054
0.0021416824 0.7025491054
0.0021416824 0.7025491054
0.002141693 0.7026324388
0.0021416983 0.7027435499
0.0021416983 0.7027435499
0.0021417089 0.7028023734
0.0021417089 0.7028023734
0.0021417185 0.7031690401
0.0021417216 0.7035023734
0.0021417755 0.7039483565
0.0021417839 0.7040733565
0.0021418229 0.7042261343
0.0021418534 0.7043743901
0.0021418597 0.7043966123
0.0021418597 0.7043966123
0.0021418597 0.7043966123
0.0021419289 0.7044714554
0.0021419289 0.7044714554
0.0021419676 0.7044964554
0.0021420052 0.7047214554
0.0021420533 0.7049441827
0.0021420533 0.7049441827
0.0021420741 0.7051247383
0.0021420866 0.7054156473
0.0021421074 0.7055744709
0.0021421292 0.7058994709
0.0021421344 0.7062089947
0.0021421779 0.706231722
0.0021421779 0.706231722
0.0021421779 0.706231722
0.0021422378 0.7064213182
0.0021422388 0.7065324293
0.0021422388 0.7065324293
0.0021422388 0.7065324293
0.0021422388 0.7065324293
0.0021422532 0.7067824293
0.0021422738 0.7070102071
0.0021423168 0.7073209214
0.0021423209 0.7074875881
0.0021423875 0.7075353153
0.0021424192 0.7075603153
0.0021424733 0.7076085712
0.0021425029 0.7078857952
0.0021425335 0.7080757177
0.0021425528 0.7083033789
0.0021425905 0.70832902
0.0021425976 0.7084718771
0.0021425976 0.7084718771
0.0021426148 0.7084951329
0.0021426209 0.7086379901
0.002142629 0.7091602123
0.0021427089 0.7093056668
0.0021427513 0.7094306668
0.0021427775 0.7095539226
0.0021427806 0.7097539226
0.0021427806 0.7097539226
0.0021428349 0.7099783129
0.0021428409 0.7100783129
0.0021428801 0.71024617
0.0021429443 0.7102956206
0.0021429443 0.7102956206
0.0021429683 0.7103212616
0.0021429683 0.7103212616
