0.000241 0.0263859444
0.000407 0.0491344418
0.0005283333 0.0675291803
0.0006230833 0.0816609085
0.0007132833 0.0971447046
0.0007917833 0.1104675994
0.000858069 0.1210833985
0.000914069 0.130795042
0.0009612913 0.1379409628
0.0010120913 0.1462243147
0.0010534549 0.1538690389
0.0010872882 0.1609829771
0.0011245959 0.1679135732
0.0011580959 0.1741298354
0.0011930959 0.1818571728
0.0012185334 0.1875710466
0.0012471805 0.1940037966
0.0012770694 0.200561932
0.0013068589 0.2055318165
0.0013326089 0.2113712642
0.0013559422 0.2148715382
0.0013770785 0.2210912798
0.0014023394 0.227402138
0.0014227144 0.2325228115
0.0014433144 0.2384422946
0.0014633529 0.2440176631
0.0014782788 0.2479709091
0.0014951359 0.2518886573
0.0015106877 0.2562752647
0.0015256877 0.2606912904
0.0015371393 0.2641505846
0.0015518893 0.2688722465
0.0015644953 0.2723365412
0.0015780836 0.2761122509
0.0015883122 0.2787351753
0.0015993399 0.282093598
0.0016105561 0.2847934161
0.0016180298 0.2870961366
0.0016272862 0.2904999604
0.0016355112 0.2930327312
0.0016427795 0.2959431118
0.0016482557 0.2980502319
0.0016559069 0.3009656134
0.0016684523 0.3040908227
0.0016776301 0.307629554
0.0016856519 0.3099650365
0.001694971 0.3131065407
0.0017012835 0.3155116015
0.0017071407 0.317318276
0.0017130607 0.319531339
0.001718492 0.3207990722
0.0017251459 0.3233472799
0.0017319195 0.3250181041
0.0017372343 0.3274745811
0.0017420343 0.3302081215
0.0017478021 0.3327671795
0.0017535916 0.3357041035
0.0017595054 0.3376341618
0.0017643529 0.3392382136
0.0017686362 0.3413552795
0.0017733411 0.3438316417
0.001778583 0.3468197596
0.0017819322 0.3488550831
0.0017878229 0.3510927167
0.0017924536 0.3535297528
0.0017960597 0.3562808201
0.0018005075 0.3585464521
0.0018043751 0.3600278086
0.0018095055 0.3619374242
0.0018129198 0.362973198
0.0018170043 0.3644980101
0.0018208932 0.3661830884
0.0018253179 0.3686936358
0.0018286827 0.3698224262
0.0018312694 0.3718469598
0.0018346905 0.3739610567
0.0018390541 0.3752826835
0.0018434772 0.377136363
0.0018485784 0.379476295
0.0018520284 0.3816501449
0.0018543371 0.3827231505
0.0018572639 0.3838426118
0.0018609868 0.3854711675
0.0018629035 0.3867825955
0.0018670917 0.3887452443
0.0018688592 0.3898599272
0.00187125 0.3910588144
0.0018736818 0.3922733273
0.0018754458 0.3934477562
0.0018791347 0.3946700122
0.0018815523 0.3966157967
0.0018839436 0.3979586111
0.0018859866 0.3991816961
0.0018891887 0.400761924
0.0018910414 0.4020448063
0.0018926039 0.4037908922
0.00189581 0.4047658829
0.0018990958 0.4068036181
0.0019014897 0.4085524463
0.0019047697 0.4096479623
0.0019082152 0.4113462953
0.0019096956 0.412208939
0.001911618 0.4139153278
0.0019142334 0.4156230935
0.0019154429 0.4167972512
0.0019163768 0.4176224225
0.0019174329 0.4185707482
0.0019200255 0.4196395922
0.0019215943 0.4204466481
0.0019229489 0.4210145903
0.0019254534 0.4222946506
0.0019277659 0.4241770906
0.0019299694 0.4260290485
0.0019314168 0.4273845915
0.0019344429 0.4293537194
0.0019369601 0.431338247
0.001940396 0.4328958574
0.0019419214 0.4343676142
0.0019444592 0.4355393292
0.0019460426 0.4362104365
0.0019469599 0.4365195695
0.0019490911 0.4374479368
0.0019508228 0.4380108095
0.0019526454 0.43936302
0.0019534214 0.4405428901
0.0019545325 0.4412464502
0.0019553199 0.4422966088
0.0019563433 0.443709196
0.0019575836 0.4451155326
0.0019591298 0.4466531716
0.0019598626 0.4475912065
0.0019610899 0.4483384723
0.0019622177 0.4492329184
0.0019631804 0.4510023682
0.0019640322 0.4519121759
0.0019652822 0.4534949838
0.0019669757 0.454973558
0.0019682728 0.45588901
0.0019694095 0.4570760879
0.0019708523 0.4579365176
0.0019721147 0.4592437633
0.0019729316 0.4601576108
0.0019736519 0.4609691616
0.0019744297 0.4618841471
0.0019755469 0.4627567706
0.0019765538 0.4633273831
0.0019772477 0.4646011763
0.0019780585 0.4653827967
0.001979582 0.465740961
0.0019808953 0.4670531329
0.0019817297 0.468012307
0.0019821639 0.4690121302
0.0019827979 0.4701950841
0.0019837265 0.4711653097
0.0019846362 0.4716592412
0.0019854567 0.4726815258
0.0019861764 0.4735478634
0.0019869422 0.4740762015
0.0019875838 0.4744672021
0.0019880838 0.4748928651
0.0019886614 0.475352046
0.0019893281 0.4760357678
0.0019900888 0.476657327
0.0019907839 0.4773808058
0.0019916263 0.4778360362
0.0019921926 0.479241618
0.0019935699 0.4811254642
0.0019945341 0.4819654303
0.0019950549 0.4831264367
0.0019957549 0.48420135
0.0019965092 0.4849457988
0.0019970732 0.4855156665
0.0019979923 0.486453141
0.0019986762 0.4874155868
0.001999299 0.4884723801
0.0019997706 0.4893694976
0.0020007819 0.490083899
0.0020013044 0.4907379253
0.0020019915 0.4915673139
0.0020028027 0.4923472489
0.0020041783 0.4937514483
0.0020049091 0.4943294272
0.0020055758 0.4949249712
0.0020061845 0.4962900825
0.0020073899 0.4970571749
0.002008234 0.4986882232
0.0020092714 0.4994370065
0.0020101491 0.5006510769
0.0020111967 0.5017307507
0.0020117441 0.5021006126
0.0020123043 0.5028150065
0.0020130386 0.5040009214
0.0020136345 0.5055822207
0.002014186 0.506062451
0.0020151296 0.5071228565
0.0020161245 0.5077963376
0.0020168149 0.5082727596
0.0020173048 0.5090817972
0.0020179982 0.5100085368
0.0020181282 0.5103979307
0.002018571 0.510696524
0.0020191403 0.5112305164
0.0020196576 0.5115831469
0.0020204321 0.5120116951
0.0020212321 0.5127424427
0.0020217758 0.513561562
0.0020221864 0.513844877
0.0020225278 0.5141515787
0.0020230062 0.5146836168
0.0020238491 0.5155311371
0.002024233 0.5159604848
0.0020249877 0.5168726163
0.0020258985 0.5171814574
0.0020264172 0.5175776041
0.0020269474 0.5181535211
0.0020273131 0.5191009633
0.0020280366 0.5195156778
0.0020288302 0.5198979744
0.0020289992 0.5203646724
0.0020294719 0.5211400727
0.0020304357 0.5218057331
0.0020310393 0.5224793488
0.0020311424 0.5229126821
0.0020314282 0.5231892207
0.0020316371 0.5234024999
0.0020323848 0.5237308769
0.0020328298 0.5245699053
0.0020332333 0.5249493648
0.0020337791 0.525670613
0.0020344009 0.5263921672
0.0020347169 0.5268921171
0.0020354971 0.5278351053
0.0020357932 0.5283239455
0.0020363573 0.5288383185
0.0020367403 0.5294222929
0.0020372191 0.5300288028
0.0020375313 0.5303240413
0.0020379305 0.5306769714
0.0020386627 0.53154712
0.002039321 0.5318782013
0.0020398439 0.5324909973
0.0020403769 0.5329532255
0.0020410518 0.5336377929
0.0020416379 0.5342149016
0.0020421277 0.5348229012
0.0020424285 0.5353393154
0.002042558 0.5355615376
0.0020428322 0.5361548589
0.0020430853 0.5366710425
0.0020434813 0.5370803047
0.0020438757 0.5383036581
0.0020446455 0.5394067899
0.0020449657 0.539989317
0.0020455877 0.5401939259
0.0020457171 0.5406966175
0.0020460843 0.5409530401
0.0020467536 0.5415246976
0.0020468892 0.5416479534
0.0020476653 0.541925022
0.0020482653 0.5424063782
0.0020485795 0.5427073153
0.002049297 0.5431877217
0.0020495442 0.5435429478
0.0020500025 0.5440085635
0.0020503082 0.5446252301
0.0020505789 0.5453199019
0.0020510433 0.545734083
0.0020514351 0.5462746507
0.0020520299 0.5466856436
0.0020525891 0.5468911548
0.002052733 0.5473950367
0.0020531485 0.5483371055
0.0020535551 0.5491586131
0.0020536536 0.5492733317
0.0020543482 0.5498739211
0.0020545402 0.5502877613
0.0020547929 0.5507247576
0.0020551202 0.5512905361
0.0020553066 0.5514532345
0.0020553745 0.551764229
0.0020556307 0.5521539477
0.002055925 0.5527656093
0.0020563985 0.5537318241
0.0020567436 0.5540709625
0.0020571506 0.5547082694
0.0020574233 0.554954251
0.0020579216 0.5553561254
0.0020583764 0.5555193962
0.0020586463 0.555791069
0.0020588981 0.556332767
0.0020591043 0.5566349856
0.0020592447 0.5568229643
0.0020594153 0.55708054
0.0020597248 0.5578354959
0.0020600028 0.5579093928
0.0020602359 0.5582694216
0.0020603807 0.5585171489
0.0020607632 0.5592063435
0.0020610408 0.5598859754
0.0020612442 0.5605399186
0.0020613937 0.560752134
0.0020616817 0.5612099262
0.0020619392 0.5614809579
0.0020622747 0.5617941614
0.0020626845 0.562261765
0.0020629002 0.5625335042
0.0020630696 0.5629822001
0.0020632709 0.5633717964
0.0020633583 0.5634974374
0.0020635744 0.5635672822
0.0020641243 0.5639134719
0.0020643486 0.5641548226
0.002064617 0.5646745737
0.00206498 0.5651903161
0.0020652658 0.5653202352
0.0020654588 0.5656001508
0.0020656575 0.5657616958
0.002066038 0.5664211752
0.0020662481 0.5668016806
0.0020667293 0.5675594534
0.0020671063 0.5680827312
0.0020673268 0.5683589217
0.0020677695 0.5690182286
0.0020682139 0.5698554439
0.0020684908 0.5699281712
0.0020686596 0.5707311931
0.0020688553 0.5709762786
0.0020690352 0.5712690765
0.0020695367 0.5719313556
0.0020696397 0.5721454025
0.0020700294 0.5723898663
0.0020702794 0.5726662772
0.0020707569 0.5732234839
0.0020711102 0.573575836
0.0020712505 0.5738227536
0.0020714142 0.5743281926
0.002071708 0.5745417482
0.0020720837 0.5753374753
0.0020723757 0.5756090994
0.0020726522 0.5758540667
0.0020730012 0.5765839159
0.0020731883 0.576945303
0.0020734624 0.5773366538
0.0020735932 0.5776752381
0.0020738656 0.5777741999
0.0020744206 0.5781977702
0.0020745791 0.5788216879
0.0020747141 0.5795103053
0.0020749462 0.5799503403
0.0020751148 0.5801019587
0.0020751946 0.5804275998
0.0020753338 0.5810390467
0.0020755037 0.5815087246
0.0020757043 0.5821880034
0.0020761043 0.5826753987
0.0020763178 0.5833427064
0.0020766987 0.5838185141
0.0020767434 0.5841760898
0.0020768716 0.5848599134
0.0020769299 0.5850837229
0.0020769714 0.5854721287
0.0020769991 0.5857387954
0.0020772167 0.5859480152
0.0020775683 0.5864146176
0.0020779546 0.5872974694
0.0020781186 0.5878080974
0.0020781894 0.587929374
0.0020784557 0.5883569714
0.0020786129 0.588667966
0.0020786724 0.5886912218
0.0020787425 0.5888269684
0.0020788742 0.5889013391
0.0020789519 0.5892335902
0.002079 0.5895744993
0.002079472 0.5903252431
0.0020796768 0.590476704
0.0020798625 0.5909983768
0.0020799842 0.5912438548
0.002080438 0.5919033758
0.0020805801 0.5924809399
0.002080882 0.5932171389
0.0020809527 0.5932925358
0.002081044 0.5934848435
0.0020812237 0.5937762576
0.0020813692 0.5941239849
0.0020814728 0.5942813726
0.0020818113 0.5947891606
0.0020821438 0.595376652
0.002082316 0.5955560171
0.0020823776 0.5957719261
0.0020824978 0.5963024817
0.0020825309 0.5966703388
0.0020826429 0.5969845447
0.0020828764 0.5972312143
0.002083084 0.5974039416
0.0020832178 0.5977206082
0.002083248 0.5977975313
0.0020833787 0.5979692704
0.0020837521 0.5986142966
0.0020837671 0.5988920744
0.0020838145 0.599027821
0.0020838568 0.5995532539
0.0020840156 0.5997665891
0.0020841047 0.5999878656
0.0020841492 0.6003628656
0.0020842822 0.6010328683
0.0020844566 0.6012715047
0.0020845816 0.6016405085
0.0020845987 0.6019655085
0.0020847914 0.6021594042
0.0020847987 0.6024094042
0.0020849977 0.6024817843
0.002085327 0.6029137308
0.0020854599 0.6032397083
0.0020855828 0.603433599
0.0020856549 0.6037161748
0.0020856741 0.6038930978
0.0020859372 0.604186722
0.0020859683 0.604486722
0.0020862207 0.6049903028
0.002086394 0.6053590367
0.0020864201 0.6056257033
0.0020865407 0.6057986918
0.0020865572 0.6058820251
0.002086576 0.6059931362
0.0020866464 0.6060169457
0.0020868408 0.6063559925
0.0020868572 0.6064671037
0.0020869574 0.6068059925
0.00208699 0.6068337703
0.0020870572 0.6071684194
0.0020871313 0.6074961972
0.0020872514 0.6076656636
0.0020873413 0.6078972528
0.0020875068 0.6081116215
0.0020875756 0.6081619044
0.0020876877 0.6085448732
0.0020878316 0.6087043526
0.0020879272 0.6088791069
0.00208805 0.6095950228
0.0020881815 0.6098948099
0.0020883919 0.6099943693
0.0020884799 0.6103996534
0.0020885745 0.6107896168
0.0020886532 0.6110239838
0.0020887608 0.6110710491
0.0020887608 0.6110710491
0.0020888702 0.6114609716
0.0020888769 0.6117109716
0.002088888 0.6120859716
0.0020890432 0.6123685473
0.0020891206 0.6126412746
0.002089295 0.6127179492
0.0020894668 0.6127895733
0.0020896075 0.6130633829
0.0020896711 0.6132161606
0.0020898024 0.6134911606
0.002089905 0.6138090899
0.002090003 0.6141818172
0.0020903356 0.6148068402
0.0020904072 0.6148290624
0.0020904332 0.6151207291
0.0020905217 0.6153295057
0.0020905368 0.6154295057
0.0020906357 0.6157300639
0.0020906593 0.615945973
0.0020907193 0.615971614
0.0020909116 0.6162060029
0.0020909372 0.6165397692
0.0020910032 0.6166556782
0.0020910945 0.6169138347
0.0020912428 0.6171057349
0.0020912893 0.6176700206
0.0020915319 0.6182226937
0.0020916266 0.6183368586
0.0020918367 0.6185358205
0.0020919457 0.6188559059
0.0020919541 0.6190225726
0.0020921065 0.619690873
0.0020921377 0.6199575397
0.0020921648 0.6201686508
0.0020922415 0.6205214286
0.002092343 0.6207708188
0.002092469 0.6208229868
0.0020925597 0.6209442634
0.0020927408 0.6215766511
0.002092825 0.6219634033
0.0020928434 0.622241181
0.0020930091 0.6229027251
0.0020931805 0.623069835
0.0020932599 0.6236496799
0.0020934144 0.6243753167
0.0020934367 0.624661031
0.0020934671 0.6250990652
0.002093558 0.6254323985
0.0020937455 0.625577588
0.0020940111 0.6262015908
0.0020940814 0.6267004326
0.0020943018 0.6273238382
0.0020943418 0.6278507613
0.0020943618 0.6281047295
0.0020944594 0.6283908797
0.0020944594 0.6283908797
0.0020946161 0.6290894953
0.0020948003 0.6295366664
0.0020948102 0.6296366664
0.0020948555 0.6296616664
0.0020949874 0.6300568434
0.0020950189 0.6302170998
0.0020951522 0.6304772478
0.002095297 0.6307025392
0.0020954572 0.6310840237
0.0020955897 0.631217998
0.0020956345 0.6313245872
0.0020957937 0.6319335334
0.0020959235 0.6323495903
0.0020959738 0.6328591142
0.0020961978 0.633155651
0.0020962902 0.6332039068
0.0020964133 0.6335085636
0.0020965976 0.6343982462
0.0020966225 0.6344570697
0.002096699 0.6349722744
0.002096886 0.6350700471
0.0020970308 0.6353405016
0.0020972684 0.6356615302
0.0020974392 0.6362256951
0.0020975168 0.6362724342
0.0020976775 0.6366461802
0.002097802 0.636694436
0.002097834 0.6370762542
0.0020981404 0.6372034826
0.002098208 0.6373534826
0.0020983391 0.6376497591
0.0020984437 0.6378692036
0.0020987255 0.6381323922
0.0020988465 0.6387401761
0.0020989748 0.6390823478
0.0020990657 0.6393531616
0.0020990712 0.6395531616
0.0020992579 0.6400316893
0.0020993594 0.6403733872
0.0020994109 0.6406446638
0.002099604 0.640744557
0.002099604 0.640744557
0.0020998622 0.6412181823
0.0020998951 0.6412409096
0.0020999207 0.6414770207
0.0020999808 0.642057912
0.002100039 0.6421417356
0.0021001678 0.642612921
0.0021002203 0.6427478416
0.0021002312 0.6429145083
0.0021002492 0.6431645083
0.0021003916 0.6436578705
0.0021004689 0.6441162038
0.0021005838 0.6444402582
0.0021006645 0.6446811673
0.0021007485 0.644978137
0.0021009128 0.6453464782
0.0021010608 0.6456286128
0.0021011569 0.6456759929
0.0021011977 0.6459487202
0.0021012101 0.6460598313
0.0021013818 0.6465108649
0.0021014066 0.6467330871
0.002101717 0.6470592168
0.0021018472 0.6475147724
0.0021019632 0.6478206974
0.002102051 0.6480757403
0.0021022576 0.6486427069
0.0021022891 0.6488371513
0.0021023851 0.6488807119
0.0021024791 0.6492206387
0.002102587 0.6493671503
0.0021026946 0.6498357738
0.0021027119 0.6498575129
0.0021028019 0.6499934169
0.0021028606 0.6502407971
0.0021030072 0.6503135035
0.0021031104 0.6503608836
0.0021031517 0.6505254799
0.0021033026 0.6506006925
0.0021033574 0.6508361939
0.0021034241 0.6512541763
0.0021034753 0.6512774321
0.0021034753 0.6512774321
0.0021037117 0.6517928987
0.0021037439 0.6521290098
0.0021038965 0.6524003206
0.0021039794 0.6530174923
0.0021041196 0.6533203375
0.0021042798 0.6536080359
0.0021045087 0.6539304749
0.002104618 0.6542592862
0.0021046784 0.6546648418
0.0021047136 0.6546875691
0.0021047136 0.6546875691
0.0021048221 0.6550349492
0.0021049121 0.6552521209
0.0021049271 0.6553521209
0.0021049271 0.6553521209
0.0021050216 0.6554003767
0.0021050862 0.6557682339
0.0021052052 0.6563520574
0.0021052563 0.6566849077
0.0021053749 0.6570225574
0.0021054736 0.6570675524
0.0021055705 0.6572814412
0.0021056377 0.6573046971
0.0021056508 0.6573264362
0.0021057586 0.6578864651
0.0021058418 0.6580290375
0.0021058907 0.6583545277
0.0021059964 0.6584527878
0.0021061457 0.6587410531
0.0021061457 0.6587410531
0.0021061506 0.6589077198
0.0021061878 0.6589294589
0.0021062523 0.6592461256
0.0021063457 0.659407362
0.0021063553 0.659507362
0.0021064548 0.6598327858
0.0021066007 0.6601088567
0.0021067159 0.6607706089
0.002106743 0.660961518
0.0021068722 0.6612209974
0.0021069279 0.6614139798
0.0021069677 0.6617150134
0.0021070248 0.6619888229
0.0021070248 0.6619888229
0.0021071419 0.6622020012
0.0021072114 0.662653317
0.0021072509 0.66282249
0.0021072871 0.6633750541
0.002107339 0.6634246257
0.0021073625 0.6637325622
0.0021073625 0.6637325622
0.0021074204 0.6640492288
0.0021076095 0.6646369308
0.0021076329 0.6650611732
0.002107636 0.6652040303
0.0021077246 0.6655755671
0.0021078194 0.665958351
0.0021079387 0.6662055732
0.0021080394 0.666508351
0.0021081027 0.666595851
0.0021082108 0.6667471668
0.0021083648 0.6672269716
0.0021085218 0.6674653287
0.0021086539 0.6678943631
0.0021087827 0.6683092855
0.0021088623 0.6683560247
0.0021089113 0.6685810247
0.0021089525 0.6688615802
0.0021089784 0.6689838024
0.0021090576 0.6691320583
0.0021090576 0.6691320583
0.0021092761 0.6695190446
0.0021093352 0.6695423004
0.0021094592 0.6696161972
0.0021094955 0.6697394531
0.0021095769 0.6697899581
0.002109598 0.6701328152
0.0021096657 0.6701779014
0.0021098819 0.6705198675
0.0021099434 0.6705442578
0.0021099613 0.670998226
0.002110045 0.6711392604
0.0021101361 0.6719001
0.0021101361 0.6719001
0.0021101509 0.6720001
0.0021102698 0.6724791044
0.0021103766 0.6725546094
0.0021103959 0.6727546094
0.0021104314 0.6730052504
0.0021104802 0.6730302504
0.0021105303 0.6730552504
0.0021105656 0.6730769896
0.0021106553 0.6731487712
0.0021107405 0.673200087
0.0021107522 0.6735334203
0.0021107566 0.6737834203
0.0021108107 0.6738328106
0.0021108823 0.6749112294
0.0021109435 0.6751339567
0.0021109479 0.6753006233
0.002110958 0.6754117344
0.0021109696 0.6756657027
0.0021109943 0.6757133217
0.0021110305 0.6760476887
0.0021111808 0.6762186718
0.0021112385 0.676241399
0.00211125 0.676341399
0.0021113191 0.6764641263
0.0021113191 0.6764641263
0.0021113248 0.6765229498
0.0021113692 0.6767159323
0.0021114551 0.6768476339
0.0021114665 0.6769726339
0.0021115564 0.6771908879
0.0021115564 0.6771908879
0.0021115891 0.6775808104
0.0021116388 0.6778106083
0.0021117154 0.6781889366
0.0021117494 0.6782106758
0.0021118286 0.6782582681
0.0021119458 0.6784153623
0.0021119458 0.6784153623
0.0021121247 0.6786416788
0.0021122161 0.6788982679
0.0021122161 0.6788982679
0.0021122666 0.6792927124
0.0021122876 0.6794605445
0.0021123449 0.6794832718
0.0021123449 0.6794832718
0.0021124161 0.6798070813
0.0021125066 0.6800021065
0.0021125233 0.6803790296
0.0021125636 0.6804040296
0.0021125885 0.6809318073
0.002112655 0.6810697818
0.0021127021 0.6813336707
0.0021127021 0.6813336707
0.00211276 0.6813569265
0.0021127696 0.6814997836
0.0021127779 0.6815997836
0.0021127806 0.6817664503
0.002112926 0.6820502887
0.0021129534 0.6820735445
0.0021129794 0.6822957667
0.0021130327 0.6825416
0.0021131227 0.6829490762
0.0021131704 0.6833365762
0.0021131731 0.6835365762
0.0021131949 0.6841726873
0.0021132505 0.684726854
0.0021132885 0.6852435207
0.0021132993 0.6854594297
0.0021133033 0.6856594297
0.0021133209 0.68588382
0.0021134044 0.6859333916
0.0021134408 0.6860154709
0.0021134408 0.6860154709
0.0021134555 0.6863821376
0.0021134971 0.6866391596
0.0021135654 0.6866877708
0.0021136229 0.6871328465
0.0021136682 0.6873584875
0.0021137069 0.68755147
0.0021137149 0.6876625811
0.0021137149 0.6876625811
0.0021137149 0.6876625811
0.0021137189 0.6877875811
0.0021137282 0.6878986922
0.0021137282 0.6878986922
0.0021137731 0.6879214195
0.0021138403 0.6883885912
0.0021138996 0.6886585862
0.0021139444 0.6886835862
0.0021139523 0.6892835862
0.0021140257 0.6895996991
0.0021140834 0.6898800021
0.0021140834 0.6898800021
0.002114103 0.6902716688
0.0021141579 0.6903211857
0.0021142009 0.6904384106
0.002114305 0.6907088651
0.0021143128 0.6907310874
0.0021143622 0.6910054776
0.0021143674 0.6912054776
0.0021144529 0.6913631003
0.0021144529 0.6913631003
0.0021145162 0.691569161
0.0021145639 0.6918683063
0.0021145639 0.6918683063
0.0021145755 0.6919683063
0.0021146308 0.6921361634
0.0021146783 0.6924579025
0.0021147193 0.6925399819
0.0021147193 0.6925399819
0.0021147347 0.6928169049
0.002114787 0.6930401608
0.0021147998 0.6932977365
0.0021148737 0.6933440131
0.0021149525 0.6935912353
0.0021149932 0.6936162353
0.0021150275 0.6936394912
0.0021150883 0.6937420553
0.0021151465 0.6937885669
0.0021151566 0.6938473904
0.0021151566 0.6938473904
0.0021151604 0.6940140571
0.0021151995 0.6940396981
0.0021151995 0.6940396981
0.0021152233 0.6940629539
0.0021153425 0.6943007396
0.0021153626 0.6946706743
0.0021153738 0.6947294978
0.0021153988 0.6948623481
0.0021153988 0.6948623481
0.0021154138 0.6951961143
0.0021154711 0.6955119263
0.0021154711 0.6955119263
0.0021154773 0.6956369263
0.0021154773 0.6956369263
0.0021154971 0.6958730374
0.0021155652 0.6963335387
0.0021156394 0.6966384946
0.0021156974 0.6966858748
0.0021157418 0.6967071514
0.0021157467 0.6968321514
0.0021157824 0.6971568989
0.0021158069 0.6971818989
0.0021158401 0.6973068989
0.002115867 0.6973318989
0.0021159184 0.697468651
0.0021159747 0.6976507303
0.0021160467 0.6977020461
0.0021160784 0.6977247734
0.0021161698 0.6980983114
0.0021162136 0.6982162475
0.002116261 0.6983543788
0.0021162925 0.6983793788
0.0021164113 0.6984550199
0.0021164621 0.6986806609
0.0021165202 0.6989283882
0.0021166084 0.6992690979
0.002116612 0.699360007
0.002116612 0.699360007
0.002116612 0.699360007
0.00211663 0.6995509161
0.0021166756 0.6999009161
0.0021166756 0.6999009161
0.0021166756 0.6999009161
0.0021166828 0.7000675827
0.0021167569 0.7001191701
0.0021167927 0.7001424259
0.0021168094 0.700510283
0.0021168201 0.7008019497
0.0021168427 0.7008263399
0.0021169151 0.7008982044
0.0021169815 0.7013604197
0.0021169898 0.7014604197
0.0021170395 0.7015664803
0.0021170691 0.7017164803
0.0021171163 0.7020743305
0.0021171163 0.7020743305
0.0021171528 0.7021820541
0.0021171528 0.7021820541
0.0021171669 0.7024598319
0.0021172104 0.7024825592
0.0021172467 0.702505815
0.0021172526 0.7026967241
0.0021172947 0.7030154109
0.0021173297 0.7031681887
0.0021173834 0.7034581112
0.0021173869 0.7037081112
0.0021174358 0.7039004189
0.0021174474 0.7040004189
0.0021174834 0.7041948633
0.0021175252 0.7042175906
0.0021175252 0.7042175906
0.002117531 0.7043425906
0.0021175691 0.7043658464
0.0021176268 0.7045956444
0.002117681 0.704992109
0.002117726 0.7053115535
0.0021178088 0.705593047
0.0021178088 0.705593047
0.0021178938 0.7061078524
0.0021179809 0.7067813372
0.0021179901 0.7071241944
0.002118037 0.7072709335
0.0021180473 0.7073820446
0.0021180621 0.7076082351
0.0021181557 0.7082409587
0.0021181875 0.7082687364
0.0021182205 0.7082965142
0.0021182376 0.7087302805
0.0021182807 0.70885409
0.0021183193 0.7092445662
0.00211836 0.7093582025
0.0021183657 0.7095582025
0.0021183657 0.7095582025
0.0021184052 0.7099153454
0.0021184616 0.7099603403
0.0021185066 0.7103066169
0.0021185404 0.7103278935
0.0021185471 0.7104707507
0.0021186257 0.7108600281
0.0021186335 0.7109600281
0.0021186581 0.7109838376
0.0021186581 0.7109838376
0.002118695 0.711178282
0.0021187073 0.711403282
0.0021187129 0.7115461392
0.0021188053 0.7119866643
0.0021188097 0.7121295215
0.0021188442 0.7122980196
0.0021188653 0.7127519879
0.0021189817 0.7129670892
0.0021189817 0.7129670892
0.0021189883 0.7130504225
0.0021190215 0.7132408987
0.0021190215 0.7132408987
0.0021190237 0.7133837559
0.0021190391 0.7136175221
0.0021190985 0.7138110203
0.0021191435 0.7138337476
0.0021191435 0.7138337476
0.0021191435 0.7138337476
0.0021191435 0.7138337476
0.0021191435 0.7138337476
0.0021191479 0.7140004142
0.0021191708 0.7141551761
0.002119185 0.7146960852
0.0021192504 0.7149140339
0.0021192776 0.7150607731
0.0021192776 0.7150607731
0.0021193449 0.7152466459
0.0021193449 0.7152466459
0.0021194576 0.7155233206
0.0021194576 0.7155233206
0.0021195149 0.7157874543
0.0021195311 0.7160374543
0.0021195429 0.7162712205
0.0021195451 0.7164712205
0.0021196301 0.7165189478
0.0021196377 0.7166618049
0.0021196591 0.716988728
0.0021196591 0.716988728
0.0021197117 0.7172639729
0.0021197192 0.7173473062
0.0021197224 0.7175139729
0.0021197309 0.7176389729
0.0021197832 0.7179500338
0.0021197832 0.7179500338
0.0021198024 0.7179732896
0.0021198024 0.7179732896
0.0021198024 0.7179732896
0.0021198024 0.7179732896
0.0021198087 0.7181399563
0.002119885 0.7182875753
0.0021199252 0.7185403531
0.0021199464 0.7190895955
0.0021199464 0.7190895955
0.0021199464 0.7190895955
0.0021200001 0.7194673733
0.0021200054 0.7196102304
0.0021200296 0.71963404
0.0021200569 0.7196557791
0.0021200621 0.7197986362
0.0021200621 0.7197986362
0.0021200621 0.7197986362
0.0021200621 0.7197986362
0.0021200621 0.7197986362
0.0021200736 0.7202748267
0.0021200767 0.7204176839
0.0021200788 0.7206676839
0.0021200788 0.7206676839
0.0021200819 0.7208343505
0.0021200902 0.7209176839
0.0021201224 0.7209389605
0.0021201524 0.72096277
0.0021201928 0.7210062482
0.0021202362 0.7210289755
0.0021202393 0.7211289755
0.0021202466 0.7212123088
0.0021202631 0.7212345311
0.002120331 0.7212851721
0.0021203362 0.7213851721
0.0021203362 0.7213851721
0.0021203731 0.7214657348
0.0021203731 0.7214657348
0.0021203731 0.7214657348
0.0021203731 0.7214657348
0.0021204304 0.7217378523
0.0021204662 0.7218397753
0.0021204784 0.7221508865
0.0021204784 0.7221508865
0.002120568 0.7222219182
0.0021206423 0.7222707277
0.0021206504 0.7223707277
0.0021206534 0.7224818388
0.0021206687 0.7226587619
0.0021206818 0.7229266191
0.0021206909 0.7232266191
0.0021207354 0.7237493463
0.0021207465 0.7240588701
0.0021208454 0.7243868002
0.0021208535 0.7244868002
0.0021208535 0.7244868002
0.0021208535 0.7244868002
0.0021208726 0.7249205665
0.0021208776 0.7250872331
0.0021208776 0.7250872331
0.0021209407 0.7251332162
0.0021209838 0.7253032112
0.0021209838 0.7253032112
