0.000239 0.025654385
0.0003915 0.0465760635
0.0005105 0.0640599094
0.0006085 0.079555036
0.0006989 0.0961853271
0.0007719 0.1074063322
0.0008381857 0.1180228917
0.0008966857 0.1291751996
0.0009512413 0.1394770536
0.0010039413 0.1475123798
0.0010506685 0.1556393293
0.0010887519 0.1626050724
0.0011257519 0.1704923527
0.0011618947 0.1760809098
0.0011920947 0.1824894605
0.0012213447 0.1896578953
0.0012464036 0.1948733148
0.0012697924 0.2000881718
0.0012984767 0.2066268713
0.0013255767 0.2129288422
0.00134591 0.2167066099
0.0013684554 0.2216231018
0.0013914554 0.2272401753
0.0014103304 0.2305875229
0.0014321704 0.2347889101
0.0014522474 0.2400910857
0.0014705066 0.2449698967
0.0014871852 0.2489344491
0.0015045645 0.2536168729
0.0015189312 0.25698096
0.0015285763 0.2594865306
0.0015377638 0.2619516658
0.001549582 0.2650412097
0.0015588173 0.2674180032
0.0015696173 0.2704101768
0.0015821173 0.2731008385
0.0015921984 0.2762919248
0.0016029616 0.2787276552
0.0016123718 0.2809296475
0.0016217968 0.2839638002
0.0016327968 0.2873284023
0.0016398682 0.2904069393
0.0016481938 0.294014632
0.0016556256 0.2967280271
0.0016646479 0.2994865636
0.0016717348 0.3029147879
0.0016786923 0.305824854
0.0016865048 0.3081988252
0.0016947701 0.31133388
0.0017001501 0.3137179404
0.0017069736 0.3163429417
0.0017146659 0.3193594529
0.0017228735 0.3211807154
0.001728466 0.3246013029
0.0017356479 0.3269570545
0.0017403264 0.3291504827
0.001745537 0.3312920097
0.0017500197 0.3335776233
0.0017536468 0.3354434595
0.0017575802 0.3381341863
0.001762613 0.3402033736
0.001768242 0.3432342318
0.0017726388 0.3451583799
0.0017773263 0.3473071804
0.0017816186 0.3497565914
0.001785255 0.3521783765
0.0017887177 0.3540450431
0.0017919677 0.3559621927
0.0017970691 0.359048963
0.0018003263 0.3610693634
0.0018040727 0.3622843684
0.0018076561 0.3633211312
0.0018114506 0.3652744804
0.0018159371 0.3672263351
0.0018184838 0.3680628757
0.0018208785 0.369602224
0.0018245928 0.3710370178
0.0018295287 0.3728671082
0.001833073 0.3746197097
0.001835523 0.3756153725
0.0018396711 0.3770227487
0.0018431223 0.3783556802
0.0018461585 0.3799224992
0.0018486228 0.3823180676
0.0018504934 0.3833161172
0.0018524469 0.3854811327
0.0018542744 0.3872861514
0.0018562517 0.3894738862
0.0018592967 0.3912440469
0.0018613078 0.3927197479
0.0018628462 0.3942134644
0.0018647375 0.3961309474
0.0018669848 0.3975451762
0.0018695061 0.3993785608
0.001872043 0.4008783496
0.0018737617 0.4027641742
0.0018756483 0.4038418734
0.0018778932 0.4057457466
0.0018796508 0.4069842158
0.0018811908 0.4081067376
0.0018828541 0.4091599223
0.00188456 0.4103213191
0.0018861911 0.4110816932
0.0018885757 0.412526777
0.0018909471 0.4140658979
0.0018923151 0.4152470622
0.0018944459 0.4163367119
0.0018964089 0.4175156741
0.0018973722 0.4183917154
0.0018988722 0.4192180177
0.001901728 0.4202548549
0.0019043441 0.4222946023
0.0019063707 0.4238086072
0.0019077391 0.4253054436
0.0019093825 0.4265911541
0.0019115894 0.4274657238
0.0019133843 0.4290534627
0.0019149521 0.4303787842
0.0019171286 0.4311886594
0.0019187453 0.4321482109
0.0019206957 0.4329020684
0.0019222776 0.4345372735
0.0019236435 0.4353682459
0.0019246274 0.4362383207
0.0019259394 0.4370714481
0.0019272965 0.438595685
0.0019290052 0.4395947105
0.0019303177 0.4402818027
0.0019316045 0.4410259069
0.0019336045 0.4424685327
0.0019348411 0.4436897054
0.0019369017 0.4452059424
0.0019386762 0.4464467186
0.0019401314 0.4471250132
0.0019416351 0.4485338246
0.0019427822 0.4491349926
0.0019446654 0.4512762012
0.0019465639 0.4523721911
0.0019479812 0.4535324868
0.0019492955 0.4543688203
0.0019502955 0.4551631576
0.0019509293 0.4559316784
0.0019525027 0.4571523084
0.0019530791 0.457968377
0.0019538653 0.4583344089
0.0019546735 0.459056741
0.0019551361 0.4601251032
0.001956251 0.4609218633
0.0019576469 0.462179322
0.0019584069 0.4633163711
0.0019591089 0.4639318299
0.0019598655 0.4645499792
0.001960957 0.4655767183
0.0019612038 0.4662519631
0.001962107 0.4676603603
0.0019632608 0.4682623472
0.0019644901 0.4688218872
0.0019657623 0.4697381239
0.0019664352 0.4701965217
0.0019672665 0.470994424
0.0019685895 0.4719037264
0.0019696759 0.4724722223
0.0019702403 0.473074364
0.0019714659 0.4745952034
0.0019722538 0.4753568309
0.0019735429 0.4766370902
0.0019750519 0.4779967585
0.0019759091 0.4785405175
0.0019762641 0.4791478939
0.0019771406 0.4799079839
0.0019776727 0.4807345932
0.0019782134 0.4815038081
0.0019785603 0.4817960253
0.0019792901 0.4827349362
0.0019800444 0.4835965743
0.0019813115 0.4841573262
0.0019820346 0.4855310855
0.001983411 0.4864107825
0.0019845395 0.487931931
0.001985384 0.4891378571
0.0019858867 0.4897102373
0.0019868758 0.4900831601
0.0019874167 0.4908624376
0.0019882972 0.4922868886
0.0019896647 0.4932220143
0.0019905196 0.4941125596
0.0019909153 0.4951784687
0.0019916919 0.4956459483
0.0019924855 0.4963451103
0.0019929592 0.4971841795
0.0019935927 0.4976176985
0.0019941657 0.4983821211
0.0019952796 0.4992103158
0.001995893 0.5000715163
0.0019965187 0.5006640143
0.0019975187 0.5013324206
0.0019983816 0.5021086055
0.0019987503 0.5026944784
0.0019993986 0.5034218131
0.0020003886 0.504054685
0.0020012891 0.5050805334
0.0020016009 0.5055511684
0.0020022019 0.5066819237
0.0020030647 0.5070610408
0.0020036939 0.5079811483
0.00200416 0.5093964475
0.0020048411 0.5099219838
0.0020054373 0.5105257515
0.0020057387 0.5112829919
0.0020060387 0.5118636348
0.0020066264 0.5126643187
0.0020069802 0.5136267083
0.0020077172 0.5147077551
0.0020079836 0.5151351378
0.0020086115 0.5154712801
0.0020090513 0.516035894
0.0020092449 0.5162136718
0.002009699 0.5171466402
0.0020102058 0.5174610604
0.0020107377 0.5183993973
0.0020113485 0.5187862261
0.0020121954 0.519258881
0.0020128456 0.5198367774
0.0020130822 0.5200265522
0.0020134378 0.5205862105
0.0020139112 0.5209123565
0.0020142064 0.5214893767
0.0020147239 0.522076777
0.0020152217 0.5228503476
0.0020152913 0.5232079234
0.0020157155 0.5233726733
0.0020162285 0.5238790142
0.0020169023 0.5247257962
0.0020171672 0.5248887706
0.0020174353 0.5250096976
0.0020179311 0.5253987444
0.0020185556 0.5258210698
0.0020188623 0.5258980266
0.0020194941 0.5264057374
0.0020198899 0.5268754753
0.0020202592 0.5271938872
0.0020204906 0.5286296888
0.0020208281 0.5289563634
0.0020211436 0.5296855716
0.0020213396 0.5301012015
0.0020216891 0.5308766253
0.0020219361 0.5311650311
0.0020222184 0.531865284
0.0020227726 0.5320302781
0.0020229446 0.5323387197
0.0020235024 0.5326508513
0.0020237801 0.5331148981
0.0020239896 0.5335488724
0.0020244975 0.5344456989
0.0020245995 0.5350028417
0.0020249901 0.5356151459
0.0020253325 0.5359796468
0.0020254798 0.5360330656
0.002025862 0.5372158252
0.002026212 0.5375756293
0.002026304 0.5377462642
0.0020263727 0.5383828083
0.0020265666 0.5390176081
0.0020268734 0.5392755918
0.0020271413 0.5395989504
0.0020275248 0.5402639898
0.0020278319 0.5413718653
0.0020282349 0.5415939097
0.0020284617 0.5417851351
0.0020286505 0.5420052109
0.0020288203 0.5425591517
0.0020292284 0.5434298767
0.0020298694 0.5438259751
0.0020303512 0.5442443383
0.0020306384 0.5448560862
0.0020310877 0.5450734158
0.0020315137 0.5458323819
0.0020318806 0.5467120785
0.0020322068 0.5472220304
0.0020324568 0.5476203384
0.0020328553 0.5485224075
0.0020333092 0.5494666282
0.0020336944 0.5501444933
0.0020337719 0.5502922206
0.0020338596 0.5507351567
0.0020340974 0.5512307054
0.0020345852 0.5516631462
0.0020347102 0.5518108735
0.00203507 0.5519908309
0.0020352045 0.5521640867
0.002035531 0.5524683797
0.0020361269 0.5529799832
0.0020363419 0.5532770486
0.0020365255 0.5535775536
0.0020367222 0.5542841647
0.0020369113 0.5546631549
0.0020370359 0.5549767913
0.0020371903 0.5553241715
0.0020375682 0.5557106982
0.0020376882 0.556021454
0.0020378709 0.5563346574
0.0020380795 0.5569184237
0.002038337 0.5576994843
0.0020385508 0.5580791155
0.002038777 0.5585214896
0.0020392835 0.5590625475
0.0020397135 0.5593327465
0.0020399635 0.559556146
0.0020403098 0.5599891171
0.0020407485 0.5602859299
0.0020410282 0.5608516626
0.0020413648 0.5614578008
0.0020417641 0.5617686001
0.0020421208 0.5624998182
0.002042451 0.5628342114
0.0020427833 0.5631575598
0.0020428684 0.5634903394
0.0020430477 0.5637040714
0.0020431668 0.5639696558
0.0020434262 0.5649417733
0.0020437346 0.5650117122
0.0020439644 0.5655032166
0.0020440913 0.5659610668
0.0020444957 0.5663975783
0.0020446834 0.5665563354
0.0020449134 0.5669112886
0.0020450694 0.5676904154
0.0020450907 0.5680654154
0.0020451515 0.5683371546
0.0020452939 0.5686734236
0.0020453151 0.5687845347
0.0020454145 0.568807262
0.0020455016 0.5691509489
0.0020458878 0.5697755241
0.0020463236 0.5700490175
0.002046776 0.5702309922
0.0020471291 0.57088382
0.0020474901 0.5713191859
0.0020478087 0.5716425333
0.0020479763 0.571886342
0.0020481786 0.5721231161
0.0020482898 0.5723465359
0.0020484793 0.5724164123
0.0020487438 0.5725276788
0.0020489496 0.5727253852
0.0020495045 0.573636411
0.0020496745 0.5738508049
0.002049959 0.5742055611
0.0020501367 0.5749464561
0.0020504252 0.5750349263
0.0020505591 0.5753820439
0.0020507779 0.5758814791
0.0020510952 0.5760745261
0.0020514539 0.5765457158
0.0020518201 0.5766634693
0.0020520786 0.5769970226
0.0020524847 0.5772014096
0.002052521 0.5775692667
0.0020526854 0.5777565903
0.0020527659 0.5779933424
0.0020528657 0.5781183424
0.0020530618 0.5790750885
0.00205334 0.5796266681
0.0020534169 0.57998143
0.0020534882 0.5805953189
0.0020536111 0.580951908
0.0020539926 0.5813087717
0.0020542018 0.5816976606
0.002054275 0.5817214701
0.0020542966 0.5819476606
0.0020544611 0.5822203066
0.0020546277 0.5823670458
0.002054869 0.5830680836
0.0020549198 0.5836220519
0.0020554425 0.5845376927
0.0020556632 0.585006675
0.0020557083 0.5853011194
0.0020559226 0.5862548143
0.0020562392 0.586767464
0.0020562787 0.5872936545
0.0020565832 0.5877332347
0.0020568057 0.5883381921
0.0020568213 0.5886048588
0.0020569984 0.588981879
0.0020570763 0.5894929901
0.00205718 0.589537985
0.0020574616 0.5899991841
0.00205774 0.5906667678
0.0020578197 0.5908826769
0.0020579863 0.5912749846
0.0020580835 0.5918817667
0.0020581728 0.5919288321
0.0020584044 0.5922157222
0.0020586531 0.5925914657
0.002058724 0.5927258326
0.0020590043 0.593100233
0.0020590874 0.5931484888
0.0020591653 0.5933580847
0.0020592279 0.5936939243
0.0020593079 0.5940267746
0.0020593803 0.5949101079
0.0020596116 0.5953403858
0.0020597853 0.5956664194
0.0020599363 0.5961519308
0.0020601338 0.5965191338
0.0020602348 0.5970549734
0.002060424 0.5972941383
0.0020606912 0.5977823576
0.002060718 0.5980073576
0.0020609156 0.5984536342
0.0020611614 0.5986416449
0.0020612924 0.598804038
0.0020613626 0.599029038
0.0020615607 0.5992766279
0.0020616378 0.5996459461
0.0020618373 0.6002527564
0.0020618517 0.6006194231
0.0020622058 0.6014051278
0.0020623442 0.6017173134
0.0020625442 0.6019159727
0.002062644 0.6022551376
0.0020627743 0.602613976
0.0020629209 0.6031258541
0.0020630129 0.603395027
0.0020630693 0.6038435119
0.0020631656 0.6039174467
0.0020633389 0.6042375322
0.0020634183 0.6046165004
0.0020637237 0.6051183213
0.0020638446 0.6053564165
0.0020643202 0.6062476891
0.0020644939 0.6067807509
0.0020646809 0.6072971461
0.0020649113 0.607711311
0.00206507 0.6078840174
0.0020652351 0.6082029081
0.0020653518 0.6083645243
0.0020654682 0.608417302
0.0020656345 0.6086749499
0.0020657936 0.6091948994
0.0020661474 0.6095396824
0.0020661609 0.6097646824
0.0020663776 0.6103458684
0.0020665488 0.6110977005
0.002066596 0.6113601274
0.0020667014 0.6116026349
0.0020667014 0.6116026349
0.0020669447 0.6119939779
0.0020670471 0.6122167052
0.0020672649 0.6128102823
0.0020675376 0.6132050749
0.0020676062 0.6137634083
0.0020677541 0.6146279382
0.0020680493 0.6148508894
0.0020680625 0.6149758894
0.0020681743 0.6152839512
0.0020685047 0.6158609117
0.0020685877 0.6161417432
0.0020687772 0.6163536525
0.0020687925 0.6164369858
0.0020689139 0.6166102416
0.0020690893 0.616992618
0.0020691389 0.617128583
0.0020691993 0.6174108872
0.002069438 0.6178312706
0.0020694444 0.6179979373
0.0020696543 0.618482645
0.0020697697 0.6188133542
0.0020699765 0.619151004
0.0020699978 0.6192343373
0.0020701697 0.6196584386
0.00207021 0.6196816945
0.0020703432 0.620013205
0.0020704255 0.6202011483
0.002070516 0.6204258958
0.002070682 0.6209718789
0.0020707448 0.6215515797
0.0020708202 0.6219429939
0.002070912 0.6224121668
0.0020709745 0.6227434297
0.0020712094 0.6229472386
0.0020714418 0.6233151873
0.0020715163 0.6235619265
0.002071599 0.6240633665
0.002071599 0.6240633665
0.0020716587 0.6243025314
0.0020718414 0.6245567196
0.0020718414 0.6245567196
0.00207196 0.6250556271
0.0020721151 0.6254813331
0.0020723127 0.6261419785
0.0020725444 0.6264515034
0.0020726843 0.6266998717
0.0020727775 0.6270248717
0.002072834 0.6271637606
0.0020729933 0.6273532447
0.0020731704 0.627513884
0.0020734515 0.627633223
0.0020736539 0.6279978025
0.0020737599 0.6283155028
0.0020737978 0.6286932806
0.0020738157 0.6290682806
0.0020738973 0.6294725955
0.0020740798 0.6297366632
0.0020742541 0.6304383588
0.0020743825 0.6305716921
0.0020744752 0.6309578032
0.0020746091 0.6313347263
0.0020748016 0.6316543691
0.0020749408 0.631723608
0.0020751894 0.6323796242
0.0020752558 0.6324296242
0.0020753064 0.6324546242
0.002075538 0.6325789137
0.0020756234 0.6330314778
0.0020757726 0.6334457905
0.0020758481 0.6336905707
0.0020760952 0.6337776301
0.0020762474 0.6341924965
0.0020763878 0.6344707644
0.0020763935 0.6345957644
0.0020764816 0.6348468957
0.0020765868 0.6350603015
0.0020766612 0.635084111
0.0020767431 0.6352496954
0.0020770264 0.6355575882
0.0020772332 0.6362192498
0.0020773696 0.6364186713
0.0020775813 0.6366461516
0.0020776606 0.6367961516
0.0020777265 0.6373812336
0.0020778317 0.6382213129
0.0020779593 0.6382713129
0.0020781073 0.6386779021
0.0020781764 0.6387029021
0.002078404 0.6390135571
0.0020784785 0.6393140622
0.0020784785 0.6393140622
0.0020786028 0.6393814071
0.0020787362 0.6394283248
0.0020788267 0.6398872991
0.0020789282 0.6399392559
0.0020789614 0.6399605325
0.0020791011 0.6404629448
0.0020792057 0.6407973117
0.0020795445 0.6415905483
0.0020795792 0.641618326
0.0020796559 0.641913961
0.0020797178 0.6421872168
0.0020797996 0.6422738181
0.0020798069 0.6424404847
0.0020798974 0.642689734
0.0020799517 0.6428379898
0.0020800817 0.6429860319
0.0020801754 0.643468054
0.0020803156 0.6437030723
0.0020803928 0.6440919611
0.0020803964 0.6442348183
0.0020804877 0.6444848183
0.0020805966 0.6447337151
0.0020807356 0.6449474993
0.0020807552 0.6450308326
0.0020808493 0.6451974993
0.0020808493 0.6451974993
0.0020809909 0.6453804773
0.0020810528 0.6455172295
0.0020812485 0.6460360319
0.0020812485 0.6460360319
0.0020813557 0.6463558458
0.0020814101 0.6463785731
0.0020815958 0.6469885079
0.0020816744 0.647529229
0.0020817408 0.6481381936
0.0020818644 0.6486394757
0.0020819792 0.6487381283
0.0020820799 0.6490381596
0.0020821995 0.6496672
0.0020822376 0.6500847898
0.0020822807 0.6507882086
0.0020824135 0.6508686544
0.002082491 0.6509531189
0.0020825374 0.6514638332
0.0020826643 0.6515361321
0.0020827722 0.6517660779
0.0020828166 0.6519590604
0.0020829292 0.6520344842
0.0020829292 0.6520344842
0.002083118 0.6527486521
0.0020831588 0.6527742931
0.0020832215 0.6529020709
0.0020833399 0.6535637325
0.00208335 0.6539637325
0.0020833956 0.6540850091
0.0020835589 0.6542485642
0.0020836614 0.6543943976
0.0020837352 0.6546672608
0.002083757 0.654889483
0.0020838122 0.6551950386
0.0020838906 0.6553206796
0.002083899 0.6555206796
0.0020839456 0.6559338109
0.0020839505 0.6561838109
0.002083997 0.6564588109
0.0020840748 0.6566800875
0.0020841393 0.6569828653
0.0020841657 0.6574606431
0.0020842316 0.6574819197
0.0020842694 0.6576096975
0.0020842694 0.6576096975
0.0020843235 0.6578735863
0.0020843235 0.6578735863
0.0020843398 0.658165253
0.0020843741 0.6582915688
0.0020844881 0.6585095175
0.0020845775 0.6586424225
0.0020847707 0.6588669242
0.0020847837 0.6588886633
0.0020848597 0.6591262048
0.0020849276 0.6592917893
0.0020850743 0.6597851305
0.0020851259 0.6600601305
0.0020851307 0.6602029877
0.0020852142 0.6603532705
0.0020852318 0.6606941796
0.0020854494 0.6608159162
0.0020855644 0.6608880337
0.0020855963 0.661335256
0.0020857141 0.6615532384
0.0020857889 0.6616021352
0.0020858159 0.662109711
0.0020859442 0.6623508946
0.0020860107 0.662445579
0.0020860754 0.6627397519
0.0020861133 0.6629327344
0.0020861275 0.6629583754
0.0020861652 0.6629846912
0.0020861715 0.6631846912
0.0020863314 0.6632544213
0.0020863392 0.6633794213
0.0020863626 0.6635953304
0.0020864422 0.664053303
0.0020864796 0.6640810808
0.0020865667 0.6645171919
0.0020866567 0.6650088586
0.0020867094 0.6651338586
0.0020867915 0.6653088898
0.0020868981 0.6653894454
0.0020868981 0.6653894454
0.0020870044 0.6657938785
0.0020871798 0.6660883449
0.0020872889 0.6666396607
0.0020873886 0.6666879165
0.0020874774 0.6668812787
0.0020874973 0.6673979453
0.0020875431 0.6674229453
0.0020876147 0.6678640022
0.0020877472 0.6681480416
0.0020878034 0.6683158988
0.0020878428 0.6683422145
0.0020878428 0.6683422145
0.0020879472 0.6683928556
0.0020879578 0.6684928556
0.0020880015 0.6688916651
0.0020880482 0.6693583318
0.0020880858 0.669481059
0.0020881459 0.669615426
0.0020881699 0.6697682037
0.0020881983 0.6701293148
0.0020883553 0.6704277363
0.0020884135 0.670926149
0.0020884492 0.6710308499
0.002088546 0.6715318835
0.0020886039 0.6718476954
0.0020886959 0.6720239775
0.0020888352 0.6725497974
0.0020888929 0.6727078261
0.0020890007 0.6730689592
0.0020890523 0.6732740317
0.0020891053 0.6733726939
0.0020891244 0.6736580474
0.0020891421 0.6739247141
0.002089211 0.6741741604
0.0020892622 0.6742813032
0.0020893763 0.6744823846
0.0020894142 0.6746191367
0.0020895702 0.6750777369
0.0020896357 0.6752284429
0.0020896415 0.675319352
0.0020896807 0.6755471298
0.0020897169 0.6755749076
0.0020897328 0.6756337311
0.0020897415 0.6757587311
0.0020897502 0.6758587311
0.0020898251 0.6761868155
0.0020898942 0.6763095428
0.0020899028 0.6764762095
0.0020899042 0.6766012095
0.0020899988 0.6768330808
0.0020900045 0.6769759379
0.0020900802 0.6770243062
0.0020901145 0.6772131951
0.002090123 0.6773560523
0.002090123 0.6773560523
0.00209014 0.6775989094
0.0020902549 0.6778289819
0.002090262 0.6779956485
0.0020903129 0.6781330754
0.0020903172 0.6782330754
0.0020903778 0.6784813313
0.0020904877 0.6788679474
0.0020905046 0.6791179474
0.0020905411 0.6792835318
0.0020905705 0.6794067876
0.0020906602 0.679588867
0.0020907203 0.6797227054
0.0020907943 0.6798576183
0.0020907943 0.6798576183
0.0020907943 0.6798576183
0.0020907943 0.6798576183
0.0020908443 0.6798832594
0.0020908707 0.6799070689
0.002090879 0.6800737356
0.0020908831 0.6801987356
0.0020908831 0.6801987356
0.00209089 0.6803415927
0.0020909327 0.6803654022
0.0020909644 0.6805897925
0.0020909891 0.6808897925
0.0020910028 0.6809897925
0.0020910028 0.6809897925
0.0020910534 0.6810161083
0.0020911463 0.6812229796
0.0020911832 0.6812447187
0.0020911859 0.6813875759
0.0020911954 0.681530433
0.002091262 0.6816886616
0.002091281 0.6819426299
0.0020913257 0.6822526189
0.0020913555 0.6826212087
0.0020913636 0.6827878753
0.0020913636 0.6827878753
0.0020913636 0.6827878753
0.0020913676 0.6829307325
0.0020913891 0.6829539883
0.0020914549 0.683269193
0.0020914938 0.6832969707
0.0020915406 0.6834892784
0.0020915567 0.6836571106
0.0020916248 0.6843576157
0.0020916781 0.6846274569
0.0020916914 0.6847107903
0.0020917393 0.6847357903
0.0020918043 0.6847871061
0.002091811 0.6848982172
0.0020918189 0.6854315505
0.0020918771 0.68565536
0.0020918771 0.68565536
0.0020919391 0.6860352302
0.002091947 0.6861602302
0.0020919589 0.6864280873
0.0020919681 0.6865530873
0.0020920704 0.686840508
0.0020922107 0.6871345776
0.0020922499 0.6871567999
0.0020922996 0.687517911
0.0020923231 0.6877262443
0.0020924105 0.6878858934
0.0020924339 0.6882434692
0.0020924976 0.6884900817
0.0020925496 0.6886128089
0.0020926002 0.6887350311
0.0020926623 0.689183287
0.0020927128 0.6893055092
0.0020927335 0.6894298994
0.0020927335 0.6894298994
0.002092736 0.6895548994
0.002092736 0.6895548994
0.0020927437 0.6897215661
0.0020927771 0.6900762669
0.0020928502 0.69035657
0.0020928502 0.69035657
0.002092854 0.69055657
0.0020929422 0.6910810511
0.0020929473 0.6912477177
0.0020929473 0.6912477177
0.0020930376 0.6916410799
0.0020930503 0.6919089371
0.0020930947 0.6920367148
0.0020930947 0.6920367148
0.0020931529 0.6922896715
0.0020931706 0.6923118937
0.0020932717 0.6927987109
0.0020932944 0.6928219667
0.0020932944 0.6928219667
0.0020933132 0.6928441889
0.002093371 0.6928944717
0.0020933999 0.6930288387
0.0020934324 0.6933994736
0.0020934788 0.6934222009
0.0020934788 0.6934222009
0.0020936011 0.6934979672
0.0020936011 0.6934979672
0.002093616 0.6937519355
0.002093616 0.6937519355
0.0020936272 0.6940769355
0.0020937476 0.6943468037
0.0020937538 0.6945134704
0.0020938045 0.6946824318
0.0020938045 0.6946824318
0.0020938638 0.6949284148
0.0020938675 0.6950193239
0.0020939722 0.695213083
0.0020939771 0.695463083
0.0020940766 0.6955849512
0.0020941416 0.6959576785
0.0020942176 0.6963006146
0.0020943045 0.6963471263
0.0020943118 0.6964582374
0.0020943399 0.6964832374
0.0020944253 0.6966961618
0.0020944606 0.6968878285
0.0020945153 0.6970682646
0.0020945895 0.6971154868
0.002094689 0.697449858
0.0020947193 0.6977991005
0.0020947193 0.6977991005
0.0020947193 0.6977991005
0.0020947603 0.6979504162
0.0020948026 0.6981736721
0.0020948423 0.698363066
0.0020948832 0.6984133488
0.0020948832 0.6984133488
0.0020948832 0.6984133488
0.0020949432 0.6985135277
0.0020949935 0.6988516659
0.0020950007 0.6990183325
0.0020950138 0.6993278563
0.0020950436 0.6993556341
0.0020950889 0.6996202304
0.0020951973 0.6997783112
0.002095227 0.6998010385
0.0020952306 0.6999438956
0.0020952306 0.6999438956
0.0020952306 0.6999438956
0.002095253 0.6999682859
0.0020952991 0.7000170954
0.0020952991 0.7000170954
0.0020953746 0.7000620449
0.0020954076 0.7001671173
0.0020954123 0.7002921173
0.0020954123 0.7002921173
0.0020954499 0.7003153732
0.0020954803 0.700341689
0.002095567 0.7007324093
0.0020956524 0.7009965742
0.0020957026 0.7012326854
0.0020958216 0.7016428395
0.0020958473 0.7016684806
0.0020959078 0.7017173774
0.0020959299 0.7019371576
0.0020959647 0.7020634734
0.0020960111 0.7020856956
0.0020960656 0.7021329178
0.0020961385 0.7021769217
0.0020961443 0.7023435884
0.0020962067 0.702394622
0.0020962251 0.7026105311
0.0020962251 0.7026105311
0.0020962366 0.7028783882
0.0020963136 0.7030372266
0.0020963446 0.7031385399
0.0020964639 0.7033729288
0.0020964753 0.7036268971
0.0020965554 0.7036713635
0.0020965554 0.7036713635
0.0020965646 0.7037824746
0.0020965999 0.7039302018
0.0020966181 0.7039534577
0.0020966409 0.7045693667
0.0020967045 0.7046159035
0.0020967045 0.7046159035
0.0020967193 0.7049270147
0.0020967283 0.7052698718
0.0020968188 0.7055328462
0.0020968539 0.705560624
0.0020969216 0.7057727687
0.002096934 0.7058636778
0.0020969486 0.7061136778
0.0020969486 0.7061136778
0.0020969486 0.7061136778
0.0020969542 0.7062565349
0.0020969991 0.7062803445
0.0020970976 0.7063506656
0.0020971233 0.7063784434
0.0020971233 0.7063784434
0.00209713 0.7067034434
0.0020971724 0.7068719416
0.0020971791 0.7070386082
0.0020971869 0.707348132
0.002097218 0.7077838213
0.0020972713 0.707989882
0.0020973633 0.7081348769
0.0020973766 0.7084348769
0.002097454 0.7084819422
0.002097454 0.7084819422
0.002097454 0.7084819422
0.002097454 0.7084819422
0.0020974595 0.7086247994
0.0020974661 0.7087676565
0.0020975199 0.708992385
0.0020975342 0.7090512085
0.0020975803 0.7092898449
0.0020975879 0.7095160354
0.0020975879 0.7095160354
0.0020975879 0.7095160354
0.0020976229 0.7095416764
0.0020976229 0.7095416764
0.0020977362 0.7096121309
0.0020977666 0.7096338701
0.0020977666 0.7096338701
0.0020977731 0.7100505367
0.0020978187 0.7104415937
0.0020978187 0.7104415937
0.0020978566 0.7105739814
0.0020978868 0.7111073147
0.0020978868 0.7111073147
0.0020979343 0.7113660809
0.0020979828 0.711716722
0.0020980377 0.7120894492
0.0020980377 0.7120894492
0.0020980592 0.7124163723
0.0020980624 0.7125274834
0.0020980731 0.7128385945
0.0020980774 0.7129635945
0.0020980774 0.7129635945
0.002098118 0.7129863218
0.002098118 0.7129863218
0.0020981244 0.7131529885
0.0020981436 0.7131752107
0.0020981851 0.7133437089
0.0020981851 0.7133437089
0.0020981967 0.7138532327
0.0020982073 0.7139120562
0.0020982211 0.7139370562
0.0020982613 0.7141597835
0.0020982645 0.7144931168
0.0020982645 0.7144931168
0.0020982698 0.7146042279
0.0020983088 0.7147524837
0.002098313 0.7148635948
0.0020983182 0.7149545039
0.0020983476 0.7150900053
0.002098356 0.7153995291
0.002098356 0.7153995291
0.0020983675 0.7156911958
0.0020984021 0.7158150053
0.0020984062 0.7160150053
0.0020984605 0.7160617444
0.0020984605 0.7160617444
0.002098523 0.7161123854
0.0020985314 0.7164790521
0.0020985459 0.7167045423
0.0020986134 0.7167485462
0.0020986601 0.7168723557
0.0020986974 0.7170211652
0.0020986974 0.7170211652
0.0020986974 0.7170211652
0.0020986974 0.7170211652
0.0020987201 0.7173294986
0.0020987737 0.7173762377
0.0020987737 0.7173762377
0.0020987819 0.7176012377
0.002098786 0.7178012377
0.0020988425 0.718148965
0.0020988497 0.718248965
0.0020988558 0.7183918221
0.002098863 0.7185029332
0.0020988671 0.7186279332
0.0020988977 0.7188947788
0.0020989671 0.7190454198
0.0020989702 0.7191565309
0.0020989814 0.7191821719
0.0020990017 0.7192065622
0.0020990017 0.7192065622
0.0020990362 0.7192292894
0.0020990464 0.7194959561
0.0020990464 0.7194959561
0.0020990535 0.7195959561
0.002099097 0.7196186834
0.0020991131 0.7200145167
0.0020991343 0.7200377725
0.0020991373 0.7202377725
0.0020991373 0.7202377725
0.0020991735 0.7203634136
0.0020991735 0.7203634136
0.0020991796 0.7204634136
0.0020991796 0.7204634136
0.0020992036 0.7204866694
0.0020992797 0.720617068
0.0020992797 0.720617068
