0.000245 0.0261542665
0.0004075 0.049088736
0.0005395 0.0688994753
0.000639 0.0837973069
0.000728 0.098993822
0.0008006667 0.1110415318
0.0008659524 0.1209647921
0.0009252024 0.1301365914
0.0009796468 0.1398990881
0.0010282468 0.1487124282
0.001072065 0.1578420044
0.001111315 0.1654497529
0.0011485458 0.1716112476
0.0011824743 0.1796770496
0.001211341 0.1857793685
0.001242966 0.1918472021
0.0012710248 0.19774707
0.001299136 0.2019411084
0.001328557 0.2069100679
0.001356657 0.2120113293
0.0013807999 0.2177423237
0.001405209 0.2227223458
0.0014270785 0.2277562157
0.0014485785 0.2324525434
0.0014654585 0.2360721416
0.0014879585 0.2409956537
0.0015033289 0.2455243304
0.0015198646 0.2488661203
0.0015353129 0.2547028563
0.0015466129 0.2579968233
0.0015606451 0.2616096937
0.0015687701 0.2646539187
0.0015790732 0.2679149894
0.0015906614 0.2715131758
0.0016038043 0.275851925
0.0016150265 0.2797914226
0.001625567 0.2823817626
0.0016374091 0.2855606045
0.0016468707 0.2884280931
0.0016558207 0.2911189594
0.0016637231 0.2948997624
0.0016705564 0.2967465482
0.0016798588 0.300533068
0.0016857451 0.303026755
0.0016951229 0.3055982138
0.0017025142 0.3079148428
0.0017113014 0.3107654564
0.0017199056 0.3133354595
0.0017276199 0.3158918718
0.0017339999 0.3188532764
0.0017406077 0.3209235992
0.001746877 0.3230536683
0.0017552732 0.3258685501
0.0017602362 0.3279483654
0.0017685816 0.3299252411
0.0017749566 0.332800357
0.0017812022 0.3349698819
0.0017859953 0.3370976446
0.0017915038 0.3390345141
0.0017972705 0.3412234439
0.0018012377 0.3428870389
0.001805899 0.3451812272
0.0018102323 0.3478803601
0.0018146542 0.3502364789
0.0018170542 0.3519412141
0.0018241148 0.3545188822
0.0018273834 0.3560841568
0.0018320158 0.3581102962
0.0018374071 0.3600419736
0.0018408642 0.3613968453
0.0018444699 0.3628012064
0.0018488449 0.3643258426
0.0018530367 0.3660011836
0.0018567664 0.3677307763
0.0018602464 0.3690104129
0.0018624043 0.3702891078
0.0018673004 0.37184603
0.0018706594 0.3734961099
0.0018745328 0.3752962602
0.0018782453 0.3771115391
0.0018815416 0.3787584105
0.0018850416 0.3798690456
0.001887897 0.3817082044
0.0018903732 0.3832182765
0.0018931967 0.3854417704
0.0018973014 0.3871884918
0.0019002784 0.3891701649
0.0019030852 0.3904220015
0.0019054785 0.3918823324
0.0019080229 0.3931756701
0.0019110559 0.3956127851
0.0019129689 0.3964518585
0.0019153022 0.3986742708
0.0019182916 0.3998536433
0.0019213442 0.402117909
0.0019229797 0.4039099821
0.0019247013 0.4049115627
0.0019276401 0.4060697598
0.0019286098 0.407407218
0.0019313698 0.4087606602
0.0019340628 0.4102537003
0.0019354256 0.4111296617
0.001938377 0.4118019104
0.0019403578 0.4131111168
0.0019428245 0.4150205847
0.0019447962 0.4171051146
0.0019473102 0.4192173679
0.0019498658 0.4204374504
0.0019520401 0.4217034355
0.0019535855 0.4234651964
0.0019555765 0.4245541135
0.0019580854 0.4258005908
0.0019601297 0.4271162822
0.0019618051 0.4285157138
0.0019641095 0.4293725795
0.0019658164 0.4307169054
0.0019675685 0.4321993246
0.0019693312 0.4334244585
0.0019711884 0.434195157
0.00197448 0.4353355592
0.0019759924 0.4363918769
0.0019774678 0.4378474908
0.0019789963 0.4384298577
0.0019805931 0.4391239933
0.0019817851 0.4403026391
0.0019835867 0.4414068657
0.001985437 0.4423148606
0.001987937 0.4437466722
0.0019891386 0.4444899828
0.0019919001 0.4462828985
0.0019935643 0.4475116381
0.0019950112 0.4487429152
0.0019966428 0.4500101205
0.0019977697 0.4505502251
0.0019987475 0.4515796576
0.0019997475 0.4524924198
0.0020016453 0.453498071
0.0020028047 0.4545764337
0.0020035601 0.4551040851
0.0020052958 0.4560914487
0.0020066717 0.4572192659
0.0020079886 0.4585531732
0.0020103103 0.4602591226
0.002011213 0.4607522304
0.0020127923 0.4623823861
0.0020136417 0.4629884285
0.0020145668 0.4638519905
0.0020150398 0.4646569688
0.0020171069 0.4661088705
0.0020175869 0.4664621533
0.0020181432 0.4669893816
0.0020189985 0.4678921752
0.0020211357 0.4690795403
0.0020221227 0.4698035674
0.0020233227 0.4707588461
0.0020244445 0.4717349477
0.0020253171 0.4719719749
0.0020263361 0.4728861885
0.0020268644 0.4737757078
0.0020277707 0.4750610971
0.0020298142 0.4761801291
0.0020311166 0.4770139441
0.0020321534 0.4775042817
0.0020327022 0.4782621488
0.002033484 0.4790652592
0.0020341527 0.4798693374
0.0020356258 0.4820313887
0.0020359472 0.4822983314
0.00203632 0.4832557191
0.0020366729 0.4839260765
0.0020375092 0.4852061373
0.002037951 0.4860703963
0.0020385002 0.4869230879
0.0020386324 0.4876826117
0.0020396609 0.4896214459
0.0020405189 0.490433707
0.0020409257 0.4909271147
0.0020417009 0.4913075615
0.0020425948 0.4925816334
0.0020434448 0.4930295405
0.0020441741 0.4939160538
0.0020445422 0.4943511805
0.0020450723 0.4949835189
0.0020453005 0.4953683909
0.0020462194 0.4961095946
0.0020468969 0.496919045
0.0020474691 0.4970225288
0.0020478627 0.4975859669
0.0020486563 0.4981271983
0.0020499142 0.4993851941
0.0020504011 0.5000506702
0.0020513022 0.5011363919
0.0020518773 0.5017196425
0.0020524082 0.5022052924
0.0020530441 0.5030371393
0.002053386 0.5037120891
0.0020540712 0.5047169367
0.0020545106 0.5051546826
0.0020549026 0.5053724361
0.0020552226 0.5059228819
0.0020557301 0.5065428207
0.0020563835 0.50710801
0.0020570683 0.5079233696
0.0020574408 0.5081056704
0.0020577969 0.5081735389
0.00205836 0.5094540056
0.0020585967 0.5095016516
0.0020590823 0.5101104774
0.0020595081 0.5103923376
0.0020598319 0.5104889618
0.0020603959 0.511156313
0.0020606695 0.5116240839
0.0020612892 0.5125473386
0.0020614434 0.5128121138
0.002061876 0.5135206469
0.0020623575 0.5139105133
0.0020628552 0.5149917099
0.0020635708 0.5152999956
0.0020641415 0.5157188874
0.0020643234 0.5162430938
0.0020646084 0.5166721527
0.0020649508 0.5172977645
0.0020652243 0.5174982594
0.0020656306 0.5183517445
0.002066315 0.5191903
0.0020667398 0.5197414461
0.0020668984 0.5206906885
0.0020674686 0.5214117573
0.0020676083 0.5217874647
0.0020676952 0.522152061
0.002068232 0.5228561385
0.0020687234 0.5235816913
0.0020693758 0.5240174485
0.0020697989 0.5244403435
0.0020700712 0.5249358287
0.0020702746 0.525372184
0.0020705615 0.5256561477
0.0020709733 0.5258390229
0.0020716385 0.5269568113
0.0020719219 0.5270016097
0.0020724281 0.5273681936
0.0020725479 0.5281312639
0.0020728195 0.5286690599
0.0020731474 0.5296254108
0.0020732862 0.5301312106
0.0020737496 0.5314316102
0.002073867 0.5317994673
0.0020741896 0.5328348698
0.0020747639 0.5331543153
0.0020750039 0.533751285
0.0020756772 0.5345049238
0.0020762685 0.535188957
0.0020765768 0.5358601691
0.0020770453 0.5369179707
0.0020776531 0.5379511098
0.0020781219 0.5382479622
0.0020783086 0.5385435971
0.0020785761 0.5394223583
0.0020791475 0.539688068
0.0020795667 0.5398096922
0.0020798464 0.5401835287
0.0020802815 0.5410515424
0.0020807796 0.5420555236
0.0020812342 0.5427473651
0.0020816229 0.5433573618
0.0020819123 0.5437533761
0.0020824067 0.5444666669
0.0020825896 0.545191428
0.0020830282 0.5456743875
0.0020831579 0.5460966097
0.0020836929 0.5474849727
0.0020838694 0.5479306076
0.0020841258 0.5484639454
0.0020845382 0.5493614373
0.0020850655 0.550149728
0.0020852068 0.5504969503
0.0020854162 0.5509471292
0.002085909 0.5515870115
0.0020861061 0.5519254173
0.0020861847 0.5523837506
0.00208669 0.5529855377
0.0020867893 0.553548669
0.0020871921 0.5542422712
0.0020873118 0.5544910172
0.0020875294 0.5550816187
0.0020876797 0.5559326523
0.0020880107 0.5561131634
0.0020881635 0.5564292764
0.0020882258 0.556766578
0.0020884603 0.5570872129
0.0020885118 0.557278122
0.0020887379 0.5574746385
0.0020890246 0.5577157062
0.0020892865 0.5582825585
0.0020895 0.5591368944
0.0020895608 0.5594528035
0.002089709 0.5601030795
0.0020900378 0.5602870432
0.0020902184 0.5604608527
0.0020904684 0.5607255714
0.0020906611 0.5611401013
0.0020908631 0.5614447106
0.0020912361 0.5620986318
0.0020913907 0.5625308829
0.00209183 0.5630364672
0.0020922254 0.5633285342
0.002092486 0.5633977983
0.0020926224 0.5635767779
0.0020929136 0.563780087
0.0020931201 0.5638271523
0.0020932841 0.5647413478
0.0020936302 0.5652311947
0.0020941989 0.566369455
0.0020943613 0.5671113976
0.0020946344 0.5673085755
0.0020951059 0.5677715812
0.0020955002 0.5678940703
0.0020957927 0.5682787384
0.0020959807 0.5685743734
0.0020962932 0.5686657574
0.0020965736 0.5695457797
0.0020966171 0.5698331173
0.0020969391 0.5707921029
0.0020970502 0.571142103
0.0020971948 0.5716915109
0.0020973788 0.5722702266
0.0020975042 0.5729343604
0.0020976658 0.5735003777
0.0020980731 0.5737952873
0.0020982216 0.5738681506
0.002098421 0.5741487281
0.0020986258 0.5746206247
0.0020987129 0.5750807895
0.0020990093 0.5752698282
0.0020991974 0.5756524509
0.0020994384 0.5764626032
0.0020997648 0.5771096998
0.0020999217 0.5772376631
0.0021002137 0.5778573715
0.0021003696 0.5785322189
0.0021004077 0.5787140371
0.0021007059 0.5791795133
0.0021007409 0.579657291
0.0021011886 0.580024555
0.002101464 0.5802435379
0.002101594 0.5802904556
0.0021018044 0.5803644649
0.0021021751 0.5807833315
0.0021023241 0.581363674
0.0021025327 0.581429417
0.0021025953 0.5820947164
0.0021027146 0.5827347513
0.0021028166 0.5829081196
0.0021030285 0.5837685492
0.0021031693 0.5840381516
0.0021034165 0.5848028661
0.0021036938 0.5850112761
0.0021039424 0.5856030554
0.0021043213 0.5858328443
0.0021043963 0.5862195964
0.0021044655 0.5865822446
0.0021045815 0.5869731537
0.0021046559 0.587161097
0.0021048922 0.5873039811
0.0021050347 0.5881189853
0.0021052123 0.5885021203
0.0021054929 0.5887011746
0.0021057864 0.5891829207
0.0021059327 0.5894880208
0.0021060111 0.5895092974
0.002106154 0.5897538298
0.0021062964 0.5900143311
0.0021065404 0.5902797928
0.002106642 0.5907200921
0.0021071567 0.591340216
0.0021072684 0.5915147876
0.0021075045 0.5918003493
0.0021076632 0.5919921033
0.0021076896 0.5922698811
0.0021079027 0.5926318674
0.0021083148 0.5932680398
0.0021084143 0.5935726497
0.0021084378 0.5939615386
0.0021086175 0.5942251749
0.0021087188 0.594271158
0.0021088975 0.5945083437
0.0021090526 0.5947165666
0.002109434 0.5955185021
0.0021096011 0.5956923116
0.002109637 0.5958637402
0.0021098697 0.5961208851
0.002109885 0.5962208851
0.0021101268 0.5966334042
0.0021103273 0.5970876041
0.0021103577 0.5974451798
0.0021105875 0.5979876792
0.0021106126 0.5980785883
0.0021108815 0.598892901
0.0021109592 0.599724647
0.0021111592 0.6004396762
0.0021111991 0.6010742
0.002111316 0.6014542428
0.00211145 0.6016136098
0.0021115762 0.6019577656
0.0021116256 0.6019855434
0.0021116256 0.6019855434
0.0021118443 0.6025072529
0.0021120159 0.6028031011
0.0021123973 0.6032426316
0.0021126314 0.6035706543
0.0021127482 0.6036216879
0.0021129812 0.6040180891
0.0021131216 0.604361776
0.0021132376 0.6049286875
0.0021134255 0.6054302748
0.0021136034 0.6056337586
0.0021136034 0.6056337586
0.0021138068 0.6060084882
0.0021138354 0.6061993973
0.0021139878 0.6063706738
0.0021141826 0.6069021464
0.0021142513 0.6070013528
0.0021144357 0.6074120355
0.0021144734 0.6074333121
0.0021146122 0.607946245
0.0021147601 0.6084156461
0.0021149522 0.6091014413
0.002115076 0.609670525
0.0021152648 0.6101081747
0.002115416 0.610425875
0.0021155436 0.6108709605
0.0021157473 0.6112711184
0.0021157681 0.6113620275
0.0021159639 0.6117658804
0.0021161869 0.6121263786
0.0021161984 0.6122263786
0.0021163631 0.6124000745
0.0021164842 0.6124489714
0.0021167074 0.6127181852
0.0021168165 0.6128480554
0.0021170455 0.6130998737
0.0021171564 0.6131481296
0.0021173279 0.6135959885
0.0021177333 0.6146686067
0.0021178479 0.6151977003
0.002117969 0.61539467
0.0021180831 0.6158468759
0.0021181255 0.615973903
0.0021181322 0.616098903
0.0021181411 0.616348903
0.0021181411 0.616348903
0.0021182406 0.6167452705
0.0021182406 0.6167452705
0.0021183794 0.6170682589
0.0021185486 0.6174425893
0.0021187 0.6180239069
0.0021189691 0.618556097
0.0021190368 0.6188027094
0.0021190477 0.6189455666
0.0021191172 0.6191140647
0.0021192561 0.6196148847
0.0021193059 0.6199714738
0.0021193231 0.6200714738
0.002119418 0.6201227896
0.002119633 0.6203927923
0.0021196566 0.6207197153
0.0021198686 0.6208742383
0.0021199263 0.6211459775
0.0021201992 0.6214090041
0.0021202673 0.6216284485
0.0021204159 0.6220862282
0.0021205007 0.6225278948
0.0021206614 0.6228349939
0.0021208006 0.6231066064
0.0021208953 0.6233885724
0.0021210214 0.6234398882
0.0021211535 0.6240040531
0.0021214275 0.6241250362
0.0021216676 0.6246334671
0.002121803 0.6248756389
0.0021218093 0.625018496
0.00212194 0.6252426413
0.0021221739 0.6253408971
0.0021223082 0.625500264
0.0021224464 0.6259965406
0.0021224566 0.6261215406
0.0021225532 0.6264062629
0.0021226187 0.6264312629
0.0021227762 0.6268724883
0.0021228721 0.6271919327
0.0021230004 0.6272389981
0.0021230533 0.6272622539
0.0021231932 0.6274015313
0.0021232013 0.6278181979
0.0021233205 0.6278659252
0.0021235282 0.6282972744
0.0021236147 0.6283455302
0.0021236468 0.6283687861
0.002123737 0.6288437861
0.002123867 0.62907068
0.0021239249 0.6299135371
0.0021239647 0.6302015713
0.0021240025 0.6302259616
0.0021240561 0.6308781856
0.0021242402 0.63115245
0.0021243015 0.6315112735
0.0021243646 0.6317410715
0.0021245182 0.6319323594
0.0021245889 0.6324210499
0.0021246712 0.632902639
0.0021248317 0.6333541098
0.0021248883 0.6334657111
0.0021249098 0.6336546
0.0021250012 0.6338474986
0.0021251799 0.6342868195
0.0021254221 0.6345102435
0.0021255633 0.6348316111
0.0021257197 0.6350670368
0.0021257197 0.6350670368
0.0021258005 0.6351160798
0.0021258005 0.6351160798
0.0021258273 0.6356756036
0.0021258885 0.6359950481
0.0021260297 0.6360640519
0.0021260297 0.6360640519
0.0021260943 0.6361478755
0.0021262708 0.636909102
0.0021262803 0.6369334922
0.0021264693 0.637341247
0.0021265391 0.637616247
0.0021266785 0.6378886922
0.002126857 0.6379595255
0.0021269715 0.6383734144
0.0021270202 0.63847897
0.002127037 0.6385900811
0.0021271116 0.6388388906
0.0021271284 0.6389388906
0.0021271841 0.6392568731
0.0021273474 0.6395165314
0.0021273474 0.6395165314
0.0021273862 0.639537808
0.0021274748 0.6397506317
0.0021274877 0.6400601555
0.002127609 0.6405564315
0.0021276347 0.6409925426
0.0021278142 0.6418298452
0.0021280006 0.6419038545
0.0021280536 0.6420501311
0.0021280536 0.6420501311
0.0021282081 0.6421943139
0.0021282499 0.6430026472
0.0021283332 0.6433838409
0.0021283621 0.6438774307
0.0021285517 0.6442341451
0.0021285517 0.6442341451
0.0021286488 0.6444824009
0.0021287457 0.644532906
0.0021287995 0.6445561618
0.0021288317 0.6449478285
0.002128987 0.6450176211
0.0021291421 0.6452627715
0.0021292756 0.6453366684
0.0021292845 0.6454275775
0.0021293146 0.6458442441
0.0021293465 0.6460780104
0.0021294913 0.6465562932
0.0021295619 0.646782609
0.0021296094 0.6471972053
0.0021297957 0.6476279464
0.0021299536 0.6480633721
0.0021300885 0.6482666447
0.0021301339 0.6485583114
0.002130188 0.6489166447
0.002130256 0.649066035
0.0021303794 0.6493565382
0.002130435 0.6497107048
0.0021305199 0.6501774691
0.0021305338 0.6503024691
0.0021306477 0.6508949557
0.0021306874 0.6510219827
0.0021306977 0.6511219827
0.0021307699 0.651271373
0.0021309294 0.651741213
0.0021312565 0.6521783797
0.0021312616 0.6523450464
0.0021313964 0.652750416
0.0021315974 0.653114789
0.0021317301 0.6533004717
0.0021318557 0.6535872239
0.0021319133 0.6537246508
0.0021320792 0.6543373005
0.0021321721 0.6544853554
0.0021322682 0.6551032126
0.0021324281 0.6553408623
0.0021325155 0.6556603068
0.0021325323 0.6561853068
0.0021325809 0.6563994717
0.0021326277 0.656469313
0.0021326461 0.6566281365
0.0021326544 0.6567709936
0.0021326744 0.656954327
0.0021326744 0.656954327
0.0021326976 0.6573154381
0.0021327257 0.6578249619
0.0021327555 0.658036073
0.0021327555 0.658036073
0.0021327637 0.6582027397
0.0021327719 0.6583027397
0.002132813 0.6586162317
0.00213289 0.6589084791
0.0021330046 0.6592091201
0.0021330046 0.6592091201
0.0021330927 0.6596562693
0.0021331302 0.6601451581
0.0021332862 0.6604418242
0.0021333869 0.6604885481
0.0021335068 0.6610066037
0.0021335149 0.6611732704
0.002133607 0.6613840318
0.0021337635 0.6615508482
0.0021337731 0.6617175149
0.0021338374 0.6619513533
0.0021339097 0.6621266361
0.0021339145 0.6622266361
0.0021339561 0.6622800549
0.0021340471 0.662326038
0.0021341173 0.6626183457
0.002134216 0.6628131597
0.0021342208 0.6630131597
0.0021343779 0.6635183599
0.002134454 0.6639112171
0.0021345236 0.6642559015
0.0021345837 0.6644072172
0.0021346294 0.664683533
0.0021347129 0.6648987703
0.0021347129 0.6648987703
0.0021347129 0.6648987703
0.0021347724 0.6649214976
0.0021347802 0.6650214976
0.0021348537 0.665438745
0.0021349114 0.6656304117
0.0021349379 0.6656548019
0.002135053 0.6663313892
0.002135261 0.6669214093
0.0021353045 0.6671464093
0.0021353757 0.6672434186
0.0021354823 0.6674178088
0.0021354823 0.6674178088
0.0021355332 0.6675238695
0.0021356285 0.6677372753
0.0021356854 0.6680956086
0.0021357498 0.6683872753
0.0021357988 0.6687590144
0.0021359349 0.6690918462
0.0021360036 0.6695168462
0.0021360417 0.6695395735
0.0021362274 0.6701547146
0.0021362821 0.6703463813
0.0021362927 0.6703686035
0.0021363079 0.6706602702
0.0021364123 0.6707109112
0.0021365074 0.6715361872
0.0021365074 0.6715361872
0.0021365752 0.6718829263
0.0021366248 0.6719695277
0.0021366849 0.6723927835
0.0021367778 0.672753775
0.0021367778 0.672753775
0.0021367853 0.672853775
0.0021368764 0.6729009972
0.0021369896 0.6730626134
0.0021369896 0.6730626134
0.0021370297 0.6731737245
0.0021370817 0.6731964518
0.0021371232 0.6734181909
0.0021371912 0.6737165592
0.002137237 0.673880693
0.0021372488 0.673980693
0.0021372606 0.674080693
0.0021374223 0.6743980436
0.002137462 0.6747000638
0.0021374708 0.6748000638
0.0021374854 0.6748833971
0.0021375805 0.6752284066
0.0021376315 0.6752534066
0.002137668 0.6755919347
0.0021377102 0.6759849172
0.0021377102 0.6759849172
0.002137716 0.6762349172
0.002137716 0.6762349172
0.0021377406 0.6762904727
0.0021377551 0.676576187
0.0021377551 0.676576187
0.0021378242 0.6769041835
0.0021379336 0.6770532265
0.0021379336 0.6770532265
0.002137968 0.6773692835
0.0021380368 0.6774192835
0.0021381999 0.6775717116
0.0021382713 0.6779917971
0.0021383127 0.6782806859
0.0021383426 0.6785913753
0.0021383426 0.6785913753
0.0021383483 0.6786822843
0.0021384135 0.6790507626
0.0021384588 0.6792424293
0.002138473 0.6793333384
0.0021384786 0.6795333384
0.0021385252 0.6797232608
0.002138535 0.679745
0.0021385519 0.679945
0.0021385519 0.679945
0.0021385519 0.679945
0.0021386065 0.6799682558
0.0021386289 0.6801591649
0.0021386778 0.6803091649
0.0021387043 0.6805189382
0.0021387419 0.680546716
0.0021387836 0.6806679926
0.0021387836 0.6806679926
0.0021387836 0.6806679926
0.0021388099 0.6806918021
0.0021388224 0.6809279132
0.0021388348 0.6810279132
0.0021388541 0.681285489
0.0021388831 0.6814442191
0.0021389298 0.6814674749
0.0021389298 0.6814674749
0.0021389435 0.681808384
0.0021390066 0.6820561113
0.002139012 0.682222778
0.0021390913 0.6822723496
0.0021391199 0.6824206054
0.0021391281 0.6826543716
0.0021391403 0.6829321494
0.002139158 0.6830993968
0.0021391743 0.683553365
0.0021392122 0.6838271746
0.002139223 0.6839382857
0.0021393136 0.684249955
0.0021393379 0.6845353085
0.0021393392 0.6847353085
0.0021394429 0.685048512
0.0021394644 0.6854394211
0.0021395274 0.6856133559
0.0021395543 0.6858022448
0.0021396252 0.6860749721
0.0021396546 0.6865523281
0.0021396813 0.6869189947
0.002139744 0.6872432371
0.0021397826 0.6876432371
0.0021397826 0.6876432371
0.0021398038 0.6878682371
0.0021398237 0.6880216462
0.0021398714 0.688520564
0.0021398847 0.688845564
0.0021398847 0.688845564
0.0021398939 0.688970564
0.0021399505 0.6893057089
0.00213999 0.6896703052
0.0021400058 0.6899619719
0.0021401055 0.6902819668
0.0021401317 0.6906066421
0.0021401972 0.6908521202
0.0021402416 0.6910437868
0.0021403526 0.6913051505
0.0021404386 0.6913501
0.0021404386 0.6913501
0.0021404425 0.6914929571
0.0021404477 0.6915929571
0.0021405852 0.6918944001
0.0021407562 0.692488639
0.0021408222 0.6929025279
0.0021408545 0.6932630292
0.0021408803 0.693290807
0.0021409421 0.6934246454
0.0021409486 0.6935675026
0.0021409486 0.6935675026
0.0021409974 0.6936834116
0.0021410243 0.6940611894
0.0021410243 0.6940611894
0.0021410511 0.6943344452
0.0021410511 0.6943344452
0.0021410601 0.6944344452
0.0021410639 0.6946344452
0.0021411122 0.694657701
0.0021411249 0.6949255582
0.0021411249 0.6949255582
0.0021411287 0.6950684153
0.0021411996 0.6955183518
0.0021412451 0.6956889867
0.002141302 0.6959041914
0.0021413738 0.6959532458
0.0021413738 0.6959532458
0.0021413738 0.6959532458
0.0021414856 0.6961606715
0.0021415521 0.6963188479
0.0021415659 0.6967026715
0.0021415659 0.6967026715
0.0021416159 0.6967780683
0.0021416297 0.6968549914
0.0021416297 0.6968549914
0.0021416421 0.6969549914
0.0021416421 0.6969549914
0.0021416421 0.6969549914
0.0021416843 0.6969772136
0.0021416942 0.6971022136
0.0021417474 0.6974681227
0.0021417845 0.6977830452
0.0021418561 0.6982280401
0.0021418623 0.6984280401
0.002141914 0.6985752623
0.0021419398 0.6987096293
0.0021419988 0.6987616563
0.0021420516 0.6991338785
0.0021421202 0.6993859055
0.0021421789 0.6995202725
0.0021422034 0.6997424947
0.0021422791 0.6998834038
0.0021423547 0.7000465419
0.00214239 0.7002382086
0.0021424618 0.7003839225
0.0021425809 0.7004567857
0.002142661 0.7005055952
0.002142661 0.7005055952
0.0021426985 0.7005283225
0.0021426985 0.7005283225
0.0021427468 0.7006760498
0.0021427601 0.7008871609
0.0021427637 0.70097807
0.0021428203 0.7011389354
0.0021428804 0.7011846022
0.0021430004 0.7013451562
0.0021430352 0.7013901512
0.0021430735 0.7014171782
0.0021430735 0.7014171782
0.0021430735 0.7014171782
0.0021431379 0.7017065721
0.0021431463 0.7020494293
0.0021432368 0.702276724
0.0021432368 0.702276724
0.002143333 0.702369338
0.002143384 0.7026587319
0.0021434337 0.7026814592
0.0021434609 0.7027058494
0.0021435224 0.7028964338
0.0021435555 0.7030015063
0.0021436498 0.7030758965
0.002143691 0.7032870077
0.002143691 0.7032870077
0.0021437369 0.7033335193
0.002143758 0.7034360834
0.0021437885 0.7034623992
0.0021438365 0.7036512881
0.0021438435 0.7037346214
0.0021438575 0.7040024785
0.002143903 0.7042663674
0.0021439054 0.7044330341
0.0021439729 0.7044775665
0.0021439729 0.7044775665
0.0021440263 0.7047293725
0.0021440727 0.7047515947
0.0021440797 0.7049182614
0.0021441005 0.7049404836
0.002144104 0.7051904836
0.0021441963 0.7053178208
0.0021442459 0.7054962396
0.0021442459 0.7054962396
0.0021443173 0.705911319
0.0021443541 0.705936319
0.0021443805 0.7059607092
0.0021444034 0.7061292074
0.002144416 0.7063831756
0.0021444698 0.7066715814
0.0021444698 0.7066715814
0.0021445132 0.7068856283
0.0021446101 0.7071154984
0.0021446101 0.7071154984
0.0021446408 0.7071661394
0.0021446476 0.7072661394
0.0021446646 0.7077772505
0.0021446737 0.7081439172
0.0021447111 0.7084683074
0.0021447179 0.7085592165
0.0021447439 0.7085809557
0.0021447664 0.7086042115
0.0021447664 0.7086042115
0.0021447743 0.7087470686
0.0021447743 0.7087470686
0.0021447856 0.7089720686
0.0021447957 0.7090554019
0.0021448304 0.7090766785
0.0021448685 0.7093539026
0.0021448785 0.7096539026
0.0021448785 0.7096539026
0.0021448975 0.7100455693
0.0021449566 0.7100966029
0.0021449566 0.7100966029
0.0021449644 0.71036446
0.0021449644 0.71036446
0.0021449666 0.71056446
0.0021450531 0.7106089264
0.0021450531 0.7106089264
0.0021450553 0.7107517836
0.0021450575 0.7109184502
0.0021450575 0.7109184502
0.0021450575 0.7109184502
0.0021450961 0.7111494484
0.0021451379 0.7114284166
0.0021451489 0.7114501558
0.0021451884 0.7117279336
0.0021452256 0.7118506608
0.0021452585 0.7120173275
0.0021452891 0.7121423275
0.0021452891 0.7121423275
0.0021453164 0.7121701053
0.0021453164 0.7121701053
0.00214536 0.7123178325
0.0021453861 0.7123395717
0.0021453937 0.7127395717
0.0021454274 0.7130312383
0.0021454317 0.713197905
0.0021454881 0.7134428545
0.0021454881 0.7134428545
0.0021454881 0.7134428545
0.0021454891 0.7136095212
0.0021455582 0.7137471694
0.0021455797 0.7146471694
0.0021456368 0.7147287202
0.0021456368 0.7147287202
0.0021456368 0.7147287202
0.0021456368 0.7147287202
0.0021456421 0.7148715773
0.0021456454 0.7150144345
0.0021456486 0.7151811011
0.0021456892 0.7152038284
0.0021456945 0.7153704951
0.0021456988 0.7156204951
0.002145702 0.7157871617
0.0021457169 0.7160704951
0.0021457509 0.7160954951
0.0021457509 0.7160954951
0.0021457509 0.7160954951
0.0021457985 0.7161454951
0.0021458536 0.7162591314
0.0021458853 0.7162818587
0.0021458853 0.7162818587
0.0021458969 0.7165040809
0.0021459285 0.7165273368
0.002145938 0.7166182458
0.0021459748 0.7168395224
0.0021459748 0.7168395224
0.0021459842 0.7169395224
0.0021459957 0.7171213406
0.0021460041 0.7172122497
0.0021460209 0.7172678053
0.0021460355 0.7175106624
0.0021460355 0.7175106624
0.0021460845 0.717791494
0.0021461668 0.71786213
0.0021461751 0.71798713
0.0021461751 0.71798713
0.0021462011 0.7180088691
0.0021462063 0.7181199802
0.0021462809 0.7183599027
0.0021463409 0.7184043691
0.0021463409 0.7184043691
0.0021463812 0.7184276249
0.0021463925 0.7186776249
0.0021463925 0.7186776249
0.0021464368 0.718993534
0.0021464759 0.7192581303
0.0021465088 0.7193647194
0.0021465273 0.7193879752
0.0021465273 0.7193879752
0.0021465273 0.7193879752
0.0021465304 0.7195129752
0.0021465549 0.7196623655
0.0021466121 0.7197130065
0.0021466121 0.7197130065
0.0021466121 0.7197130065
0.0021466437 0.7197380065
0.0021466762 0.7197630065
0.0021466762 0.7197630065
0.0021466975 0.7197907843
0.0021467036 0.7198907843
0.0021467178 0.7201157843
0.0021467441 0.720143562
0.0021467876 0.7201662893
0.0021468179 0.7201900988
0.0021469047 0.7207621642
0.0021469047 0.7207621642
0.0021469117 0.7208732753
0.0021469138 0.7210732753
0.002146972 0.7211177417
0.0021470082 0.7212844084
0.0021470082 0.7212844084
0.0021470473 0.7214909975
0.0021471113 0.7217592483
0.0021471133 0.7220092483
