0.000237 0.0256342682
0.00039 0.0474757228
0.000505 0.0648728116
0.0006015 0.079885636
0.0006907 0.0949290907
0.0007673667 0.1071621706
0.0008342238 0.1185402355
0.0008942238 0.1289721669
0.0009427794 0.137938105
0.0009928794 0.1467359913
0.0010409703 0.156065556
0.0010762203 0.1637215649
0.001112528 0.1695628088
0.0011468137 0.1767340313
0.0011766137 0.1836881772
0.0012094887 0.1890897061
0.0012396063 0.1939846924
0.0012682174 0.1997526081
0.0012986385 0.2052124826
0.0013257885 0.2112789168
0.0013514075 0.2165437281
0.0013721348 0.220361536
0.0013936566 0.2254852638
0.0014148232 0.2311692676
0.0014316632 0.2353484489
0.0014497017 0.2402765255
0.0014651091 0.2443061195
0.0014833234 0.2481914517
0.0014967027 0.2528587999
0.001511136 0.2563858029
0.0015205876 0.2594428766
0.0015336501 0.2617354611
0.0015460138 0.2642250222
0.0015558079 0.2670215856
0.0015680936 0.2698131268
0.0015795936 0.2717441788
0.0015897287 0.2748126217
0.0015998077 0.2775428094
0.0016092692 0.2810955107
0.0016174942 0.283926318
0.0016285918 0.2871900195
0.001635568 0.2903761429
0.0016428703 0.293642901
0.0016518248 0.2958415897
0.0016613804 0.2985930082
0.0016723587 0.301966186
0.0016789331 0.3046447546
0.0016871623 0.3074600363
0.0016953051 0.310147749
0.0017024251 0.3128311103
0.0017090526 0.3149991743
0.001717168 0.3187613423
0.0017222246 0.3206171949
0.0017272987 0.3227477452
0.001733135 0.3252144462
0.0017396529 0.3274840391
0.0017477581 0.3298609871
0.0017544478 0.3321436247
0.0017589054 0.3332743661
0.0017632388 0.3364836085
0.0017673371 0.3386307883
0.0017711113 0.3407539702
0.0017779208 0.3437076164
0.0017822802 0.3465653581
0.0017864648 0.3484953664
0.0017904497 0.3505964884
0.0017959422 0.352939063
0.0018002657 0.3548645041
0.0018045411 0.3569657459
0.0018093982 0.3584120698
0.0018146377 0.3597942621
0.0018186794 0.3611900338
0.0018229259 0.36374719
0.0018256557 0.3650354996
0.0018294023 0.3662659295
0.001833455 0.3680095859
0.0018367407 0.3693087127
0.0018406125 0.3709471482
0.0018429669 0.3723617768
0.0018460669 0.3738399901
0.0018504496 0.3761042752
0.0018533521 0.3772644752
0.0018569063 0.3788319684
0.0018593229 0.379903092
0.0018617229 0.3812390029
0.0018644322 0.3827915844
0.001867869 0.3839427491
0.0018707781 0.3861557701
0.0018723961 0.3874602182
0.0018765961 0.3892834177
0.0018799367 0.3904597279
0.0018812737 0.3916380835
0.0018838436 0.3925527513
0.0018862159 0.3948098977
0.0018887212 0.3968009829
0.0018908879 0.3986519046
0.00189296 0.3997555757
0.0018947968 0.4008766622
0.0018961806 0.4017751634
0.0018979106 0.4031236233
0.001899772 0.4042690734
0.0019016053 0.4056348986
0.001903382 0.4073204222
0.0019050743 0.4083002955
0.0019067029 0.4095228424
0.0019086557 0.4117328526
0.0019110015 0.4130969736
0.0019126775 0.4140538981
0.0019145582 0.4152852737
0.0019162127 0.4158686251
0.0019186181 0.4170350329
0.0019196181 0.4189707146
0.0019206447 0.4203992245
0.0019214956 0.4213048113
0.0019231043 0.4216451295
0.0019248715 0.4224906241
0.0019267604 0.4230591619
0.0019280485 0.4247229087
0.0019292166 0.4254674727
0.0019312166 0.4276810361
0.0019328777 0.4284701293
0.0019345417 0.4297578761
0.0019366149 0.4303163118
0.0019387116 0.4319297913
0.0019403996 0.4333473157
0.0019417409 0.4345718908
0.0019436622 0.4355045503
0.0019450606 0.4367359215
0.0019473474 0.4377864789
0.0019504628 0.4399916063
0.0019524857 0.4416869857
0.001954213 0.4431678773
0.0019556791 0.4438989641
0.0019576717 0.4442824135
0.0019587309 0.4455250978
0.0019606133 0.4469181038
0.0019621388 0.4483159799
0.0019631388 0.4500514326
0.0019650453 0.4504831495
0.0019658382 0.4514530382
0.0019670084 0.4524318256
0.0019689661 0.4532848365
0.0019706864 0.4551394808
0.0019719225 0.4560511737
0.0019728398 0.4570450532
0.0019733261 0.4581369441
0.0019739111 0.4590895519
0.0019748503 0.4596436294
0.0019758033 0.4602528969
0.0019769033 0.4614354713
0.001977804 0.4618116833
0.0019788237 0.4623047082
0.0019795557 0.4635002501
0.0019809388 0.4649093188
0.0019812743 0.4659148744
0.0019825692 0.4667247423
0.0019832826 0.4673023369
0.001984618 0.4682310432
0.0019858633 0.4687278386
0.0019871758 0.4699051631
0.0019884739 0.4711363133
0.0019893752 0.4716852482
0.0019903138 0.4724692481
0.0019916309 0.4732427443
0.0019926006 0.473837106
0.0019935163 0.474956397
0.0019947917 0.4759081415
0.0019956429 0.4763048899
0.0019959565 0.4771367081
0.0019965624 0.477593305
0.0019965916 0.4778194955
0.0019970916 0.4785259446
0.001997398 0.4789958941
0.0019979784 0.4793797545
0.0019987099 0.4805563789
0.0019996928 0.4812654299
0.0020001448 0.4820774273
0.0020006617 0.4834359291
0.0020014382 0.4842606987
0.0020016493 0.4850895786
0.0020025885 0.4863711134
0.0020030006 0.4868995322
0.0020035471 0.4879944342
0.002004096 0.4885676978
0.0020054744 0.489599221
0.0020059959 0.4903408146
0.002006151 0.4907079142
0.002006768 0.4912389458
0.0020073077 0.4922358717
0.0020081498 0.4927778187
0.0020086524 0.493138643
0.0020094961 0.4940727769
0.002010263 0.4953618354
0.0020107475 0.4959090544
0.0020113116 0.49700769
0.0020122963 0.4979910723
0.0020131694 0.4985736664
0.0020136239 0.4991345606
0.0020139908 0.4997599301
0.0020148458 0.5010241873
0.0020161244 0.5020499498
0.0020167877 0.502946959
0.0020174281 0.5033676748
0.0020181585 0.5039252219
0.0020187 0.5042373268
0.0020193553 0.5055460644
0.0020201476 0.5063402687
0.0020210082 0.5069310084
0.002021769 0.5074628631
0.0020220451 0.5079095726
0.0020230783 0.5092052921
0.0020237906 0.5101864509
0.0020246075 0.5110327704
0.0020249346 0.5117623353
0.0020259206 0.5124133441
0.0020264021 0.5130189309
0.002026886 0.5135804455
0.002027152 0.5143402453
0.0020279511 0.5151046243
0.0020281875 0.5158182995
0.0020285585 0.5165698595
0.0020289144 0.5169856449
0.0020292956 0.5176080236
0.0020297956 0.518185013
0.0020298711 0.518510013
0.0020300392 0.5191211241
0.0020304269 0.5198115399
0.0020306331 0.5209312243
0.0020308951 0.521655524
0.0020311994 0.5221804753
0.0020317059 0.5226998917
0.00203193 0.5230177489
0.0020322691 0.5239172673
0.0020325768 0.5241117997
0.0020328662 0.5242821307
0.0020334043 0.5246716119
0.0020338347 0.5247994393
0.0020342884 0.5252876473
0.0020347989 0.5256275698
0.0020350114 0.5261418555
0.00203514 0.526488223
0.0020354624 0.5278880051
0.0020360056 0.5286318543
0.0020362965 0.5292164972
0.0020364884 0.5296322494
0.0020365981 0.5304917732
0.0020370637 0.5310947263
0.0020373178 0.531607147
0.0020379844 0.5318655477
0.0020382044 0.5322983795
0.0020386427 0.532748149
0.0020390474 0.5332842601
0.0020395692 0.5339557969
0.0020398566 0.5343392175
0.0020401076 0.5347788596
0.0020405333 0.5354713334
0.0020410547 0.5357949974
0.0020410819 0.5359061085
0.0020411938 0.5364283307
0.00204169 0.5369223339
0.0020419467 0.5374930001
0.0020420727 0.5378589405
0.0020421715 0.5385010401
0.0020422132 0.5387371512
0.0020422358 0.5388482623
0.0020424802 0.5392817038
0.0020429633 0.5406018975
0.0020431686 0.5411649191
0.0020434771 0.5413078593
0.0020438178 0.5414939704
0.0020442828 0.5425294686
0.0020447093 0.5431675901
0.0020449217 0.5435513876
0.0020450421 0.5438655525
0.0020453912 0.5442659046
0.0020459094 0.5445058583
0.0020462451 0.5452160544
0.002046425 0.545463124
0.0020466974 0.5461603462
0.0020467938 0.5467782034
0.0020470927 0.5475382174
0.0020473906 0.5484197831
0.0020476627 0.5488860085
0.002047807 0.5489925976
0.0020480527 0.5499567957
0.002048217 0.5500023444
0.0020484609 0.5502380442
0.0020485581 0.5502618537
0.0020488107 0.550610634
0.0020489452 0.5510469893
0.0020492545 0.5514127415
0.0020495695 0.5518104521
0.0020497436 0.5522271188
0.0020501416 0.5526890816
0.002050467 0.5538950399
0.0020507981 0.5541761885
0.0020509462 0.5542252429
0.0020511308 0.5544359134
0.0020512411 0.5549516139
0.0020515545 0.5553344808
0.0020518036 0.5557387972
0.0020520421 0.5562434285
0.0020520619 0.5563434285
0.002052223 0.556792432
0.0020526558 0.5573427822
0.0020530545 0.5577438802
0.0020534747 0.5580889667
0.0020537215 0.5583502358
0.002053783 0.5586530136
0.0020540668 0.5588494692
0.002054427 0.5594017046
0.0020545776 0.5597220548
0.0020549354 0.5605698776
0.0020551743 0.5608579118
0.0020554282 0.5609556845
0.0020555801 0.5611234554
0.0020557253 0.5613848064
0.0020559328 0.5619719276
0.0020560394 0.5620946549
0.0020562113 0.562230559
0.0020565072 0.5625479341
0.0020568178 0.5633863164
0.0020571521 0.5636008689
0.0020573466 0.5636496784
0.0020575958 0.5639323263
0.0020578627 0.5644768588
0.0020578963 0.5646601921
0.0020580549 0.564926305
0.002058298 0.5652014636
0.002058498 0.5657870916
0.0020586914 0.5663384401
0.0020591402 0.5670261508
0.0020594885 0.5674430934
0.0020596232 0.5679604011
0.0020599934 0.5682086125
0.002060166 0.5685347586
0.0020603737 0.5692768206
0.0020604654 0.5695469061
0.0020607752 0.5699276508
0.0020610399 0.5702977416
0.0020612892 0.570569512
0.0020615289 0.5707930542
0.0020617038 0.5711538938
0.0020618347 0.5711983602
0.0020621883 0.5715206253
0.0020624513 0.5721150697
0.0020627942 0.5723482698
0.002063027 0.5727702524
0.0020633107 0.573231696
0.0020635707 0.5735545523
0.0020639296 0.5742410274
0.0020639865 0.5745583351
0.0020642244 0.5753071363
0.0020646425 0.575775945
0.0020648566 0.5760083546
0.0020650055 0.5763208206
0.0020652351 0.5764453627
0.0020654055 0.5766444171
0.002065503 0.5771240264
0.0020657058 0.5775189953
0.0020660659 0.5779067883
0.0020662372 0.5783262327
0.0020663612 0.57849896
0.002066559 0.5788187569
0.0020666877 0.579059666
0.002066767 0.5795874437
0.0020667751 0.5797541104
0.0020668458 0.5799487948
0.0020669623 0.5802105469
0.002067065 0.5806322564
0.0020674478 0.5814168766
0.0020677596 0.5818111846
0.0020679017 0.5823681706
0.0020680755 0.5827366488
0.0020683235 0.5833598823
0.0020684538 0.5834067999
0.002068597 0.5836908658
0.0020688563 0.584599242
0.0020692732 0.584832531
0.0020695153 0.5851708218
0.0020696964 0.5860282455
0.0020698011 0.5864272999
0.0020699995 0.5868281858
0.0020702027 0.5879887182
0.0020702468 0.5882595515
0.002070309 0.5887369075
0.0020704382 0.5894730962
0.0020706495 0.5900067997
0.0020708038 0.5904864515
0.0020708986 0.590823993
0.0020711109 0.5908948679
0.0020712487 0.5913936774
0.0020715209 0.5917269982
0.0020716352 0.591771002
0.0020717212 0.5919419851
0.0020718828 0.5923244746
0.0020719912 0.5928739915
0.0020721419 0.5931779348
0.0020722046 0.5935375839
0.0020724196 0.5937315066
0.0020725542 0.5944184113
0.0020726662 0.594655597
0.0020727059 0.5952734542
0.0020728519 0.595380646
0.0020729803 0.5955426507
0.0020731035 0.5959937896
0.0020732804 0.5962316163
0.0020734617 0.5965947032
0.0020735815 0.596963202
0.0020737498 0.5975505036
0.0020738228 0.5976664127
0.0020740461 0.5979460227
0.0020742568 0.5983732467
0.002074409 0.5989849493
0.0020745319 0.5994347356
0.0020746304 0.5997104417
0.0020747047 0.6001721841
0.0020751186 0.6008550329
0.0020752332 0.6011391097
0.002075357 0.6015141097
0.002075452 0.6018462525
0.0020755468 0.6021099888
0.0020759085 0.6025837176
0.0020759415 0.6032444318
0.0020759862 0.6035752322
0.0020760637 0.6040236449
0.002076251 0.6042948346
0.0020763959 0.6048889653
0.0020766453 0.6051232939
0.0020768058 0.6051953592
0.0020770285 0.6054889198
0.0020771443 0.6060055865
0.0020772874 0.6064551034
0.0020773681 0.6064801034
0.0020774256 0.6065927516
0.0020775357 0.6067179305
0.0020776135 0.6071851022
0.0020777139 0.6073346191
0.0020779668 0.6076236578
0.0020779963 0.6077935924
0.0020782049 0.6082351544
0.0020782456 0.6084462655
0.0020785188 0.6088999178
0.0020786291 0.6091461944
0.0020789325 0.6094901248
0.0020790132 0.6095990992
0.0020791027 0.6099218265
0.0020791451 0.6100599646
0.002079281 0.6102533268
0.0020794565 0.6106738755
0.0020797404 0.6108930583
0.0020798333 0.6110835345
0.002080001 0.6113162549
0.0020801795 0.6114111835
0.0020802102 0.6116361835
0.0020802892 0.6121561861
0.0020803461 0.612460948
0.0020803919 0.6128629682
0.0020804834 0.613151298
0.0020806008 0.6133898315
0.0020806963 0.6136231649
0.0020809668 0.6138894344
0.0020811698 0.6141366786
0.0020814285 0.6147416658
0.0020815747 0.6153122317
0.0020815854 0.6154550889
0.0020817589 0.6160939777
0.0020818785 0.6162298818
0.0020822687 0.6166430366
0.0020824049 0.6168915684
0.0020824261 0.6171832351
0.002082441 0.6172943462
0.0020824896 0.6174768859
0.0020824896 0.6174768859
0.0020825191 0.6179102192
0.0020825884 0.6181910508
0.0020827603 0.6183571178
0.0020827917 0.6186682289
0.0020828814 0.6189587051
0.0020828814 0.6189587051
0.002082896 0.6190420384
0.0020829645 0.6191676795
0.002083039 0.6195826019
0.0020831072 0.6198069922
0.0020831835 0.6198282688
0.0020833851 0.6202420418
0.0020834015 0.6203189649
0.0020834774 0.6206779392
0.0020835346 0.620704255
0.0020837836 0.6213309609
0.0020838508 0.6217465453
0.0020839037 0.6219409898
0.0020839564 0.622163212
0.0020840677 0.6225659898
0.0020841384 0.6227916308
0.0020843179 0.6230950258
0.0020845955 0.6235637771
0.0020848385 0.6241161949
0.0020849407 0.62488259
0.0020850627 0.6249508408
0.0020851945 0.6257963188
0.002085298 0.6262347246
0.0020854034 0.6266502881
0.0020855344 0.6272831025
0.0020856433 0.62763868
0.0020857421 0.6279065372
0.0020857677 0.6282974463
0.0020859488 0.6290234124
0.0020860078 0.6291912696
0.0020861117 0.6292384187
0.0020861254 0.6296050854
0.0020862562 0.6299309053
0.0020864122 0.6302841441
0.0020864706 0.6303323999
0.0020866531 0.6309145918
0.0020868895 0.6311130251
0.0020870017 0.6311643409
0.0020870828 0.6313635833
0.0020872157 0.631551895
0.0020872465 0.6317773852
0.0020873137 0.6321690518
0.0020875033 0.63244285
0.0020876716 0.6327054186
0.002087683 0.6328304186
0.0020877478 0.6329536744
0.0020879398 0.6331395784
0.0020881201 0.6334123057
0.0020881655 0.6335212801
0.0020884415 0.6341351054
0.0020886113 0.6342587581
0.0020888223 0.6345770165
0.0020889181 0.6349823006
0.0020890851 0.6350607194
0.0020892724 0.6353140022
0.0020893584 0.6354223356
0.0020894404 0.6358089369
0.0020895652 0.6359734668
0.0020898292 0.6360994443
0.0020899386 0.6364645237
0.0020901127 0.6366845488
0.0020902014 0.6372979546
0.0020903582 0.6373776892
0.0020905792 0.6379895064
0.0020905829 0.6381323635
0.0020907003 0.6386287286
0.0020907974 0.639248173
0.0020908888 0.6392976899
0.0020909764 0.6396095084
0.0020909764 0.6396095084
0.0020911437 0.6399613119
0.0020912036 0.6401274249
0.0020912706 0.6403163138
0.00209139 0.6403633791
0.0020914369 0.6403883791
0.002091509 0.6405377694
0.002091509 0.6405377694
0.0020916526 0.6406211027
0.002091692 0.640641936
0.0020919138 0.6411189562
0.0020919138 0.6411189562
0.0020919548 0.6416784801
0.0020920385 0.6418028703
0.0020921024 0.6421326683
0.0020921591 0.6422485774
0.0020922105 0.642715244
0.002092343 0.6430213803
0.0020924153 0.6431210307
0.0020925244 0.6431716717
0.002092774 0.6436769113
0.0020927845 0.643843578
0.0020928651 0.64410366
0.0020929805 0.6445514327
0.0020929979 0.6449430994
0.002093038 0.6449663552
0.0020931458 0.6451884074
0.0020931528 0.6452884074
0.0020932672 0.6457564946
0.0020932966 0.6459403182
0.0020933294 0.646128724
0.0020933294 0.646128724
0.0020933604 0.6463892253
0.0020934291 0.6465028617
0.0020934874 0.6467652886
0.002093508 0.6469486219
0.0020935832 0.6469966768
0.0020936412 0.6472686861
0.0020937008 0.6474393211
0.0020939253 0.6476944017
0.0020940272 0.648272063
0.0020940272 0.648272063
0.0020941439 0.6486459598
0.0020941625 0.6486676989
0.0020942198 0.6490284922
0.0020942434 0.6493434147
0.0020943426 0.6501707956
0.0020944147 0.6505846845
0.00209448 0.6506090748
0.0020946021 0.6509675579
0.0020946171 0.6510675579
0.0020946438 0.6513574803
0.0020946871 0.6517324803
0.0020946871 0.6517324803
0.0020948181 0.6518710355
0.0020948992 0.652360958
0.0020949058 0.652485958
0.0020949603 0.6525081802
0.0020949784 0.6530248469
0.0020949833 0.6531248469
0.0020949833 0.6531248469
0.0020950719 0.6533441816
0.0020950948 0.6539627713
0.0020951144 0.6542405491
0.0020951682 0.654763604
0.0020952692 0.6549743598
0.0020953668 0.655332755
0.002095495 0.6557306694
0.0020955696 0.6561205919
0.0020956553 0.6561683191
0.0020957587 0.6565854909
0.0020958394 0.6568111319
0.0020959038 0.6573755258
0.0020959263 0.6575664349
0.0020959873 0.6578264429
0.0020959985 0.657917352
0.0020960641 0.6581090186
0.0020961056 0.658129852
0.0020961423 0.6582515911
0.0020962299 0.658299646
0.002096249 0.6585663127
0.0020962569 0.6586663127
0.0020963203 0.6588348108
0.0020963899 0.6589289667
0.0020965826 0.6595716439
0.0020966584 0.6598747454
0.0020967371 0.6599205787
0.0020968047 0.6600927279
0.0020968188 0.6604677279
0.0020968235 0.6605927279
0.0020968235 0.6605927279
0.0020968235 0.6605927279
0.002096861 0.660985805
0.0020969996 0.6614781127
0.0020971256 0.6617179791
0.0020972032 0.6620985347
0.0020972451 0.6622902013
0.0020972993 0.6625152013
0.0020973533 0.6626402013
0.0020973873 0.6628679791
0.0020973904 0.6631179791
0.0020975673 0.6633032734
0.0020976779 0.6639657003
0.0020977224 0.6639907003
0.0020977607 0.6642624394
0.0020977775 0.6647291061
0.0020979225 0.6648319151
0.0020979911 0.6650416373
0.0020982088 0.6654496548
0.0020982574 0.6654746548
0.0020984592 0.6657276025
0.002098485 0.6657546295
0.0020985379 0.6658705386
0.0020985908 0.6663801345
0.0020985984 0.6667468012
0.0020986119 0.6668468012
0.0020986119 0.6668468012
0.0020986299 0.6669056247
0.0020986599 0.6671273639
0.0020987916 0.6672005962
0.0020988619 0.6672546897
0.002098935 0.6675554224
0.0020989544 0.6678232795
0.0020989767 0.6680232795
0.0020991209 0.6685376734
0.0020992203 0.6687581557
0.0020993477 0.6691399028
0.0020993477 0.6691399028
0.0020994393 0.6692093692
0.0020994481 0.6693093692
0.0020994599 0.6694093692
0.0020994599 0.6694093692
0.0020994746 0.6695093692
0.0020995625 0.6695579803
0.0020995772 0.6696413137
0.0020995816 0.6698079803
0.0020996152 0.670000288
0.0020996385 0.6704578638
0.0020997113 0.6705069068
0.0020997796 0.6706320857
0.0020998188 0.6707670064
0.0020998825 0.6709325908
0.0020998927 0.6710325908
0.0020999432 0.6711664292
0.0020999447 0.6713664292
0.0020999865 0.6714942069
0.0021000052 0.6720108736
0.0021000181 0.6721108736
0.0021000195 0.6722358736
0.0021001198 0.672543021
0.0021002743 0.6727574149
0.0021002886 0.6729829051
0.0021003385 0.6733215266
0.0021003599 0.6737421615
0.0021003884 0.6740918942
0.0021003955 0.6742347513
0.0021004721 0.674412046
0.0021004862 0.6746696217
0.0021005711 0.6747197471
0.0021006007 0.6748441373
0.0021006515 0.6749923931
0.0021006881 0.6752860868
0.0021007331 0.6753093426
0.0021008301 0.6755716953
0.0021008904 0.6757171733
0.002100945 0.6758925702
0.0021009562 0.6761175702
0.0021009562 0.6761175702
0.0021009785 0.6764170871
0.0021010941 0.6764848093
0.0021011956 0.6768248443
0.0021011956 0.6768248443
0.0021012553 0.6769274084
0.0021013619 0.6773395531
0.0021013661 0.6774645531
0.0021014185 0.6775923308
0.0021014751 0.6777853133
0.0021015274 0.6780085691
0.0021015673 0.6781969749
0.0021015824 0.6783858638
0.0021016414 0.6785085911
0.0021016907 0.6787818469
0.0021017003 0.6788062371
0.0021017317 0.6788325529
0.0021017617 0.6790468386
0.0021017917 0.6790712289
0.0021017917 0.6790712289
0.0021018447 0.6790950384
0.0021018813 0.6791188479
0.0021019328 0.6793132924
0.0021019477 0.6795153126
0.0021019653 0.6797728883
0.0021019653 0.6797728883
0.0021019788 0.6800728883
0.0021019855 0.6802157455
0.0021020419 0.6803524976
0.0021021292 0.6805044544
0.0021021346 0.6807044544
0.0021022564 0.6809206927
0.0021022925 0.68094342
0.0021023138 0.6813529438
0.0021023538 0.6817084993
0.0021023791 0.6820077417
0.002102415 0.6820327417
0.0021024668 0.6822559976
0.0021024668 0.6822559976
0.0021025251 0.68246774
0.0021026005 0.6825960683
0.0021026084 0.6826960683
0.0021026493 0.6828854622
0.0021027218 0.6831933124
0.0021027573 0.6837643803
0.0021027573 0.6837643803
0.0021027928 0.684046956
0.0021028465 0.6842408468
0.0021028465 0.6842408468
0.0021028988 0.684692867
0.0021029105 0.6849607241
0.0021029575 0.685098151
0.0021030278 0.6853441341
0.0021030434 0.6856358008
0.0021030953 0.685758023
0.0021031044 0.685858023
0.0021031692 0.686083664
0.002103208 0.6862114418
0.0021032765 0.6864591691
0.0021033681 0.6867809082
0.0021034634 0.6870799512
0.0021034699 0.6872049512
0.0021035226 0.6873282071
0.0021035611 0.6875313018
0.0021036508 0.687692413
0.0021036508 0.687692413
0.0021036508 0.687692413
0.0021036738 0.6881019368
0.0021036815 0.6882686034
0.0021036866 0.6884352701
0.0021036866 0.6884352701
0.0021036929 0.6885781272
0.0021037779 0.6886734736
0.0021038248 0.6886962008
0.0021038248 0.6886962008
0.0021038691 0.6889012748
0.0021039183 0.6894192573
0.0021039751 0.6895414795
0.0021039826 0.6897081462
0.0021039939 0.6897990553
0.002104112 0.6900410048
0.0021042488 0.6902920095
0.0021043265 0.6908036108
0.0021043265 0.6908036108
0.0021043915 0.6908544474
0.0021043915 0.6908544474
0.0021043915 0.6908544474
0.0021043915 0.6908544474
0.0021043915 0.6908544474
0.0021043977 0.6909794474
0.0021044213 0.6912027032
0.0021044523 0.6912297302
0.0021045624 0.6918431444
0.002104644 0.6918923936
0.002104681 0.6920137831
0.0021047057 0.6920387831
0.002104782 0.692359418
0.0021048337 0.6927571453
0.002104873 0.6929841723
0.002104916 0.6936675057
0.0021049993 0.6942318343
0.0021050593 0.6942846121
0.0021050593 0.6942846121
0.0021050971 0.6944005212
0.0021051788 0.6946545684
0.0021051849 0.694821235
0.0021052908 0.6948950012
0.0021053381 0.6949443914
0.0021053988 0.6951904232
0.0021054303 0.6952154232
0.002105463 0.695243201
0.0021054739 0.6952675912
0.0021055113 0.695293907
0.0021055282 0.6955796213
0.0021055282 0.6955796213
0.0021055427 0.695846288
0.0021055667 0.6960675646
0.0021055967 0.6963138412
0.0021055967 0.6963138412
0.002105671 0.6964915092
0.002105671 0.6964915092
0.0021057522 0.6968803981
0.0021057618 0.6971065886
0.0021057653 0.6972494457
0.0021058249 0.6974767404
0.0021058249 0.6974767404
0.0021059175 0.697711683
0.0021059721 0.6979091812
0.0021059804 0.6980520384
0.0021059804 0.6980520384
0.0021060087 0.6981603717
0.0021060772 0.6982904442
0.0021061197 0.6986121833
0.0021061232 0.6987232944
0.0021061279 0.6988482944
0.0021061397 0.6991058702
0.0021061397 0.6991058702
0.0021061701 0.699132186
0.0021062591 0.6994204976
0.0021063012 0.6996191303
0.0021063071 0.6997441303
0.0021063479 0.7000496859
0.002106426 0.7001024636
0.0021065645 0.7002023941
0.0021065831 0.7004040748
0.0021066656 0.7008314241
0.002106712 0.7008536464
0.0021067294 0.7011536464
0.0021067919 0.7014442308
0.0021067977 0.7016108974
0.0021068277 0.7018906954
0.0021068704 0.7020395049
0.0021068704 0.7020395049
0.0021069129 0.7023323621
0.0021069325 0.7023545843
0.0021069945 0.7025728653
0.0021069945 0.7025728653
0.0021069979 0.7027157224
0.0021070986 0.7027825477
0.0021071066 0.7029254048
0.0021071374 0.7030900011
0.0021071522 0.7032983344
0.002107191 0.7033428668
0.002107191 0.7033428668
0.0021071955 0.7035095335
0.0021071955 0.7035095335
0.0021072001 0.7037095335
0.0021072001 0.7037095335
0.0021072419 0.7040726648
0.0021072815 0.7042832928
0.0021072848 0.7044499595
0.0021073085 0.7046027373
0.0021073828 0.7047782423
0.0021073918 0.7048782423
0.0021073918 0.7048782423
0.0021074019 0.7049615757
0.0021074401 0.7050070537
0.0021075229 0.7053625606
0.002107552 0.705557005
0.0021075855 0.7055797323
0.0021076078 0.7057279881
0.0021076078 0.7057279881
0.0021076112 0.7063946548
0.0021076245 0.706648623
0.002107629 0.706848623
0.002107629 0.706848623
0.0021076778 0.7069703622
0.0021077198 0.7071930895
0.0021077398 0.7076871371
0.0021077398 0.7076871371
0.0021077497 0.7081038037
0.0021077497 0.7081038037
0.0021077585 0.7084133275
0.0021077959 0.7085811847
0.0021078322 0.7086580168
0.0021078717 0.7088496835
0.0021078794 0.7089746835
0.0021078794 0.7089746835
0.002107887 0.7090746835
0.0021078936 0.7091857946
0.0021079285 0.7094085219
0.0021079601 0.7095757693
0.0021080244 0.7097921902
0.0021080571 0.7099048385
0.0021080571 0.7099048385
0.0021080571 0.7099048385
0.0021080571 0.7099048385
0.0021080603 0.7101048385
0.0021080668 0.7102715051
0.0021080744 0.7103715051
0.0021081165 0.7105614276
0.0021081575 0.7107497628
0.0021081704 0.7110497628
0.0021082199 0.7113224901
0.0021082511 0.7113452173
0.0021083048 0.711598174
0.0021083402 0.7118580946
0.0021083402 0.7118580946
0.0021083563 0.712041428
0.0021084536 0.7121384045
0.002108523 0.7121849413
0.002108523 0.7121849413
0.0021085326 0.7126849413
0.002108555 0.7127127191
0.0021086359 0.7129542289
0.0021086688 0.713144705
0.0021087081 0.713369705
0.0021087272 0.7135396397
0.0021087356 0.7136507508
0.0021087536 0.7136740066
0.0021087758 0.7136972624
0.0021087927 0.7139401196
0.0021087991 0.7140651196
0.002108838 0.7142312325
0.0021088423 0.7143423436
0.0021088423 0.7143423436
0.0021088706 0.7144812325
0.002108878 0.7148478992
0.002108878 0.7148478992
0.002108878 0.7148478992
0.0021088832 0.7149728992
0.0021088874 0.7151728992
0.0021088895 0.7154228992
0.0021088895 0.7154228992
0.0021089228 0.7154456265
0.0021089436 0.7154669031
0.0021089748 0.7155489824
0.0021090454 0.7155934488
0.0021090776 0.7156161761
0.0021091273 0.7157656266
0.0021091863 0.7159386815
0.0021091863 0.7159386815
0.0021091935 0.7162636815
0.0021092503 0.7163101932
0.0021092503 0.7163101932
0.0021092802 0.7163351932
0.002109347 0.7166519472
0.002109347 0.7166519472
0.0021093552 0.7167769472
0.0021093624 0.7168602805
0.0021093962 0.7171732238
0.00210943 0.7173626177
0.0021094382 0.7177292844
0.0021095077 0.7181211299
0.0021095321 0.7181443857
0.0021095607 0.7182787527
0.0021095973 0.7186787527
0.0021096299 0.7187037527
0.0021096929 0.7190365845
0.0021097142 0.7190622255
0.0021097376 0.7195717493
0.0021097507 0.7198396064
0.0021097942 0.7200290004
0.0021098812 0.720290364
0.0021098842 0.7204570307
0.0021098933 0.7210681418
0.0021099205 0.7215394184
0.0021099236 0.7216394184
0.0021099316 0.7217394184
0.0021099798 0.7221732568
0.0021099798 0.7221732568
0.0021099849 0.7223399234
0.0021099849 0.7223399234
0.0021100039 0.7225283292
0.0021100169 0.7227783292
