0.000242 0.0259121023
0.000393 0.0465957698
0.000505 0.0635432104
0.00060525 0.0804265895
0.00069345 0.0956541837
0.0007686167 0.1084781452
0.000835331 0.1191920251
0.000891081 0.1303277021
0.0009444143 0.1394667579
0.0009905143 0.1467317539
0.0010295143 0.1548686366
0.001064181 0.161626427
0.0011028733 0.1694910981
0.0011347304 0.1765795545
0.0011627971 0.1823907433
0.0011923596 0.1879722524
0.0012240655 0.1948659954
0.0012542321 0.2012056737
0.0012837584 0.2069820143
0.0013101084 0.2127570988
0.0013364894 0.2185740604
0.0013584439 0.2224753798
0.0013771831 0.225732566
0.0013980581 0.2304731921
0.0014167781 0.2357902354
0.0014373165 0.2411311852
0.001454798 0.2448925712
0.0014722266 0.2491041853
0.0014875714 0.2531267623
0.0015048047 0.2559293361
0.0015143854 0.2586503406
0.0015233229 0.2608247466
0.0015356865 0.2641709422
0.0015450395 0.2666054429
0.001555268 0.2692243617
0.0015670458 0.2727587903
0.0015784782 0.2771864474
0.0015883467 0.2791191941
0.0015967313 0.2814372328
0.0016062563 0.2846328974
0.0016152075 0.2883877791
0.0016220408 0.2907564968
0.0016314129 0.2943581872
0.0016409811 0.2972141099
0.0016507367 0.3000095795
0.0016579975 0.302923281
0.0016633805 0.3062596483
0.0016682972 0.3084735076
0.0016743176 0.3107571836
0.0016820776 0.3137722065
0.001690058 0.3160268265
0.0016973657 0.3187424037
0.00170546 0.3213291271
0.0017108859 0.3233258491
0.0017182678 0.3258186005
0.0017256428 0.3285809815
0.0017316077 0.3308099643
0.001737349 0.3324705844
0.0017426711 0.334205414
0.0017477544 0.336994868
0.0017514593 0.3393516555
0.0017554755 0.3419019015
0.001760031 0.3438934988
0.0017646248 0.3461103054
0.0017688709 0.348492439
0.0017734012 0.3516182725
0.0017767445 0.3534062328
0.0017804357 0.3551531993
0.0017837255 0.3569700885
0.0017872255 0.3583031922
0.0017907044 0.3594411411
0.0017956627 0.3616290105
0.0018003751 0.3634907157
0.0018032535 0.3644833937
0.0018065468 0.3655673274
0.0018105205 0.3679054675
0.0018139361 0.3697714419
0.0018171925 0.3711590479
0.0018204709 0.371990287
0.0018222334 0.3731562569
0.001823752 0.3744261311
0.0018260325 0.3762008873
0.0018285626 0.3776959405
0.0018316697 0.3791142596
0.0018339874 0.3805943788
0.001835185 0.3818092924
0.0018377712 0.3830672219
0.0018392599 0.3850944773
0.0018408441 0.3860236304
0.0018426664 0.3870193836
0.0018434905 0.3881695986
0.0018447623 0.38961861
0.001846644 0.3914061326
0.0018483568 0.3928042504
0.0018504831 0.3944076158
0.0018524102 0.3957815726
0.0018545751 0.3968260724
0.0018574425 0.3988255464
0.0018585738 0.4002780465
0.0018604338 0.4005811661
0.0018621368 0.4016364847
0.0018644701 0.402672695
0.0018660914 0.4040864441
0.0018679953 0.4050388891
0.0018701477 0.4067567359
0.0018720345 0.4085026669
0.0018742681 0.4094339826
0.0018764348 0.4108493242
0.0018773889 0.412254119
0.0018794798 0.4137713556
0.0018813086 0.4156012684
0.0018829247 0.4174196405
0.0018839778 0.4183915466
0.0018854515 0.4196170865
0.0018877384 0.421022616
0.0018899712 0.4226009326
0.00189239 0.4241949094
0.0018935765 0.4253553396
0.0018958622 0.4268442043
0.0018982122 0.4278474722
0.001900675 0.4289694608
0.0019031832 0.4299166625
0.001905175 0.4312112757
0.0019058605 0.432276714
0.0019067805 0.4329286984
0.0019088837 0.4345993543
0.0019107498 0.4355767102
0.0019113358 0.4361352635
0.0019119094 0.4371251186
0.0019132402 0.4379789259
0.0019142402 0.4384335096
0.001915369 0.4391604834
0.0019174216 0.4405661464
0.0019191903 0.4423363504
0.0019207532 0.4431632577
0.0019223782 0.4443833515
0.0019235242 0.4459255621
0.0019248865 0.447018082
0.0019263182 0.4482242079
0.0019272396 0.4492329976
0.0019289843 0.4501564426
0.0019302308 0.4514917173
0.0019315385 0.4529772288
0.0019329065 0.4539812443
0.00193401 0.4554894881
0.0019349483 0.4561264915
0.0019360776 0.4568929169
0.0019368006 0.4576159012
0.0019374113 0.458167296
0.0019387246 0.4592961386
0.0019390094 0.4599806181
0.0019398054 0.4606193501
0.0019404917 0.4612465681
0.0019415242 0.4626498484
0.0019421564 0.4637483201
0.0019428616 0.4646189326
0.0019450272 0.4661112221
0.0019459006 0.4677867971
0.0019468063 0.4689964195
0.0019476438 0.4698046802
0.0019485941 0.470456621
0.001949736 0.4711354691
0.0019505213 0.4721140771
0.0019513018 0.4727208007
0.001952217 0.4733511784
0.0019528374 0.4739448089
0.0019538913 0.4752405531
0.0019543199 0.4756205209
0.0019550418 0.4764432196
0.0019557889 0.4768694424
0.0019561631 0.4778886797
0.0019569887 0.4785558567
0.001957954 0.479590011
0.0019588161 0.4800117531
0.0019591418 0.4810204331
0.0019602725 0.4818398561
0.0019608092 0.4836092503
0.0019621969 0.4844483964
0.0019627946 0.4848723639
0.0019633835 0.4861017697
0.0019643946 0.4872465423
0.0019648506 0.4883456624
0.0019653205 0.4888211466
0.0019661412 0.4898916231
0.0019671953 0.4906341787
0.0019686684 0.492303429
0.0019696791 0.4932419598
0.0019703546 0.4934279975
0.0019711641 0.4943905049
0.0019718273 0.4946244999
0.0019724137 0.4952570449
0.0019736064 0.4960528312
0.001974425 0.4963125422
0.001975724 0.4974138126
0.0019764163 0.4985746465
0.0019775286 0.4991976913
0.001978026 0.5003747428
0.0019789806 0.5015704021
0.0019797092 0.5020389853
0.0019803942 0.5027957427
0.0019812051 0.5034476171
0.0019817299 0.5041691703
0.0019829664 0.5056089978
0.0019834909 0.5065160796
0.0019838714 0.5067479636
0.0019845801 0.5069060817
0.0019851936 0.507908103
0.00198591 0.5082420253
0.0019860535 0.5086287774
0.0019863106 0.509288215
0.0019867419 0.5098723675
0.0019871523 0.5106603107
0.0019877157 0.5112627892
0.0019882764 0.5117135402
0.0019888625 0.5123343971
0.0019894921 0.5128402039
0.001989976 0.51345385
0.0019903521 0.5142144484
0.0019907996 0.5148320843
0.0019910133 0.5149654457
0.0019919001 0.5158614413
0.0019925488 0.5163195451
0.0019929479 0.5167422515
0.0019932604 0.5175083011
0.0019935093 0.5177364329
0.0019938057 0.5181120739
0.0019940833 0.5190817625
0.0019947105 0.5202864107
0.0019954048 0.5211630209
0.0019958309 0.5215063841
0.0019961209 0.5217781545
0.0019965002 0.5219405192
0.0019968693 0.5227460559
0.0019970873 0.5230558557
0.0019973681 0.5236229108
0.0019977707 0.5239296983
0.0019981673 0.5243372106
0.0019987723 0.525180257
0.00199881 0.5256878327
0.00199916 0.5265902495
0.0019993592 0.5269696146
0.0019996649 0.5275240773
0.0019998049 0.5284327464
0.002000186 0.5290217932
0.0020004187 0.5294349715
0.0020008455 0.5303944467
0.0020010601 0.5306146722
0.0020013988 0.5309903619
0.0020014992 0.5314479377
0.0020017072 0.5317035152
0.0020019223 0.5321512425
0.0020023191 0.5332801245
0.0020026551 0.5337673053
0.0020029268 0.5344585105
0.0020033307 0.5347677589
0.0020036549 0.5353732291
0.0020041413 0.5357634001
0.0020044048 0.536251593
0.0020048952 0.5371114547
0.0020050721 0.5375205945
0.0020055434 0.5378820436
0.0020058793 0.5385904082
0.0020059895 0.5393852855
0.0020063039 0.5404288677
0.0020067681 0.5415278167
0.0020070951 0.5425463106
0.0020072262 0.5431775735
0.0020075994 0.5437150317
0.0020080863 0.544252076
0.0020081901 0.544577076
0.0020085406 0.5450675792
0.0020090002 0.5456004713
0.0020094214 0.5462417617
0.0020100455 0.5467843644
0.0020103291 0.5468775591
0.0020106262 0.5471355428
0.0020109945 0.5479512389
0.0020114657 0.548757982
0.0020120033 0.5494754895
0.0020120748 0.5500266799
0.002012758 0.5505128867
0.0020130736 0.5515546407
0.0020131302 0.5521134069
0.0020131302 0.5521134069
0.0020131653 0.552356264
0.00201341 0.5527045546
0.0020137097 0.5534911708
0.002014036 0.5538502534
0.0020143821 0.5543966736
0.0020148545 0.5547133272
0.0020152703 0.5550066003
0.0020154929 0.5555592621
0.0020156772 0.5559191751
0.0020159833 0.5565104012
0.0020162918 0.55698297
0.0020164472 0.5572051923
0.0020166189 0.5575449109
0.002016884 0.558259128
0.0020170813 0.5585818552
0.0020173247 0.5590436074
0.0020174243 0.559314884
0.0020176462 0.5598522648
0.0020176627 0.5601772648
0.0020178995 0.5606351569
0.002018352 0.5612729675
0.002018486 0.5615402149
0.0020186391 0.5620282828
0.0020188014 0.5625525565
0.0020191509 0.5628247343
0.002019438 0.5632333344
0.0020197242 0.5638422838
0.002019987 0.5641708498
0.0020202778 0.5645066328
0.0020208287 0.5650124609
0.0020210097 0.5654213187
0.0020215381 0.5661607012
0.0020218851 0.5668975516
0.0020220612 0.5673363919
0.0020222493 0.5676728496
0.0020223306 0.5676984906
0.0020226047 0.5680280504
0.0020230613 0.5685461884
0.002023117 0.5685711884
0.0020233793 0.5688093919
0.0020236101 0.5689715776
0.0020237451 0.5690193049
0.0020239928 0.5692604221
0.0020242976 0.5698844876
0.0020245651 0.5703349927
0.0020248863 0.5710844349
0.0020252096 0.5718852451
0.0020253873 0.572235813
0.0020256275 0.5727237557
0.002025915 0.5735749822
0.0020262045 0.5736928829
0.0020264099 0.5739159041
0.00202676 0.5745805838
0.0020270914 0.5753127553
0.002027469 0.5756910551
0.0020279425 0.5761654493
0.0020281536 0.5763344531
0.0020284841 0.5765312348
0.002028761 0.5770247223
0.002029075 0.5772657255
0.0020292779 0.5775920075
0.002029353 0.5777843152
0.0020298804 0.5782377173
0.0020301563 0.5786410881
0.0020302881 0.5793986639
0.0020304338 0.5794457292
0.0020306418 0.5797152056
0.0020308094 0.5800895926
0.0020313051 0.5808951356
0.0020315057 0.5820006911
0.0020320381 0.582210692
0.0020323695 0.5825710455
0.0020326553 0.5826649625
0.0020327391 0.5827993294
0.0020329508 0.583153177
0.0020332758 0.583469561
0.0020335777 0.5838885584
0.0020337186 0.5842475328
0.0020338921 0.5849677709
0.002034046 0.5856204321
0.002034498 0.5861051318
0.0020345254 0.5864162429
0.0020350213 0.586891108
0.0020351354 0.58735692
0.0020353305 0.5876206563
0.0020357035 0.588005461
0.0020359245 0.5886875537
0.0020360482 0.5889516874
0.0020361876 0.5893862112
0.0020362544 0.5895368522
0.0020366438 0.5902817911
0.0020367954 0.5908799901
0.0020369598 0.5914697088
0.0020373222 0.5922087556
0.002037565 0.5924930372
0.0020377808 0.5929098895
0.0020379146 0.5931271972
0.0020382 0.5932952416
0.0020383149 0.5934179689
0.0020384164 0.5937928163
0.0020385307 0.5941325349
0.0020386939 0.5942942375
0.0020387094 0.5944609042
0.0020387636 0.5949192375
0.0020389743 0.5954782125
0.0020389949 0.5957210697
0.0020390767 0.5962280917
0.0020393216 0.5965948463
0.0020396091 0.5970348813
0.0020397081 0.5970876591
0.0020399208 0.5972513409
0.0020403046 0.5977100277
0.0020403449 0.5977332835
0.0020404479 0.5980721724
0.0020406334 0.5982907959
0.0020409559 0.5988535919
0.0020410631 0.5990859683
0.0020410905 0.5993954921
0.0020412518 0.5999156094
0.0020412889 0.6002100538
0.0020414296 0.6007537046
0.0020415996 0.601366015
0.0020418306 0.6016179991
0.0020421688 0.6023434956
0.0020422177 0.6024902347
0.0020423762 0.6035330919
0.0020424322 0.603554831
0.0020425074 0.6036713811
0.0020426842 0.6040059839
0.0020428195 0.6043690791
0.0020429062 0.6044968569
0.0020431009 0.604844403
0.0020433167 0.6059888041
0.002043501 0.606170582
0.0020436943 0.6063938788
0.0020439609 0.6068574069
0.0020439918 0.6072252641
0.0020441506 0.6075658379
0.0020445146 0.608034933
0.0020445878 0.6081420758
0.0020446583 0.6085309647
0.0020447499 0.6087241324
0.0020448084 0.6088723882
0.0020450795 0.6094535239
0.002045238 0.6097947327
0.0020455194 0.6099155589
0.0020456888 0.6100893685
0.0020457813 0.610238178
0.002046174 0.610665598
0.0020462546 0.6111281395
0.0020464983 0.6112214154
0.0020465992 0.6112741932
0.0020467983 0.6115904315
0.0020468439 0.6116182093
0.0020468804 0.6120195251
0.002047094 0.6122276528
0.0020472255 0.6123030767
0.0020473228 0.6129086322
0.0020474673 0.6132665372
0.0020475551 0.6133921782
0.0020477349 0.6137176833
0.0020478537 0.6139189966
0.002048064 0.6143363468
0.0020481801 0.6144628414
0.0020482291 0.614563574
0.002048238 0.6146746852
0.0020484974 0.6154022324
0.0020485948 0.6156134314
0.0020486654 0.6159983521
0.0020488108 0.6160671565
0.0020488789 0.616332741
0.0020491267 0.6167978799
0.0020492821 0.6171262987
0.0020493345 0.6175167749
0.0020493802 0.6179429654
0.0020495672 0.6185474918
0.0020497819 0.6190234298
0.0020498902 0.6194628237
0.0020500435 0.6196807267
0.0020500478 0.6198473933
0.0020502091 0.6203204453
0.0020502949 0.6204865582
0.002050402 0.6211010881
0.0020504832 0.6214647245
0.0020506154 0.621779647
0.0020507218 0.6218743314
0.002050811 0.6222463407
0.002050811 0.6222463407
0.0020508321 0.622579674
0.0020509735 0.6228190679
0.0020510345 0.6230428273
0.0020511606 0.6232172175
0.0020513325 0.6234138416
0.002051458 0.6234905162
0.002051577 0.6236780162
0.002051702 0.6238533751
0.002051702 0.6238533751
0.0020518617 0.6243671474
0.0020519528 0.6247815414
0.0020519797 0.6249695756
0.0020520457 0.6252690925
0.0020522247 0.6260268763
0.0020524054 0.6264680809
0.0020524771 0.6266024478
0.0020525978 0.6272081477
0.0020528202 0.6276677533
0.0020528202 0.6276677533
0.002052871 0.6276904806
0.0020530353 0.6282035485
0.0020532297 0.6290645028
0.0020533589 0.6293524814
0.0020534315 0.6293787972
0.0020534939 0.6297889627
0.0020535039 0.6299318199
0.0020536122 0.6304026532
0.0020537262 0.6310863014
0.002053788 0.6316533039
0.0020539175 0.6318248407
0.0020539772 0.6319359518
0.0020542133 0.6323773142
0.0020543618 0.6328828933
0.0020546187 0.6332746366
0.0020547035 0.6338385255
0.0020547173 0.6339496366
0.0020548096 0.6343876708
0.0020549351 0.634555393
0.0020551191 0.6348449229
0.0020551913 0.6350199229
0.0020552537 0.6351288973
0.0020554755 0.6354292888
0.0020556464 0.6360735196
0.0020557685 0.6366402175
0.0020559774 0.6368807769
0.0020561666 0.6372125317
0.00205618 0.6373236429
0.0020563531 0.6379116479
0.0020563819 0.638122759
0.0020564777 0.638367754
0.0020565599 0.6388274031
0.0020567756 0.6394069275
0.0020568613 0.6397656779
0.0020570343 0.639989289
0.0020571007 0.6404399301
0.002057167 0.6408599552
0.0020573201 0.6409357879
0.002057339 0.6411897562
0.0020573446 0.6413147562
0.0020574367 0.6421403929
0.0020575568 0.6421875104
0.0020575886 0.6422097327
0.0020577531 0.6423437141
0.0020577681 0.6424206372
0.0020578965 0.6430100163
0.0020579449 0.643311697
0.0020580766 0.6436359864
0.0020581266 0.6437637642
0.0020582098 0.6438082966
0.0020584386 0.6444590249
0.002058538 0.6448320133
0.0020586446 0.6454174429
0.0020586666 0.6458554771
0.0020587399 0.6463832549
0.0020587947 0.646504994
0.0020588349 0.6466888176
0.0020588349 0.6466888176
0.0020589294 0.6467361977
0.0020590184 0.6468641544
0.0020590546 0.6469681045
0.0020591486 0.6472431045
0.0020592281 0.6473681045
0.0020593416 0.6478129887
0.0020594027 0.6478357159
0.0020594907 0.6479223172
0.0020595032 0.6479450445
0.002059598 0.6482629738
0.0020596248 0.6487629738
0.0020596355 0.6492129738
0.0020596676 0.6494038829
0.0020597581 0.649451529
0.0020599177 0.6498193417
0.0020599761 0.6499537086
0.0020600768 0.6500049907
0.002060195 0.6501424114
0.0020602003 0.6502257447
0.0020602389 0.6508257447
0.0020603828 0.6508975264
0.0020607033 0.6511647942
0.0020609131 0.6515171762
0.0020610108 0.6519514153
0.0020612338 0.6521493552
0.0020612877 0.652172611
0.0020614474 0.6523898897
0.0020615636 0.6525370072
0.0020618127 0.6527580216
0.0020618403 0.6530753292
0.0020618748 0.6530970684
0.0020619006 0.6531240954
0.0020620054 0.6532753775
0.0020621461 0.6533718933
0.0020623533 0.6535502074
0.0020624388 0.6538090458
0.0020625514 0.6541234107
0.002062565 0.6542345218
0.0020627657 0.6549054237
0.0020627742 0.6550482809
0.0020629471 0.6555672632
0.0020630892 0.6561136977
0.0020631703 0.6563480646
0.0020633018 0.6566485445
0.0020633759 0.6567829114
0.0020634935 0.6568544231
0.0020636076 0.6573724928
0.0020637483 0.6575441169
0.0020638336 0.657783611
0.0020640022 0.6579836877
0.0020640539 0.6580093287
0.0020641504 0.6580582255
0.002064157 0.6581693367
0.0020642549 0.6584936261
0.0020642797 0.6586168819
0.0020644202 0.6587989761
0.0020644747 0.6588246171
0.0020646542 0.6592084303
0.0020647973 0.6599015635
0.0020648088 0.6600265635
0.0020649646 0.6603348272
0.0020650497 0.6609560127
0.0020651624 0.6614084206
0.0020652391 0.6615525098
0.0020652977 0.6617448175
0.0020653595 0.6619244743
0.0020654732 0.6619698825
0.002065598 0.6620420316
0.0020657031 0.6623597319
0.0020657613 0.6625253163
0.00206595 0.6630511071
0.0020661287 0.663395346
0.0020661287 0.663395346
0.0020661817 0.6634456288
0.0020663307 0.6635183561
0.0020664507 0.6636166432
0.0020664651 0.6637075522
0.0020664779 0.6637844753
0.002066575 0.6639614321
0.0020666863 0.6642410787
0.0020667339 0.664261912
0.0020668354 0.664474412
0.0020668559 0.6645220311
0.0020669191 0.664941204
0.0020670137 0.6656692981
0.0020671193 0.6658860521
0.0020671586 0.6661593079
0.0020671947 0.6661825637
0.0020672386 0.6664558196
0.0020672714 0.6667257542
0.0020673355 0.6667753258
0.0020674088 0.6669930261
0.0020674571 0.6671208038
0.0020674571 0.6671208038
0.0020675611 0.6676101978
0.002067679 0.6677578438
0.0020677177 0.6680822341
0.002067863 0.6683777531
0.0020679571 0.6686222195
0.0020680649 0.668669337
0.0020681896 0.6688625878
0.0020682587 0.6695075904
0.0020682648 0.6695909238
0.0020682771 0.6699520349
0.0020683352 0.6704419574
0.0020684146 0.6705879404
0.0020685944 0.6706866201
0.002068739 0.6708432405
0.0020688029 0.6709253199
0.0020688529 0.6714016356
0.002068912 0.6717344153
0.002068968 0.6720116393
0.0020690315 0.6722258042
0.002069125 0.6728462823
0.0020691792 0.6728695381
0.0020691822 0.6730123952
0.0020691822 0.6730123952
0.0020692107 0.6730351225
0.0020693469 0.673652213
0.002069474 0.6737295624
0.0020695471 0.6737781004
0.0020696782 0.6738490835
0.0020697006 0.6740490835
0.0020697006 0.6740490835
0.0020697584 0.6742846458
0.0020698458 0.6745972955
0.0020699213 0.6749711924
0.0020699567 0.6749929315
0.0020700216 0.6751161873
0.002070057 0.6751439651
0.0020700746 0.6754106318
0.0020701803 0.6757343926
0.0020702258 0.6758667803
0.0020702536 0.6760501137
0.0020702887 0.6760713903
0.0020703967 0.6762307572
0.0020704274 0.6763980046
0.0020704274 0.6763980046
0.0020704739 0.6764450699
0.0020704826 0.6766117366
0.0020704826 0.6766117366
0.0020705332 0.6767119155
0.0020705361 0.6768785822
0.0020705765 0.676901838
0.0020705852 0.6769235771
0.0020705967 0.6770235771
0.0020706096 0.6771346882
0.0020706096 0.6771346882
0.0020706999 0.6772665596
0.0020707428 0.6774332262
0.0020707514 0.6774920497
0.0020708113 0.6778230955
0.0020708896 0.677958471
0.0020710034 0.6782329244
0.0020710176 0.6784666906
0.0020711297 0.6789833792
0.002071141 0.6793500459
0.002071182 0.6793763617
0.0020711863 0.6794763617
0.0020712201 0.6796009038
0.0020712328 0.6798009038
0.002071275 0.6800491596
0.002071341 0.680341407
0.002071355 0.680641407
0.0020713998 0.6807535927
0.0020715159 0.6808521527
0.0020715313 0.6811771527
0.002071541 0.6814438194
0.0020715494 0.6815549305
0.0020715633 0.6818382638
0.002071573 0.6819215971
0.0020715897 0.6821755654
0.0020716035 0.6822664745
0.0020716035 0.6822664745
0.0020716035 0.6822664745
0.0020716532 0.6822892017
0.0020716587 0.6824558684
0.0020716876 0.6824802587
0.0020717398 0.6826954633
0.0020718427 0.682840466
0.0020718522 0.6829313751
0.0020718796 0.6832997224
0.0020719274 0.6833983846
0.0020719274 0.6833983846
0.0020719274 0.6833983846
0.0020719369 0.683481718
0.0020719532 0.6837061082
0.0020719899 0.6837299177
0.0020719899 0.6837299177
0.0020720589 0.6839435929
0.002072067 0.6841102596
0.0020721169 0.6841329869
0.0020721385 0.6841562427
0.0020721641 0.6841800522
0.002072234 0.6845864375
0.0020723561 0.6847795346
0.0020723936 0.6848942532
0.0020724472 0.6850720525
0.0020725074 0.6851873519
0.0020725728 0.6855100791
0.0020725994 0.6855323014
0.002072686 0.6858419505
0.0020727804 0.6860307907
0.0020728083 0.6865335685
0.0020728083 0.6865335685
0.0020728176 0.6866446796
0.0020728176 0.6866446796
0.002072873 0.6866679354
0.002072873 0.6866679354
0.0020728875 0.6869357926
0.0020729599 0.6871863701
0.0020729599 0.6871863701
0.0020730006 0.6872589891
0.0020730491 0.6872846301
0.002073091 0.6873096301
0.0020730975 0.6874762968
0.0020731928 0.6876228084
0.0020732437 0.6879602353
0.0020733179 0.6883142036
0.0020733491 0.6888475369
0.0020734101 0.6891369309
0.0020734568 0.6895101867
0.0020734633 0.6896101867
0.0020735047 0.689823823
0.0020736029 0.6899936913
0.0020736635 0.6900432629
0.0020737112 0.6901915187
0.0020738026 0.6902375505
0.0020738553 0.6902602778
0.0020738553 0.6902602778
0.0020738873 0.6902820169
0.0020739296 0.6903042391
0.0020739334 0.6905042391
0.0020740586 0.6912420458
0.0020740586 0.6912420458
0.0020740586 0.6912420458
0.0020741095 0.6913948235
0.0020741311 0.6917448235
0.0020741374 0.6918281569
0.0020741374 0.6918281569
0.0020741716 0.6919514127
0.0020742108 0.6920973958
0.0020742146 0.6922223958
0.0020742146 0.6922223958
0.0020742196 0.6923223958
0.0020742272 0.6924223958
0.0020743327 0.6926070455
0.0020743954 0.6928453626
0.0020744242 0.6930731403
0.002074428 0.693239807
0.002074538 0.6934585007
0.0020745979 0.6935681498
0.0020746278 0.6935908771
0.0020746403 0.6936908771
0.0020746888 0.6937146866
0.0020747522 0.6938931054
0.0020748068 0.6942716623
0.0020748377 0.6942986894
0.0020748897 0.6944729386
0.0020750207 0.6945930392
0.002075101 0.6948407665
0.0020751145 0.6950296554
0.0020751379 0.6950574332
0.0020751945 0.6956551604
0.0020752412 0.6959821875
0.0020752792 0.6962071875
0.0020754275 0.6963014317
0.0020754361 0.6964442888
0.0020754422 0.6965553999
0.0020754422 0.6965553999
0.0020755471 0.6966291661
0.0020756896 0.6970341235
0.0020757833 0.6971602958
0.0020758367 0.6974173179
0.0020758816 0.697585175
0.0020759338 0.6979196988
0.0020759894 0.6980429547
0.0020760197 0.6980707324
0.0020760607 0.6982220482
0.0020761669 0.6982907586
0.0020762283 0.6983726299
0.0020762777 0.6983958857
0.0020763173 0.6985302527
0.0020763822 0.6985795019
0.0020763822 0.6985795019
0.0020764456 0.6986297848
0.0020765222 0.6986788278
0.0020765413 0.6990788278
0.0020765485 0.6992038278
0.002076558 0.6994816056
0.0020765711 0.6995038278
0.0020765747 0.6996038278
0.0020765747 0.6996038278
0.0020765972 0.6996282181
0.0020766363 0.6996767561
0.0020766387 0.6999267561
0.0020766611 0.6999517561
0.0020766753 0.7002196132
0.0020766753 0.7002196132
0.0020767059 0.7004452542
0.0020767553 0.7005924765
0.0020768 0.7006187923
0.0020768 0.7006187923
0.0020768 0.7006187923
0.0020768843 0.7008076325
0.0020768843 0.7008076325
0.0020769007 0.7010326325
0.0020769263 0.7010604103
0.0020769846 0.7013326325
0.0020770451 0.7017408493
0.0020770451 0.7017408493
0.002077073 0.7018996728
0.0020771229 0.7020335112
0.002077153 0.7020547878
0.0020772491 0.7022470049
0.002077263 0.702437914
0.0020772826 0.7024967376
0.002077316 0.7025205471
0.002077369 0.7027770406
0.002077369 0.7027770406
0.0020774173 0.7027997679
0.0020774862 0.7029897425
0.0020776009 0.7030620414
0.0020776238 0.7030858509
0.0020776718 0.7032187012
0.0020776741 0.7034687012
0.002077681 0.7035937012
0.0020777038 0.7039762769
0.0020777323 0.7040818325
0.0020777482 0.7046068325
0.0020777595 0.7050227416
0.0020777629 0.7051894082
0.0020778196 0.7057315078
0.0020778196 0.7057315078
0.0020778264 0.7058565078
0.0020778716 0.7058803173
0.0020778919 0.7060914284
0.0020779043 0.7061539284
0.0020779111 0.7062789284
0.0020779257 0.7065705951
0.0020779639 0.7065955951
0.002077983 0.7068531709
0.0020780447 0.7070663492
0.0020780659 0.7070880883
0.0020780917 0.7071158661
0.0020781017 0.7072158661
0.0020781073 0.7073408661
0.0020781865 0.7076531896
0.0020782232 0.7077718765
0.0020782721 0.7080306427
0.0020783121 0.7083500872
0.0020783277 0.7085611983
0.0020783931 0.7086061932
0.0020784042 0.7087061932
0.002078444 0.7087311932
0.002078444 0.7087311932
0.0020785091 0.709029449
0.0020785223 0.709279449
0.0020785554 0.709304449
0.0020785554 0.709304449
0.002078596 0.7095307648
0.0020786334 0.7095520414
0.002078641 0.7096770414
0.0020786586 0.7100659303
0.0020786673 0.7101659303
0.0020786673 0.7101659303
0.0020786717 0.7103659303
0.0020786946 0.7103876694
0.0020786946 0.7103876694
0.0020786946 0.7103876694
0.0020787044 0.7106654472
0.0020787131 0.7107904472
0.0020787131 0.7107904472
0.0020787423 0.7108117238
0.002078751 0.7108950571
0.0020787693 0.7110950571
0.0020788104 0.7111206982
0.0020788276 0.7115116073
0.0020788449 0.7117338295
0.0020788578 0.7119766866
0.0020788589 0.7121016866
0.0020789265 0.7124405019
0.0020789544 0.7124643114
0.0020789609 0.7126309781
0.0020789716 0.7128976447
0.0020789791 0.7129976447
0.0020790464 0.7130441815
0.0020790464 0.7130441815
0.0020790634 0.7134052926
0.0020790666 0.7135302926
0.0020790773 0.713613626
0.002079107 0.7136374355
0.002079107 0.7136374355
0.0020791314 0.7137839002
0.0020791589 0.7139566274
0.0020791685 0.7143232941
0.0020792023 0.7146844052
0.0020792266 0.7152613283
0.0020792498 0.7152830674
0.0020792498 0.7152830674
0.0020792645 0.7155168336
0.0020792729 0.7156077427
0.0020793339 0.7158215269
0.0020793391 0.7159465269
0.0020793444 0.7161465269
0.0020793444 0.7161465269
0.0020793444 0.7161465269
0.0020793579 0.716337436
0.0020793872 0.7165591751
0.0020793966 0.7166425085
0.0020793966 0.7166425085
0.0020794403 0.7167763469
0.0020794403 0.7167763469
0.0020795181 0.7168226235
0.0020795513 0.7169276959
0.0020796 0.7171021465
0.0020796083 0.7172021465
0.0020796083 0.7172021465
0.0020796393 0.7172299242
0.0020796393 0.7172299242
0.0020796702 0.7173977814
0.0020797403 0.7174422478
0.0020797403 0.7174422478
0.0020797495 0.7177339145
0.0020797865 0.7180071703
0.0020797865 0.7180071703
0.0020797865 0.7180071703
0.0020798151 0.7181415372
0.0020798243 0.7184332039
0.0020798611 0.7184815722
0.0020798866 0.7186726291
0.0020798917 0.7189404862
0.0020798999 0.7194166767
0.0020798999 0.7194166767
0.002079911 0.7196845338
0.002079977 0.7199000973
0.002079977 0.7199000973
0.0020799841 0.7200250973
0.0020800165 0.7202844643
0.0020800418 0.7203094643
0.002080062 0.7203332738
0.0020801084 0.7204065296
0.0020801447 0.7207148629
0.002080191 0.7208492299
0.0020802101 0.7209770076
0.0020802132 0.7211436743
0.0020802463 0.7212664016
0.0020803336 0.721479605
0.0020803576 0.7215028609
0.0020803986 0.7215478558
0.0020804256 0.7215711116
