0.000236 0.0253001244
0.0003925 0.0470912724
0.0005058333 0.064982677
0.0006023333 0.0802177977
0.0006893333 0.0965920091
0.0007623333 0.1084522939
0.0008311905 0.1210786774
0.0008866905 0.1309240356
0.0009354683 0.139898259
0.0009864683 0.1475732906
0.0010271955 0.1552034947
0.0010645289 0.1631192446
0.0011000673 0.1693878575
0.0011347816 0.175428776
0.0011669816 0.1827033217
0.0011971691 0.1883225154
0.0012216397 0.1946560965
0.0012471953 0.2006741078
0.0012739321 0.2052957137
0.0013031821 0.2118931403
0.0013254678 0.2168796321
0.0013490133 0.2212614726
0.0013750133 0.225569777
0.0013927633 0.2286395201
0.0014114433 0.232730702
0.0014315586 0.2388090959
0.0014482624 0.2436908329
0.0014639409 0.2470526397
0.0014781823 0.251256218
0.0014943823 0.2547924043
0.001504221 0.2583321004
0.0015135648 0.2605196329
0.0015274435 0.262982325
0.0015384435 0.2659198054
0.0015481578 0.2690797588
0.0015609078 0.2730720187
0.0015707186 0.2759319296
0.0015815608 0.2791411461
0.0015903813 0.2817878738
0.0015963313 0.2846223613
0.0016049166 0.2873460829
0.0016111547 0.2897934505
0.0016168291 0.2932337013
0.0016242382 0.2957995902
0.0016322827 0.2992511719
0.0016408479 0.3027885638
0.0016483373 0.3065381538
0.0016557331 0.30925418
0.0016648351 0.3124136751
0.0016689551 0.3147834405
0.0016734453 0.316366013
0.0016798107 0.3196608377
0.0016869239 0.3217434959
0.0016919795 0.3241710137
0.0016991613 0.3268743202
0.0017045363 0.3285342497
0.0017098696 0.3309112561
0.0017142662 0.3331084067
0.0017184865 0.3348803796
0.0017231699 0.3372715772
0.0017271862 0.339144806
0.0017319282 0.3421364592
0.0017379282 0.3444833485
0.0017431782 0.3468197377
0.0017476859 0.3486884454
0.001751701 0.3511828385
0.0017564324 0.3529452729
0.0017604765 0.3551093265
0.0017656504 0.358170919
0.0017692933 0.3599439271
0.0017739693 0.3625321689
0.0017763721 0.3637184617
0.001780057 0.3649049721
0.0017843408 0.3661338392
0.0017863408 0.3673017821
0.0017890776 0.3696190744
0.0017922205 0.3711623098
0.0017963615 0.3730133226
0.0018004122 0.3751820202
0.0018032247 0.3770895344
0.0018073234 0.3783003733
0.0018104332 0.3794315741
0.001814891 0.3811557628
0.0018171291 0.3823991977
0.0018193526 0.3836156798
0.0018215503 0.3851163843
0.0018240446 0.3859288861
0.0018264537 0.3882811047
0.0018282177 0.389884043
0.0018323733 0.391665154
0.0018338128 0.3927002682
0.0018361172 0.3949350575
0.0018381064 0.3966230279
0.001840383 0.3989454978
0.0018433093 0.3998198415
0.0018454239 0.4023241308
0.0018490528 0.4035297858
0.0018507977 0.4047184095
0.0018523027 0.4058257195
0.0018538027 0.40674726
0.0018557532 0.4086168291
0.0018580767 0.4094910562
0.0018604748 0.4109277272
0.0018633402 0.4122350493
0.0018663307 0.4143667739
0.001868208 0.415426938
0.0018705912 0.4170410589
0.0018730912 0.418720703
0.0018743114 0.41963311
0.0018761932 0.4204296674
0.0018787247 0.4216584294
0.0018802872 0.4228707398
0.0018814465 0.4240674312
0.0018831395 0.4250916196
0.0018852178 0.4266955013
0.0018874505 0.4276369772
0.0018893223 0.4286895294
0.001890263 0.4299794667
0.001891221 0.430596736
0.001892946 0.4312527742
0.0018954914 0.4324730743
0.0018974914 0.4339401608
0.0018995971 0.4352374344
0.0019002262 0.4363188196
0.0019016182 0.4371246523
0.0019033642 0.4384416156
0.0019048918 0.4399144153
0.0019063058 0.4409533185
0.0019077554 0.4422075987
0.0019100631 0.443377147
0.0019116051 0.4445959135
0.0019135445 0.4458796929
0.0019153265 0.4470470118
0.0019171473 0.4476941411
0.0019192955 0.4493026273
0.0019205087 0.4502553163
0.0019223627 0.4519737011
0.0019237613 0.4535071384
0.0019253153 0.4542565875
0.0019264153 0.4546966444
0.0019277131 0.4558559873
0.0019285371 0.456575077
0.0019308797 0.4584262478
0.0019317895 0.4595662175
0.0019326446 0.4601126647
0.0019334391 0.4609147212
0.0019339834 0.461465666
0.0019349766 0.4621995707
0.0019361712 0.4631050478
0.0019369579 0.4637114755
0.0019378321 0.4640240808
0.0019382005 0.4645220105
0.0019392855 0.4657102803
0.0019397984 0.4668758403
0.0019403146 0.4677520482
0.0019414428 0.4683620327
0.0019429969 0.4693029951
0.0019438577 0.4698077027
0.0019443042 0.4704798203
0.0019454417 0.4711062549
0.0019465846 0.4719629785
0.0019468315 0.4720776971
0.0019475063 0.4727772672
0.0019487441 0.4739555707
0.0019495381 0.4747001347
0.0019499778 0.4754979376
0.0019511874 0.4770537451
0.00195161 0.4775014724
0.0019524621 0.478415943
0.0019529562 0.4791278645
0.0019533305 0.4794538421
0.0019538131 0.4803152068
0.0019542755 0.4808402941
0.0019549709 0.4815551931
0.0019552109 0.482807574
0.0019561484 0.4833956093
0.0019565778 0.4845018472
0.0019574766 0.4849114837
0.0019583146 0.4860253151
0.0019585702 0.487295129
0.0019592608 0.4882238584
0.0019597883 0.4887226177
0.0019601544 0.489529006
0.0019607087 0.4904403548
0.0019620763 0.4920148524
0.0019627161 0.4929269782
0.0019632081 0.4937116273
0.0019636921 0.4940922928
0.0019644805 0.4949652141
0.001965191 0.4955550841
0.0019656779 0.495973365
0.0019664071 0.4968497689
0.0019673967 0.4975850142
0.0019684225 0.4987636412
0.0019689558 0.4994500395
0.0019699966 0.5002965057
0.0019708748 0.5008956484
0.0019716071 0.5016929362
0.0019721649 0.5021969061
0.0019727349 0.502829717
0.0019737498 0.5033933058
0.0019741211 0.5039304505
0.0019749093 0.5051190979
0.001975375 0.5053249694
0.0019759409 0.5058300731
0.0019765379 0.5068749072
0.0019768036 0.5074820417
0.0019779142 0.5083923583
0.0019780721 0.5090449888
0.0019783293 0.5094322311
0.00197868 0.509967989
0.0019790762 0.5108331563
0.0019799025 0.5115799235
0.0019801595 0.5117573062
0.0019807827 0.5120059684
0.0019813244 0.5124375015
0.001981647 0.5130270533
0.0019820415 0.5137939649
0.001982804 0.5144644858
0.001982954 0.5148359413
0.0019835604 0.5155780545
0.0019842766 0.5158480583
0.001984882 0.5163090998
0.0019852436 0.5165731892
0.001985568 0.5168413246
0.0019861919 0.5174953461
0.0019863681 0.5184303028
0.0019869383 0.5192967515
0.0019872396 0.519976824
0.0019875831 0.5206776122
0.0019881675 0.5210897109
0.0019887149 0.5214970493
0.0019893587 0.5226931903
0.001989692 0.5230267997
0.0019899133 0.523424527
0.0019903582 0.5236674154
0.0019907506 0.5240140998
0.0019909481 0.5241982658
0.0019914377 0.5249177976
0.0019919168 0.5252012296
0.0019919749 0.5253234518
0.0019922642 0.5270327016
0.001992474 0.5274099257
0.0019930601 0.5281006489
0.0019931907 0.5285237839
0.0019937151 0.529796935
0.0019940957 0.5301095848
0.0019943658 0.5305104983
0.0019948317 0.5306037491
0.0019952757 0.5310848097
0.001995459 0.5314982155
0.0019957487 0.5319148821
0.0019960451 0.5325360115
0.0019962734 0.532730456
0.0019969244 0.5335726842
0.0019973736 0.533971436
0.0019977433 0.5344264421
0.0019980224 0.5345326387
0.0019982579 0.5353799691
0.0019986387 0.5357696877
0.0019989145 0.5363389553
0.0019992618 0.5371541381
0.0019998132 0.5384372459
0.0020001314 0.5387854782
0.0020003351 0.5391457055
0.0020008878 0.5397736902
0.0020012211 0.5407487984
0.0020013853 0.5408237253
0.0020017198 0.5413054539
0.0020020161 0.5415505297
0.0020024294 0.5424882007
0.0020029441 0.5428610153
0.002003391 0.5431946968
0.0020038399 0.5437470344
0.0020042836 0.5442626642
0.0020045952 0.5446471436
0.0020049742 0.5454803874
0.0020052116 0.5461725425
0.0020057672 0.5466296119
0.0020059386 0.5469879452
0.002006298 0.5476766898
0.0020065214 0.548448429
0.0020068359 0.5491119221
0.0020068641 0.5492230332
0.0020069343 0.5497817994
0.0020073119 0.5505259301
0.0020080819 0.5511478264
0.0020082937 0.5515951569
0.0020086259 0.5517512175
0.0020087673 0.5520666937
0.0020088841 0.5522894209
0.0020090999 0.5526674796
0.0020095504 0.5529628418
0.0020099586 0.5537660087
0.0020103348 0.5551926338
0.0020104159 0.555214856
0.0020105439 0.555595159
0.0020107318 0.5557396254
0.0020108422 0.5560351741
0.0020111555 0.5565191857
0.0020112385 0.5568763286
0.0020113611 0.5574235006
0.0020115657 0.5578341711
0.002011819 0.5580458849
0.0020120091 0.5588477122
0.0020124601 0.5594810838
0.0020128086 0.5597306923
0.0020131041 0.5600968365
0.002013528 0.5606686965
0.0020137764 0.5611773278
0.0020141751 0.5619351996
0.0020147745 0.5624380991
0.0020149406 0.5630862593
0.0020152464 0.5635349017
0.0020155448 0.5636549279
0.0020159752 0.5641477964
0.0020160603 0.564480576
0.002016227 0.5645888501
0.002016412 0.5647794345
0.0020166213 0.5649340445
0.0020167397 0.5650401051
0.0020170782 0.565446969
0.0020173631 0.5659569317
0.0020177211 0.5662489231
0.0020177211 0.5662489231
0.0020178653 0.5666029793
0.0020180334 0.5671499633
0.0020182286 0.5676155789
0.0020182711 0.5677623181
0.0020184772 0.5679985871
0.0020185074 0.5682096982
0.0020186881 0.5683746166
0.0020189974 0.5688683035
0.002019189 0.5693406837
0.0020194547 0.5694350351
0.0020199636 0.5697883711
0.0020202722 0.5702761124
0.0020204912 0.5705892136
0.0020208127 0.5711385545
0.0020209833 0.5715994267
0.0020211534 0.5717438931
0.0020212616 0.5718265261
0.0020215181 0.5720897322
0.0020218524 0.5722066447
0.0020221162 0.5723042034
0.0020224804 0.5729352841
0.0020227599 0.5733335328
0.0020230185 0.5737928676
0.0020231704 0.5740323119
0.0020234904 0.5741469063
0.0020235702 0.5744962965
0.0020238571 0.5749587781
0.0020242537 0.575430591
0.0020245701 0.5758761396
0.0020249166 0.576137304
0.0020253098 0.5765159434
0.0020256628 0.5766985913
0.0020257019 0.5770497818
0.0020258467 0.5772078105
0.0020258967 0.5772334515
0.0020260851 0.5776595056
0.0020262343 0.5787368865
0.002026496 0.5791867219
0.0020268311 0.5798497579
0.0020269352 0.5801985173
0.0020270418 0.5803346284
0.0020273034 0.5806387143
0.0020275398 0.5808535807
0.002027781 0.5812296569
0.0020279783 0.5815096997
0.0020281643 0.5822046947
0.0020283739 0.58279191
0.0020285991 0.5836191383
0.0020286232 0.5838731066
0.0020291992 0.584710024
0.0020294918 0.5851605954
0.0020296005 0.585491656
0.0020298465 0.5860280432
0.0020301711 0.5862895024
0.0020303263 0.5870320556
0.0020305626 0.5880431591
0.002030738 0.5881900767
0.0020307876 0.5884845211
0.0020308136 0.5887004302
0.0020308707 0.5888504302
0.0020310469 0.5892113343
0.0020311606 0.5892576109
0.0020314338 0.5898823374
0.0020315906 0.5900487516
0.0020316727 0.5903754322
0.0020317315 0.590780627
0.0020318157 0.5908295239
0.0020320091 0.5910216338
0.0020322553 0.5914211868
0.0020323692 0.591614019
0.0020325081 0.5919377783
0.0020326139 0.5919865878
0.0020328475 0.5922244149
0.002033023 0.592879699
0.0020330555 0.5930014381
0.0020330804 0.5934931048
0.0020332421 0.5937580682
0.0020333091 0.5944658479
0.0020334279 0.5950819149
0.0020335835 0.5952319462
0.0020336918 0.5955684693
0.0020338835 0.5959711312
0.002034055 0.5964224818
0.0020341895 0.5965904975
0.0020343749 0.5970617741
0.0020344454 0.5973355836
0.0020347027 0.5975434548
0.0020348674 0.597817845
0.0020351355 0.59845326
0.0020352198 0.5988167882
0.0020354194 0.5994235985
0.0020354961 0.5997564487
0.0020359124 0.6007273684
0.0020360436 0.6010199216
0.002036227 0.6012634204
0.0020363909 0.6017282263
0.0020364335 0.602094893
0.0020365919 0.6023400175
0.0020366391 0.6023860006
0.0020367191 0.602840041
0.0020368271 0.6033816643
0.0020370144 0.6040696069
0.0020371289 0.6044904914
0.0020372711 0.6049432691
0.0020374408 0.6051526721
0.002037703 0.6055336245
0.0020377933 0.6059808467
0.0020380012 0.6063730639
0.0020381532 0.6065955622
0.0020382199 0.606718818
0.0020384378 0.6069519458
0.0020385705 0.6073564191
0.002038687 0.6074091968
0.0020388327 0.6075879847
0.0020390009 0.6079400771
0.0020392685 0.6080635835
0.002039273 0.6081635835
0.0020394288 0.608790536
0.0020395977 0.6095416174
0.0020397033 0.6098185742
0.0020398064 0.6099524126
0.0020398959 0.6102026955
0.0020400656 0.6109030759
0.0020401324 0.611028717
0.0020403057 0.6116173533
0.0020404765 0.6120475481
0.0020406203 0.6125066141
0.0020407814 0.6125813095
0.0020409554 0.6126579841
0.0020410038 0.6128067936
0.0020412516 0.6132942425
0.0020413676 0.6135769055
0.0020414614 0.6137895553
0.0020415028 0.613951893
0.002041555 0.6140590358
0.0020416852 0.6143989583
0.0020418388 0.6147818632
0.0020419101 0.6149639426
0.0020420028 0.6152658994
0.0020421619 0.6156277916
0.0020422199 0.6159378961
0.002042419 0.616547925
0.0020425429 0.6166833005
0.002042705 0.6168310277
0.0020427156 0.6169143611
0.0020428494 0.6173947182
0.0020428706 0.6174780515
0.0020429192 0.6176403892
0.002042934 0.6177832463
0.0020430603 0.6182024383
0.0020431464 0.6185029433
0.0020433602 0.6193536273
0.0020435464 0.619634531
0.0020436592 0.6201965361
0.0020436613 0.6203393932
0.0020437299 0.6206935599
0.0020438523 0.6208719787
0.0020438771 0.6210969787
0.002043906 0.6213330898
0.0020440112 0.6214780847
0.0020440503 0.6219856605
0.0020441468 0.6221211619
0.0020441673 0.6223989396
0.0020442102 0.6229862412
0.0020444531 0.6235723008
0.0020445244 0.6239884137
0.0020446606 0.6244505584
0.0020447376 0.6246732857
0.0020448085 0.6248649524
0.0020448206 0.6249760635
0.0020449375 0.6253044365
0.0020450663 0.625462022
0.0020453233 0.6258019501
0.0020454696 0.6260864295
0.0020455356 0.6265753184
0.0020455835 0.6267096853
0.0020456831 0.6271314245
0.0020457647 0.6274146413
0.0020459432 0.6279446431
0.0020462244 0.6287371128
0.0020463726 0.6289960872
0.0020463983 0.6292071983
0.002046538 0.6300277111
0.0020467404 0.6303056873
0.0020468345 0.6303516704
0.002046948 0.6307050892
0.0020469968 0.6309578669
0.002047067 0.6311662003
0.0020472304 0.6315063017
0.0020474227 0.6320659451
0.0020476785 0.6327285136
0.0020477327 0.6328304367
0.0020479875 0.6331260175
0.0020479971 0.6332371286
0.002048076 0.6333186794
0.0020481335 0.6335436794
0.0020483174 0.6338430665
0.0020484016 0.6342545134
0.0020485581 0.6343218011
0.0020487085 0.6344695284
0.002048872 0.6348306395
0.0020490163 0.6353467525
0.0020491659 0.635545533
0.0020493757 0.63611007
0.0020495097 0.6363029271
0.0020495511 0.6366542429
0.0020496564 0.637223489
0.0020497295 0.637310989
0.0020498438 0.6375554334
0.0020499111 0.6379179334
0.0020500939 0.6381989791
0.0020501777 0.6385994842
0.0020502335 0.6386217064
0.0020503763 0.6389319085
0.0020503819 0.6391319085
0.002050454 0.6394908829
0.0020507067 0.6398357404
0.0020507141 0.6400857404
0.0020508759 0.6404025047
0.0020509492 0.6405686177
0.0020512111 0.6410724603
0.0020512916 0.6411219772
0.0020514376 0.6414072336
0.0020515141 0.6416031085
0.0020516504 0.6417153508
0.0020518029 0.6421391117
0.0020518772 0.6424946672
0.0020519043 0.6425168895
0.002052157 0.6427214998
0.0020522543 0.6430630499
0.0020523316 0.6431874401
0.0020524429 0.6432384737
0.0020524429 0.6432384737
0.0020525342 0.6434884737
0.0020527377 0.6439556245
0.0020528768 0.6441694087
0.0020529889 0.6443882434
0.0020529978 0.6444993545
0.0020530705 0.6446054151
0.0020532191 0.6448995043
0.0020532951 0.6453457802
0.0020533551 0.6457357027
0.0020533973 0.6459063376
0.0020534465 0.6462937645
0.0020534465 0.6462937645
0.0020535639 0.6465614424
0.0020535953 0.6467558868
0.0020536407 0.6476229864
0.002053693 0.6476486274
0.0020537539 0.6477829943
0.0020537539 0.6477829943
0.0020538318 0.6481109419
0.0020538682 0.6483856745
0.0020539545 0.6490274991
0.0020539545 0.6490274991
0.0020539649 0.6491274991
0.0020539923 0.6493524991
0.0020540712 0.6494015422
0.0020541192 0.6495092658
0.0020542269 0.6498083088
0.0020543685 0.6501059549
0.0020544196 0.6501286822
0.0020544928 0.650526938
0.0020545488 0.6507736771
0.0020546149 0.6508986771
0.0020546843 0.6513719329
0.0020547924 0.6516382045
0.0020548177 0.6520810616
0.0020549742 0.6521537077
0.0020550768 0.652299541
0.0020551875 0.6525585153
0.0020551959 0.6526835153
0.0020552661 0.6530012156
0.0020553262 0.6531262156
0.0020553262 0.6531262156
0.0020553412 0.6532262156
0.0020553462 0.6534762156
0.002055444 0.6536922725
0.0020554672 0.6540589392
0.0020555465 0.6542426693
0.0020557049 0.6545960881
0.0020557791 0.6547217292
0.0020558005 0.6548931577
0.0020558333 0.6549209355
0.0020558448 0.6550637927
0.0020559332 0.6551105318
0.0020559332 0.6551105318
0.0020559674 0.6552368476
0.0020561873 0.6556674461
0.0020562978 0.6559758412
0.0020564667 0.6565654223
0.0020564894 0.6566871614
0.0020565331 0.6567121614
0.0020566478 0.6569581445
0.0020567897 0.657273708
0.0020568911 0.6575714353
0.0020569169 0.658079011
0.0020570613 0.6582381174
0.0020570725 0.6583290265
0.0020571877 0.6584023948
0.0020573123 0.6585856234
0.002057349 0.6587073626
0.0020573984 0.6587336783
0.0020574207 0.6587569342
0.0020574746 0.6591672877
0.0020574889 0.6594589544
0.0020575427 0.6597322102
0.0020576438 0.6601491104
0.0020576895 0.6604420928
0.0020577935 0.6605154611
0.0020578312 0.6605417769
0.0020578422 0.6606667769
0.002057955 0.6608799179
0.0020579629 0.6610049179
0.0020579738 0.6611299179
0.0020580565 0.6615882513
0.0020580939 0.6616160291
0.0020581841 0.6620537275
0.0020582866 0.6626287275
0.0020583393 0.6627537275
0.0020583919 0.6629031177
0.0020584985 0.6629836733
0.0020585448 0.663116061
0.0020586789 0.6638552781
0.0020588927 0.6641757781
0.0020590571 0.6648609322
0.0020591568 0.664909188
0.0020592181 0.6652345849
0.00205927 0.6656479907
0.0020593662 0.6658957179
0.0020594318 0.6660867748
0.0020595338 0.666346424
0.0020596295 0.6666497825
0.0020596963 0.6666978374
0.0020597235 0.6667256152
0.0020598446 0.6669296653
0.0020598567 0.6671205744
0.0020598567 0.6671205744
0.0020598853 0.6673205744
0.0020599439 0.6673443839
0.0020600115 0.6674264632
0.00206004 0.6674482024
0.0020600445 0.667614869
0.002060167 0.6679254561
0.0020602252 0.6681510971
0.0020602372 0.6682280202
0.0020603056 0.6686179427
0.0020603695 0.668851276
0.0020604437 0.6691096094
0.0020606081 0.669642982
0.0020606377 0.669768623
0.0020608238 0.6698608167
0.0020608489 0.6702524834
0.0020608489 0.6702524834
0.0020608592 0.6703635945
0.0020608739 0.6704635945
0.002060912 0.6706291789
0.0020609603 0.6707337888
0.0020609983 0.6707608159
0.002061102 0.6709466224
0.0020611967 0.6711587436
0.0020612608 0.6713003587
0.0020613291 0.6714395236
0.0020613683 0.6716673014
0.0020614306 0.6717188887
0.0020614306 0.6717188887
0.0020614494 0.6719728569
0.0020614552 0.6720978569
0.0020614897 0.6723883331
0.0020615588 0.6725110604
0.002061612 0.6725373762
0.0020616234 0.6729719
0.0020616636 0.6729982158
0.0020617351 0.673277184
0.002061748 0.6735347598
0.0020618421 0.6738600358
0.0020618734 0.6740617165
0.0020618791 0.6742617165
0.0020618862 0.6744045736
0.0020620082 0.6747346461
0.0020620493 0.6749230519
0.0020620903 0.6749493677
0.0020620946 0.6750493677
0.0020621749 0.6750976235
0.0020622355 0.6754754013
0.0020622454 0.6755754013
0.0020622538 0.6757182584
0.0020622959 0.6759415142
0.0020624247 0.6760136669
0.002062524 0.6762005279
0.0020625436 0.6764025481
0.0020625533 0.6765136592
0.0020626592 0.6765637845
0.0020626592 0.6765637845
0.0020626897 0.6765865118
0.0020626897 0.6765865118
0.0020627645 0.6766325435
0.0020627963 0.6767807994
0.002062806 0.6769236565
0.0020628295 0.677599847
0.0020628777 0.6777236565
0.0020628804 0.6779236565
0.0020629244 0.6781369356
0.002062934 0.6782278447
0.0020630121 0.6782732993
0.0020630627 0.6782996151
0.0020631597 0.6786556317
0.0020631597 0.6786556317
0.0020631842 0.6788461079
0.0020631937 0.678988965
0.0020632494 0.6791383553
0.0020632494 0.6791383553
0.002063263 0.6793883553
0.0020632846 0.6795902784
0.0020633427 0.6797796723
0.0020633427 0.6797796723
0.0020633454 0.6798907834
0.0020633871 0.6800812596
0.0020634087 0.6801045154
0.0020634489 0.6802308312
0.0020634717 0.6805030534
0.0020635212 0.6806536944
0.0020635627 0.6808453361
0.002063584 0.6813120028
0.0020636614 0.6817258917
0.0020636987 0.6821001341
0.0020636987 0.6821001341
0.0020637996 0.6825657356
0.0020637996 0.6825657356
0.0020638075 0.683099069
0.0020638406 0.6833208081
0.0020638406 0.6833208081
0.0020638406 0.6833208081
0.002063867 0.6836342139
0.0020639117 0.6840186211
0.0020639117 0.6840186211
0.0020640141 0.6843060419
0.0020641438 0.6845231884
0.0020641438 0.6845231884
0.0020641543 0.6848565217
0.0020642182 0.6851926329
0.0020642652 0.6853300598
0.0020642886 0.685663826
0.0020643055 0.6859177942
0.0020644107 0.6862294104
0.0020644276 0.6864405215
0.0020645338 0.6869120331
0.0020645415 0.6870120331
0.0020645622 0.6871364234
0.0020646396 0.687667484
0.0020646912 0.687817484
0.0020646912 0.687817484
0.0020647542 0.6881185176
0.0020647927 0.6883069234
0.0020648722 0.6885205597
0.0020649208 0.688543287
0.0020649247 0.688743287
0.0020650422 0.689280239
0.0020650626 0.6895238287
0.0020650702 0.6896349398
0.002065116 0.6900055747
0.0020651351 0.6903984319
0.0020652023 0.6904489369
0.0020652644 0.6907505242
0.0020653113 0.6909507031
0.0020653113 0.6909507031
0.0020653719 0.6913242411
0.0020654425 0.6913697192
0.0020654551 0.6914322192
0.0020654551 0.6914322192
0.002065533 0.6915047242
0.0020655957 0.6916629007
0.0020656233 0.6918906785
0.002065637 0.692149502
0.002065637 0.692149502
0.0020656832 0.6921758178
0.0020656832 0.6921758178
0.0020657019 0.6924758178
0.0020657119 0.6925869289
0.0020657429 0.6927375699
0.0020657466 0.6929375699
0.0020657851 0.6930528692
0.0020658395 0.6934636196
0.0020658927 0.6936525085
0.0020659692 0.6939975034
0.0020659692 0.6939975034
0.0020660098 0.6942752812
0.0020660148 0.6945252812
0.0020661106 0.6946023082
0.0020662443 0.6950251715
0.002066313 0.6952771985
0.0020664305 0.6953464374
0.0020664305 0.6953464374
0.0020664781 0.6955532556
0.0020666074 0.6956553646
0.0020666427 0.6958470312
0.0020666865 0.6960169154
0.0020667241 0.6962085821
0.0020668334 0.6965180615
0.0020668443 0.6967339706
0.0020668564 0.6970006372
0.0020668806 0.6971943309
0.0020669289 0.6975123134
0.0020669783 0.6977355692
0.0020669783 0.6977355692
0.0020670012 0.697758825
0.0020670012 0.697758825
0.0020670012 0.697758825
0.0020670012 0.697758825
0.0020670515 0.6980969632
0.0020670515 0.6980969632
0.0020670575 0.6982636298
0.0020670873 0.6982914076
0.0020670956 0.6985251738
0.0020671337 0.6985691352
0.0020671337 0.6985691352
0.0020672145 0.69880516
0.0020672145 0.69880516
0.0020672145 0.69880516
0.002067237 0.6988295503
0.002067263 0.6990212169
0.002067263 0.6990212169
0.0020672901 0.6990429561
0.0020672972 0.6991262894
0.0020673019 0.6992512894
0.0020673089 0.6992735116
0.0020673465 0.6992967674
0.002067384 0.6994341943
0.0020674461 0.6998997788
0.0020674507 0.7000247788
0.0020675372 0.7003002838
0.0020675862 0.7007613949
0.0020675862 0.7007613949
0.0020676467 0.7008102918
0.0020676677 0.7009600244
0.0020677188 0.701364118
0.0020677895 0.701409596
0.0020678417 0.701734596
0.0020679412 0.7019258221
0.0020679528 0.7022869332
0.0020679816 0.7024768557
0.0020680393 0.7027205425
0.0020680704 0.7027483203
0.0020681222 0.7031411775
0.0020681785 0.7031883997
0.002068283 0.7034539659
0.0020684046 0.7038576726
0.0020684149 0.7041005298
0.0020684538 0.7041222689
0.0020684972 0.7045746498
0.0020685223 0.704596389
0.0020685953 0.7049739142
0.0020686135 0.70499717
0.0020686363 0.7056130791
0.0020687385 0.7056863392
0.0020687385 0.7056863392
0.0020687431 0.7058863392
0.0020687431 0.7058863392
0.0020688336 0.7061493136
0.0020688946 0.7061988305
0.0020689002 0.7063654972
0.0020689036 0.7065321639
0.0020689104 0.7066571639
0.0020689104 0.7066571639
0.0020689104 0.7066571639
0.0020689205 0.7067404972
0.0020689373 0.706763753
0.0020690134 0.7068102646
0.0020690392 0.7068380424
0.0020690392 0.7068380424
0.0020690514 0.7070630424
0.0020690916 0.7070880424
0.0020690971 0.7072308996
0.0020691016 0.7073737567
0.0020691394 0.7073950333
0.0020691394 0.7073950333
0.0020691859 0.7075167724
0.0020691859 0.7075167724
0.0020692191 0.7076834391
0.002069228 0.7079334391
0.002069228 0.7079334391
0.002069228 0.7079334391
0.0020692335 0.7080762962
0.0020692709 0.7082441534
0.0020693148 0.7082926914
0.0020693478 0.7083176914
0.002069385 0.7084654187
0.0020694179 0.7086320853
0.0020694179 0.7086320853
0.0020694179 0.7086320853
0.0020694605 0.7087577264
0.0020694605 0.7087577264
0.0020695008 0.7087804536
0.0020695269 0.7088021928
0.0020695269 0.7088021928
0.0020695269 0.7088021928
0.0020695724 0.7091932497
0.0020696158 0.7095210275
0.002069645 0.709542304
0.0020696634 0.709742304
0.0020696634 0.709742304
0.0020696947 0.7099982925
0.0020697205 0.7104369289
0.0020697754 0.7108096561
0.0020697754 0.7108096561
0.0020698216 0.711259835
0.0020698731 0.7116853401
0.0020698785 0.7117964512
0.0020698817 0.7119393083
0.0020699234 0.7124163354
0.002069964 0.7124390626
0.002069964 0.7124390626
0.0020699736 0.712772396
0.0020699736 0.712772396
0.0020699842 0.7128557293
0.0020699906 0.7129985864
0.0020700002 0.7133081103
0.0020700108 0.7133669338
0.0020700245 0.7133919338
0.0020700362 0.7137586005
0.0020700393 0.7140919338
0.0020701016 0.7142379169
0.0020701069 0.714349028
0.002070187 0.7146250616
0.0020701912 0.7147361727
0.0020701965 0.7148270818
0.0020702017 0.7149381929
0.002070228 0.7151292498
0.0020702437 0.7151570276
0.0020702437 0.7151570276
0.0020702887 0.7153486942
0.0020702928 0.7155486942
0.0020702949 0.7157986942
0.0020702949 0.7157986942
0.0020702949 0.7157986942
0.002070297 0.7159986942
0.0020703116 0.7162241844
0.0020703863 0.7162899274
0.0020703863 0.7162899274
0.002070435 0.716501237
0.0020704506 0.7165229761
0.0020704506 0.7165229761
0.0020704506 0.7165229761
0.0020704629 0.7167313094
0.002070497 0.7167563094
0.0020705742 0.7168902838
0.0020705824 0.7171152838
0.0020705824 0.7171152838
0.0020706923 0.7177157888
0.0020706923 0.7177157888
0.0020706984 0.717858646
0.0020707056 0.7179697571
0.0020707189 0.7184042809
0.0020707761 0.7185294598
0.0020707822 0.7187544598
0.0020707914 0.719008428
0.0020708342 0.7190590691
0.0020708871 0.7191084593
0.0020708871 0.7191084593
0.0020709084 0.7191341003
0.0020709185 0.719400767
0.0020709317 0.7196686241
0.0020709317 0.7196686241
0.0020709752 0.7196913514
0.0020710085 0.7198818276
0.0020710307 0.7204050834
0.0020710337 0.7206050834
0.0020710337 0.7206050834
0.0020710418 0.7207050834
0.0020710418 0.7207050834
0.0020710538 0.7209479406
0.0020711 0.7211384168
0.002071127 0.7213045297
0.0020711681 0.7213495247
0.0020711681 0.7213495247
