0.000237 0.0263042874
0.000392 0.0473571124
0.0005103333 0.0659172055
0.0006145833 0.0822443072
0.0006991833 0.0971585145
0.00076535 0.1084689162
0.0008294929 0.1205440132
0.0008843679 0.1310265727
0.0009348123 0.1397464783
0.0009783123 0.1467846299
0.0010213123 0.1563264534
0.0010548956 0.1624167626
0.0010888187 0.1698434587
0.0011201759 0.1757659932
0.0011535759 0.1819740237
0.0011865759 0.1888781463
0.0012185759 0.1950960266
0.0012501314 0.2016298402
0.0012835525 0.2064963999
0.0013125025 0.2126379392
0.0013376453 0.2184421924
0.0013607817 0.222909827
0.0013809121 0.2276994096
0.0014004955 0.2324712438
0.0014221755 0.2364049204
0.0014425601 0.2409593182
0.0014633008 0.246186561
0.0014798008 0.2496681187
0.0014942146 0.2532304518
0.0015071813 0.2555983382
0.0015187619 0.2584733678
0.0015265432 0.2622264498
0.0015357553 0.2660331677
0.0015458435 0.268339045
0.0015536149 0.2708188712
0.0015653927 0.2738233938
0.0015742846 0.2770141338
0.0015837057 0.2800163658
0.0015927313 0.2826820818
0.0016011813 0.2856343454
0.0016105472 0.2894467043
0.0016198805 0.2923565851
0.0016285782 0.2968646493
0.0016366236 0.3000032082
0.0016441347 0.3024583077
0.0016517217 0.3056768357
0.0016597855 0.308256673
0.0016681397 0.3114642868
0.0016756499 0.3148689301
0.0016823699 0.3167910298
0.0016855072 0.3185869226
0.0016925648 0.3205987799
0.0016987535 0.3227401608
0.0017034387 0.3257062549
0.0017108751 0.327814954
0.0017180001 0.3302947865
0.0017221931 0.3316504751
0.0017267275 0.3345004797
0.0017306428 0.3366860965
0.0017360761 0.3388127197
0.0017413056 0.341354963
0.0017452411 0.343730238
0.0017507014 0.3463952527
0.0017543264 0.3479792936
0.0017582495 0.3497344875
0.0017602041 0.3521982568
0.00176401 0.3535542148
0.0017678041 0.3553222085
0.0017712679 0.3570921622
0.0017742822 0.3583102482
0.0017778315 0.3598278448
0.001780387 0.3620166761
0.0017825651 0.3630770293
0.0017854705 0.364091259
0.0017883772 0.3653310939
0.0017913509 0.3668580755
0.0017946756 0.3682140299
0.0017976115 0.3697336397
0.0018012064 0.3713338463
0.0018037564 0.3728184284
0.0018059786 0.3745096275
0.0018077957 0.3762297217
0.0018103138 0.3777409125
0.0018130519 0.3793417044
0.0018155695 0.3807212013
0.0018169416 0.3828568972
0.0018186887 0.3845681851
0.0018210865 0.3862697073
0.0018233898 0.3879410999
0.001825912 0.3902734525
0.0018281978 0.391183317
0.0018313065 0.3930299265
0.0018330914 0.3951155902
0.0018349106 0.3966913079
0.0018373737 0.3983944462
0.001839707 0.4005701492
0.0018422947 0.4015349876
0.0018442743 0.4030507125
0.0018470621 0.4053036497
0.0018485521 0.4066620883
0.001850364 0.4085515274
0.0018520797 0.4103176027
0.0018546331 0.412176586
0.0018559985 0.4135631935
0.0018573604 0.4155974918
0.0018582849 0.4166152046
0.0018606214 0.4181304265
0.0018633343 0.4198257211
0.0018649307 0.4208288551
0.0018682034 0.4220044964
0.0018709061 0.4231326975
0.001873049 0.4245203458
0.0018743056 0.4254770906
0.0018764547 0.4267958322
0.001878333 0.4273797142
0.0018807468 0.4284426518
0.0018816186 0.4292785175
0.0018824491 0.4300351752
0.0018841634 0.4313481617
0.0018864967 0.4320625256
0.0018883893 0.4325342147
0.0018912417 0.4343990946
0.0018931116 0.4353480283
0.0018937649 0.4365343919
0.0018963569 0.4380221916
0.0018985553 0.4387836316
0.0019005002 0.4393749348
0.001903133 0.4406168858
0.0019042105 0.4414720651
0.0019067566 0.4431313373
0.0019089933 0.4438226784
0.0019109554 0.4445061429
0.0019127749 0.4465911045
0.0019150511 0.4474862126
0.0019161029 0.4486019417
0.00191725 0.4500676089
0.0019185055 0.4504381598
0.0019191359 0.4515387198
0.0019202942 0.452154449
0.0019217942 0.4530640437
0.0019226098 0.4542826352
0.0019242647 0.4554443091
0.001925999 0.4570765953
0.0019270892 0.4576124124
0.0019281927 0.4583349368
0.0019296584 0.4592064788
0.0019312095 0.4597290477
0.0019325338 0.4603703167
0.0019334398 0.4610228804
0.0019338932 0.4618142847
0.0019350256 0.4626822171
0.0019360388 0.4636353216
0.0019368362 0.4643652791
0.0019382582 0.465307883
0.0019394389 0.4655413028
0.0019407978 0.4664515453
0.0019419061 0.4676798316
0.0019430011 0.4683802703
0.0019443407 0.4699363467
0.0019451657 0.4703544089
0.0019467992 0.4712841104
0.0019477252 0.4719795962
0.0019493509 0.4732649352
0.0019501924 0.4736267743
0.0019517803 0.4748082014
0.0019525935 0.4752167921
0.0019539528 0.4765625457
0.0019550064 0.4771894172
0.0019561484 0.4778159318
0.0019570131 0.4789094974
0.0019576973 0.4791151544
0.0019588717 0.4802376553
0.0019596232 0.4809986734
0.0019599507 0.4817263919
0.0019612422 0.4832381377
0.0019621683 0.4844015358
0.0019634564 0.4855678935
0.0019642149 0.4860299033
0.0019649244 0.486894211
0.001966041 0.4877505799
0.0019668035 0.4890823479
0.001967798 0.490515324
0.001968339 0.491750878
0.0019693933 0.4925147215
0.0019703771 0.4934507494
0.0019713018 0.4940934581
0.0019721254 0.4948431627
0.0019725402 0.4953054863
0.0019730111 0.495457032
0.0019739532 0.4960644952
0.0019747124 0.4965050153
0.0019752228 0.4969959965
0.0019764094 0.4982129873
0.0019772856 0.4990665362
0.0019780138 0.4994955446
0.0019790751 0.5000954409
0.0019804253 0.5011044416
0.0019816526 0.5020536227
0.0019824717 0.5026065804
0.0019832817 0.5033872705
0.0019836548 0.5039568728
0.0019840707 0.5044283234
0.0019848588 0.5057581858
0.0019855843 0.5068233787
0.001986316 0.5076874894
0.0019866656 0.5084351001
0.0019869602 0.5092238731
0.0019879795 0.5100812202
0.0019883862 0.5105535167
0.0019893671 0.5114265751
0.0019899785 0.512181778
0.001990403 0.5129699094
0.001990788 0.5130638263
0.0019908301 0.5132797354
0.0019915836 0.5139842239
0.0019920234 0.514566492
0.0019924473 0.5150158066
0.0019932088 0.5159446676
0.0019939166 0.5168421575
0.0019943529 0.5174718819
0.0019947421 0.5181457787
0.0019954628 0.5189914537
0.0019958888 0.5192361809
0.0019963174 0.5196231773
0.0019965263 0.5200565106
0.0019967519 0.520355565
0.0019970427 0.5214917843
0.0019973935 0.5221757544
0.0019975245 0.5230021891
0.0019979202 0.523307873
0.0019986561 0.5234757737
0.0019992122 0.5239096994
0.001999474 0.5243260891
0.0019997517 0.5252454176
0.0020000794 0.5262374811
0.0020003209 0.5267587474
0.0020007851 0.5273082788
0.002001138 0.5274787568
0.0020014058 0.5284370902
0.002001835 0.5291339209
0.0020019885 0.5294422542
0.0020023191 0.5301910442
0.0020028417 0.5311774645
0.0020033253 0.5315403166
0.0020036967 0.5318893388
0.0020039975 0.5320662956
0.0020042 0.5327155019
0.0020043008 0.5330297877
0.0020043329 0.5332314683
0.0020047049 0.5344168219
0.0020050157 0.5350379618
0.0020054641 0.5355338076
0.0020056498 0.5356955597
0.0020056971 0.5359153399
0.0020060069 0.5362231376
0.0020061788 0.5364365434
0.0020064006 0.5369100484
0.002006513 0.537333681
0.0020066828 0.5383165313
0.0020069752 0.5388497438
0.0020071591 0.5394985031
0.0020075598 0.5399515125
0.0020077766 0.5408054558
0.0020080531 0.5414114285
0.0020081889 0.5416940512
0.0020083619 0.5417947838
0.0020085566 0.5424569688
0.002008732 0.5426486355
0.0020089141 0.5429482706
0.0020089438 0.5432577944
0.0020095711 0.5438558715
0.0020098284 0.5444912721
0.0020098431 0.5447591292
0.0020101314 0.5450318877
0.0020102005 0.545385856
0.0020106027 0.545888025
0.0020110106 0.5467997739
0.0020112948 0.5472825578
0.0020117607 0.5481738866
0.002012175 0.5488012029
0.0020124135 0.5492292873
0.0020125518 0.5494113667
0.0020127037 0.5502215315
0.002012915 0.550436454
0.0020131325 0.5508441171
0.0020134507 0.5512661441
0.0020137782 0.5516121964
0.0020141463 0.5528375849
0.0020142189 0.5529787769
0.0020142879 0.5534232213
0.0020143738 0.5536126152
0.0020148635 0.5538642071
0.0020152594 0.5541307676
0.0020154805 0.554572416
0.0020157721 0.5550230648
0.0020159004 0.5551701301
0.0020161664 0.5552450254
0.0020163309 0.5554760037
0.0020166419 0.5559348875
0.0020169619 0.5564660841
0.0020171214 0.5568449661
0.0020173565 0.5572222929
0.0020177591 0.55775927
0.0020177854 0.5581021271
0.0020180772 0.5587258857
0.0020182079 0.5590962871
0.0020186965 0.559901769
0.0020193232 0.5603912267
0.0020194558 0.5605629659
0.0020195623 0.560989779
0.0020198742 0.5619292337
0.0020198966 0.5622209004
0.0020199797 0.5626509729
0.0020203587 0.5630670972
0.0020207492 0.5636676018
0.0020212397 0.5640347745
0.00202141 0.5640848998
0.0020216993 0.5641582263
0.0020220441 0.5646414247
0.0020223754 0.5652542544
0.0020224813 0.5654692893
0.0020225403 0.5657781129
0.0020227199 0.5663186345
0.002022902 0.5666579119
0.0020232466 0.56685339
0.0020233448 0.5669901421
0.0020239931 0.567933592
0.002024301 0.5682270039
0.0020244287 0.568499384
0.0020248135 0.5691053677
0.0020251186 0.5694891248
0.0020252632 0.5698400419
0.0020255815 0.5708440172
0.0020257253 0.5713112646
0.0020258715 0.571438219
0.0020260293 0.5718799169
0.0020262696 0.57198184
0.002026311 0.5722908143
0.0020266414 0.5727560072
0.0020269267 0.5734130194
0.0020271906 0.5738585681
0.0020274158 0.5740747123
0.0020275149 0.5745627685
0.0020279248 0.5748601508
0.0020281074 0.5752577094
0.0020283444 0.5756062144
0.0020284337 0.5760088824
0.0020288245 0.5763296847
0.0020289191 0.5765764515
0.0020291334 0.576759122
0.0020292929 0.5771104378
0.0020295543 0.5776581561
0.0020300557 0.5783009802
0.0020303495 0.5791187686
0.0020305551 0.5793185324
0.0020310046 0.5797077446
0.0020313183 0.5804518036
0.0020314803 0.5810097762
0.0020317616 0.5812678269
0.0020319922 0.5813686258
0.0020322858 0.5818847431
0.0020325123 0.5820350473
0.0020327052 0.5821045797
0.0020328838 0.5823933159
0.0020331358 0.5830779313
0.0020332779 0.5832246704
0.0020335367 0.5833157145
0.0020336971 0.5835318317
0.0020341767 0.5844470072
0.0020345038 0.5852252675
0.0020346763 0.5859881846
0.0020348564 0.5865003999
0.0020351138 0.5871756802
0.0020353009 0.5874505233
0.0020357143 0.5881391597
0.0020359855 0.5887313627
0.0020360651 0.5890121943
0.0020361842 0.5890621943
0.0020364902 0.589580351
0.0020367455 0.5901983683
0.0020368137 0.5902196449
0.0020371776 0.5908746072
0.0020373578 0.5913579406
0.002037376 0.5916496072
0.0020375266 0.5919032147
0.0020376329 0.5923524571
0.0020383099 0.5928303012
0.0020383975 0.5928803325
0.0020385723 0.5931273978
0.002038739 0.5933612214
0.0020388182 0.5933862214
0.002038882 0.5934988696
0.0020390576 0.59385467
0.002039149 0.5941689989
0.0020391718 0.5944265747
0.0020392096 0.5946932413
0.0020393734 0.5951014178
0.0020394512 0.595124145
0.0020395991 0.5956928319
0.0020397316 0.5962855393
0.0020397615 0.5965355393
0.0020400949 0.5970312982
0.0020402065 0.5975902683
0.002040412 0.5980542874
0.002040528 0.5983897888
0.0020407374 0.5987529201
0.0020410199 0.5994456613
0.0020412258 0.5999709783
0.0020415241 0.6000622499
0.0020416753 0.6002085265
0.0020418335 0.6004991815
0.0020420058 0.6008152988
0.0020422189 0.6010120379
0.0020423952 0.6014349018
0.0020425591 0.601800883
0.0020429173 0.6023898818
0.002042982 0.6025798043
0.0020430011 0.6028373801
0.0020432828 0.6034953386
0.0020433994 0.6037082818
0.0020434351 0.6040329572
0.0020436317 0.6041984379
0.0020437476 0.6043710839
0.0020440164 0.604672668
0.00204408 0.6047004458
0.002044195 0.6048552506
0.0020444105 0.6051230762
0.0020445039 0.6053574431
0.0020446205 0.6057162003
0.002044767 0.6058900971
0.002045108 0.6062904453
0.0020451312 0.6065015564
0.0020453298 0.606909785
0.002045627 0.6070344297
0.0020457857 0.6073349348
0.0020460884 0.6075992475
0.0020462326 0.6084786486
0.0020462417 0.6085786486
0.0020464536 0.6089084936
0.0020466058 0.6093697129
0.0020469618 0.6098246285
0.0020470433 0.6101816506
0.0020471855 0.6105560408
0.0020474062 0.6108472669
0.0020474894 0.6109944891
0.0020475095 0.6112194891
0.0020476572 0.6115654722
0.002047742 0.6117022243
0.0020478667 0.6119722193
0.0020479823 0.6124553069
0.0020482018 0.6125260891
0.0020483766 0.6130094225
0.002048498 0.6135326783
0.0020485354 0.6135544174
0.0020486102 0.6135794174
0.0020487067 0.6138405285
0.0020488992 0.6139401314
0.002049028 0.6143079885
0.0020491718 0.6150473825
0.0020493457 0.6152595037
0.0020494434 0.6156456148
0.0020495559 0.6161716887
0.002049692 0.6164204982
0.0020497416 0.6167755707
0.0020498319 0.6171910739
0.0020498984 0.61730901
0.0020501768 0.6175596404
0.0020502815 0.6178641858
0.0020503092 0.6179985528
0.0020503645 0.6182202919
0.0020505025 0.6188584232
0.0020505237 0.6189417565
0.0020507985 0.6193410756
0.0020508239 0.6196077423
0.0020508723 0.6199526196
0.0020510382 0.6202584512
0.0020512919 0.6209642194
0.0020513547 0.6209880289
0.0020513797 0.6214324734
0.0020513943 0.6220253305
0.0020514795 0.6220480578
0.0020515335 0.6220736988
0.0020516494 0.6228103681
0.0020517073 0.6230341776
0.0020517918 0.6234074335
0.0020519338 0.6234529115
0.0020520447 0.6235884128
0.0020520816 0.6237227798
0.0020521081 0.6241672242
0.0020522735 0.624722446
0.002052473 0.6252738491
0.002052534 0.6255544118
0.002052534 0.6255544118
0.0020526109 0.6257918387
0.0020526938 0.6263452575
0.002052718 0.6266785908
0.0020529172 0.627215848
0.0020529433 0.6272436258
0.0020530735 0.627516489
0.0020531115 0.6275428048
0.0020531275 0.6276261382
0.0020531873 0.6277589884
0.002053225 0.6277807275
0.002053354 0.6282695662
0.0020535144 0.6285261319
0.0020535954 0.6286917163
0.0020536053 0.6287917163
0.0020537844 0.6290274161
0.0020538728 0.6292089669
0.002053963 0.62937136
0.002054147 0.6295748101
0.002054231 0.6298273164
0.0020543031 0.630023745
0.0020544996 0.6302945148
0.0020547345 0.6307338243
0.0020548683 0.6311936947
0.0020550772 0.6314913408
0.0020551582 0.6316072499
0.0020552449 0.6318370479
0.0020554199 0.6319931085
0.0020555927 0.6324922462
0.00205588 0.6326723467
0.0020559336 0.6329440858
0.0020560099 0.6332584798
0.0020561413 0.6334084798
0.0020562174 0.6337584798
0.0020563939 0.6342691078
0.0020565833 0.6347050994
0.002056691 0.6348427476
0.0020568816 0.6351974822
0.0020570416 0.6358736726
0.002057115 0.6361986726
0.00205719 0.6363463999
0.002057278 0.6365052383
0.0020574761 0.6369298886
0.0020575396 0.6370618331
0.002057575 0.6375534998
0.002057627 0.6380051804
0.0020576344 0.6382551804
0.0020577659 0.638829752
0.0020577844 0.6391385756
0.0020579486 0.6394536769
0.0020579707 0.6398076452
0.0020580461 0.6399431465
0.0020580773 0.6399709243
0.0020581707 0.6403631717
0.0020582054 0.6405158033
0.0020582583 0.6408935811
0.0020584532 0.6410411305
0.0020584823 0.6411778827
0.002058564 0.6413539163
0.0020586799 0.6415655779
0.0020587504 0.641951689
0.0020588714 0.6421676078
0.0020588804 0.6422509411
0.0020590674 0.6425720705
0.0020592954 0.6426638869
0.0020592954 0.6426638869
0.002059299 0.6428067441
0.0020593955 0.6430229823
0.0020594739 0.6431723726
0.0020595237 0.6438674483
0.0020595877 0.6439810847
0.0020596763 0.6441704786
0.0020597471 0.6444048456
0.0020599061 0.6448886215
0.0020599573 0.6450532178
0.0020599573 0.6450532178
0.0020599573 0.6450532178
0.0020599941 0.6452476622
0.0020600589 0.6455418352
0.0020601585 0.6457544849
0.0020602476 0.6462002017
0.0020603817 0.6463990425
0.0020603991 0.6465899516
0.0020604356 0.6469578087
0.0020604667 0.6474673325
0.0020605048 0.6477832416
0.0020606516 0.648113238
0.0020606878 0.6481410158
0.0020607532 0.648299773
0.0020608494 0.6484531158
0.0020610982 0.6486684815
0.002061105 0.6489184815
0.002061105 0.6489184815
0.002061105 0.6489184815
0.0020611476 0.6489412088
0.0020612734 0.6490894646
0.0020613023 0.6491138549
0.0020613328 0.6496456009
0.0020614411 0.6501683736
0.0020614411 0.6501683736
0.0020614883 0.6503072625
0.0020615944 0.6503566527
0.0020615994 0.6504677639
0.0020617152 0.6507920376
0.0020617286 0.6509170376
0.0020618222 0.6510584517
0.0020618623 0.6513483742
0.002061994 0.6516738542
0.0020620006 0.6520488542
0.0020620006 0.6520488542
0.0020620122 0.6521488542
0.0020620851 0.6522721101
0.0020621512 0.6523447291
0.0020622354 0.652479096
0.0020622831 0.6526258352
0.0020623358 0.6528250415
0.0020624376 0.6531407512
0.0020624835 0.6531657512
0.0020624868 0.6533324179
0.0020625505 0.6533556737
0.0020625798 0.6534789295
0.0020627948 0.6538857671
0.0020628729 0.6543052116
0.0020629622 0.6545973685
0.0020630383 0.6549423634
0.002063116 0.6553322859
0.0020632194 0.6555681445
0.0020632533 0.6560776683
0.0020633563 0.6561231228
0.0020633997 0.6564842339
0.0020634607 0.6566602675
0.0020634607 0.6566602675
0.0020636495 0.6570538736
0.0020637054 0.657183946
0.0020637581 0.6576178601
0.0020638695 0.6577583408
0.0020639649 0.6583069519
0.0020639745 0.6585407181
0.0020640172 0.6587684959
0.002064204 0.6590063905
0.0020643967 0.6591008881
0.0020644077 0.6591917972
0.0020644156 0.6593584639
0.0020644266 0.6594417972
0.0020645082 0.6596772986
0.002064618 0.6597518364
0.002064679 0.6599412304
0.0020647462 0.660087507
0.0020648242 0.660227933
0.0020648958 0.6606104116
0.0020650031 0.6607703322
0.00206516 0.6615458373
0.002065253 0.6618222546
0.0020653583 0.6623520594
0.0020654788 0.6624298371
0.0020654788 0.6624298371
0.0020656514 0.6629781451
0.0020657499 0.6631737801
0.0020658528 0.6637528736
0.002065931 0.6643790641
0.0020659754 0.6645891831
0.0020659907 0.6649808498
0.0020660365 0.6650058498
0.0020660959 0.6650302401
0.0020661523 0.6652219067
0.0020662465 0.6653725477
0.002066295 0.6655417207
0.0020663663 0.6658427543
0.0020664706 0.6658933953
0.002066528 0.6660166511
0.0020665537 0.6663935742
0.0020666019 0.666521352
0.0020666154 0.666621352
0.0020666665 0.6667440792
0.0020666935 0.6667658184
0.0020666935 0.6667658184
0.0020668056 0.6671426392
0.0020668444 0.667295417
0.0020669606 0.6675297839
0.0020669889 0.6678964506
0.0020670097 0.6681797839
0.0020670586 0.6682020061
0.0020671268 0.6685372334
0.0020671312 0.6687039001
0.002067177 0.6689532903
0.0020672419 0.6693282903
0.0020672419 0.6693282903
0.0020673154 0.6694773447
0.0020674256 0.6696505445
0.002067518 0.6703245875
0.0020675604 0.6704912542
0.0020675677 0.6706341113
0.0020675779 0.6707452224
0.0020676086 0.6707679497
0.0020676086 0.6707679497
0.0020677437 0.6709351434
0.0020677481 0.6711351434
0.0020677713 0.6713368241
0.0020678292 0.6717562685
0.0020678349 0.6718471776
0.0020678537 0.6718749554
0.0020678753 0.6719225744
0.0020679976 0.6722617393
0.0020680608 0.6723844666
0.0020680967 0.6725077224
0.0020681411 0.6727840382
0.0020681411 0.6727840382
0.0020682025 0.6729078477
0.0020682667 0.6732395938
0.0020683209 0.6732652348
0.0020683209 0.6732652348
0.0020683748 0.6732902348
0.0020684358 0.6736719808
0.0020684982 0.6741391525
0.0020685533 0.6744015794
0.0020686437 0.6747604178
0.0020686917 0.6749131956
0.0020688184 0.6753942562
0.0020688381 0.6757799705
0.002068862 0.6758032263
0.0020689532 0.6759548136
0.0020689532 0.6759548136
0.002068956 0.6760976707
0.0020690021 0.6761209266
0.0020690537 0.676413909
0.0020691052 0.6766055757
0.002069165 0.6766516074
0.0020692025 0.6768743347
0.0020692358 0.6769956113
0.0020692926 0.6771866682
0.0020693783 0.6773766429
0.0020693908 0.6774766429
0.0020694004 0.6778433095
0.0020694128 0.6780683095
0.0020694128 0.6780683095
0.0020695103 0.6783173526
0.0020695597 0.6785406494
0.0020696309 0.6786799268
0.0020696309 0.6786799268
0.0020696692 0.6789775728
0.0020696692 0.6789775728
0.0020696992 0.6791085252
0.0020697318 0.6793823347
0.0020697481 0.6796656681
0.0020698187 0.6799940869
0.0020698282 0.6800940869
0.0020698417 0.680436944
0.0020698579 0.6807464678
0.0020698647 0.6809131345
0.0020699199 0.6809575789
0.0020700236 0.6811464192
0.00207008 0.6812941464
0.0020701847 0.6815897814
0.0020702142 0.6817175591
0.0020702249 0.6818286703
0.0020702249 0.6818286703
0.0020702343 0.6819286703
0.0020702623 0.682658829
0.0020702796 0.682858829
0.0020702796 0.682858829
0.0020703553 0.6830987557
0.0020703619 0.6832987557
0.0020704599 0.6834201452
0.0020704811 0.6836201452
0.0020705762 0.6838580885
0.0020706487 0.6841030834
0.0020706553 0.6842697501
0.0020706751 0.6846376072
0.0020706869 0.6850959406
0.0020706948 0.6851181628
0.0020706948 0.6851181628
0.0020707484 0.6853977721
0.0020708151 0.685845824
0.0020708738 0.6860819351
0.0020710003 0.6863189214
0.0020710771 0.686369955
0.0020711096 0.6869850344
0.002071146 0.6872749569
0.0020712186 0.688001494
0.0020712355 0.688426494
0.0020712562 0.6885853175
0.0020713014 0.6888776252
0.002071402 0.6890586858
0.0020714459 0.6891723222
0.00207146 0.6893882313
0.0020714742 0.6896993424
0.0020714857 0.6898104535
0.0020714857 0.6898104535
0.002071528 0.6898382313
0.0020715778 0.6898609585
0.0020716379 0.690126543
0.0020716379 0.690126543
0.0020716417 0.6902932096
0.0020716595 0.6907098763
0.0020717014 0.6909816154
0.0020717433 0.6911043427
0.0020717433 0.6911043427
0.0020717547 0.6912043427
0.0020718027 0.6912265649
0.0020718166 0.6912853884
0.0020718671 0.6913081157
0.0020718671 0.6913081157
0.0020718796 0.6914914491
0.0020719462 0.6918936731
0.0020720617 0.692061949
0.0020721556 0.6923379826
0.0020722508 0.6923839657
0.0020722858 0.6925200768
0.0020722858 0.6925200768
0.002072292 0.6926867435
0.0020723568 0.6929450768
0.0020723592 0.6931450768
0.0020723655 0.6932700768
0.002072389 0.6935433327
0.002072389 0.6935433327
0.0020725041 0.6937392075
0.0020725177 0.6939931758
0.0020725881 0.6944837602
0.0020726374 0.6948226491
0.0020726374 0.6948226491
0.0020726473 0.6951321729
0.002072775 0.6952046545
0.0020728106 0.6952296545
0.0020728719 0.6952816815
0.0020729294 0.6953294088
0.0020729331 0.6955294088
0.0020729465 0.6957722659
0.0020730111 0.6958242929
0.0020730501 0.6962122362
0.002073117 0.6962642632
0.0020731304 0.6962899042
0.0020732396 0.6964626315
0.0020734214 0.6966707343
0.0020735171 0.6968412123
0.0020735364 0.6971734634
0.0020735739 0.6971997792
0.0020736149 0.6972247792
0.0020737088 0.6972965608
0.0020738147 0.6973710777
0.0020738147 0.6973710777
0.0020738316 0.6976389349
0.0020738351 0.6978889349
0.0020739166 0.6982687397
0.0020739274 0.6983275632
0.0020739309 0.6984184723
0.0020739966 0.6984644554
0.0020740085 0.6987422332
0.0020740299 0.698970011
0.0020740299 0.698970011
0.0020740299 0.698970011
0.0020740299 0.698970011
0.0020740394 0.699046934
0.002074082 0.6992175689
0.0020741624 0.6992659372
0.0020742238 0.6997671277
0.0020742356 0.6997921277
0.002074351 0.7000636497
0.0020743922 0.7000886497
0.0020744121 0.7001108719
0.0020744192 0.7002775386
0.0020744368 0.700721983
0.0020744977 0.7010376396
0.0020745351 0.7010584729
0.0020745736 0.701205212
0.0020746098 0.7016258469
0.0020746646 0.70190615
0.0020746646 0.70190615
0.0020747437 0.7022395103
0.0020747437 0.7022395103
0.0020747959 0.7023867325
0.0020747959 0.7023867325
0.0020748618 0.7024338501
0.0020749347 0.702826512
0.0020749601 0.7028509022
0.0020749693 0.7029418113
0.0020750073 0.7029645386
0.0020750787 0.7034034275
0.0020750787 0.7034034275
0.0020751234 0.7035372659
0.0020751349 0.703848377
0.0020751383 0.7039912341
0.0020751464 0.7041340913
0.0020751692 0.7044692561
0.0020751966 0.7046909952
0.0020752092 0.7047819043
0.0020752092 0.7047819043
0.0020752183 0.705448571
0.0020752512 0.7056408787
0.0020752512 0.7056408787
0.0020752512 0.7056408787
0.0020752648 0.7058408787
0.00207531 0.7059567878
0.002075336 0.7059785269
0.002075336 0.7059785269
0.002075336 0.7059785269
0.0020753484 0.7062285269
0.0020753552 0.7063535269
0.0020753967 0.7064785269
0.0020754035 0.7066451936
0.0020754248 0.7067795605
0.0020754293 0.7069224176
0.0020754852 0.7071734512
0.0020754885 0.7072984512
0.0020755254 0.7075722607
0.0020755677 0.7077210703
0.0020756034 0.7077460703
0.0020756134 0.7080555941
0.0020756145 0.7081667052
0.0020756489 0.7081894325
0.0020756489 0.7081894325
0.0020756888 0.7083081193
0.0020757352 0.7085011018
0.0020757352 0.7085011018
0.0020757683 0.7085288796
0.0020757683 0.7085288796
0.0020757937 0.7086939589
0.002075819 0.7090618161
0.0020758728 0.7093205823
0.0020758948 0.7093462233
0.0020759529 0.7093990011
0.0020760274 0.7097541918
0.0020760952 0.7099138409
0.0020761127 0.7102916187
0.0020761247 0.7107158611
0.0020761247 0.7107158611
0.002076165 0.7109415021
0.0020761966 0.7110632412
0.0020762139 0.711306831
0.0020762139 0.711306831
0.0020762205 0.7115644067
0.0020762205 0.7115644067
0.0020762259 0.7117072639
0.0020762367 0.7120072639
0.0020762572 0.7120350417
0.0020762647 0.7121778988
0.0020762981 0.7122035398
0.002076352 0.7123171762
0.0020763885 0.7123399035
0.0020764455 0.7126656361
0.0020764487 0.7128084932
0.002076454 0.7130084932
0.002076454 0.7130084932
0.0020764872 0.7132984157
0.0020764936 0.7134412728
0.0020765213 0.7136311953
0.0020765267 0.7138311953
0.0020765267 0.7138311953
0.0020765267 0.7138311953
0.0020765267 0.7138311953
0.0020765267 0.7138311953
0.0020765553 0.7139589731
0.0020765648 0.7140589731
0.0020766051 0.7142839731
0.0020766473 0.7144769555
0.0020766832 0.7145224101
0.0020767339 0.7147573307
0.0020767718 0.7149234437
0.0020767981 0.7150345548
0.0020768044 0.7151345548
0.0020768044 0.7151345548
0.0020768044 0.7151345548
0.0020768799 0.7153840717
0.0020769218 0.7156603875
0.0020769459 0.7156836433
0.0020769459 0.7156836433
0.0020769459 0.7156836433
0.0020769542 0.7158086433
0.0020769542 0.7158086433
0.0020769698 0.7158308655
0.0020770103 0.715854675
0.0020770363 0.7158764142
0.0020770902 0.7164241415
0.0020771389 0.716472951
0.0020771493 0.716572951
0.0020772455 0.7166750433
0.0020773281 0.7169449928
0.0020773828 0.7169960264
0.0020773828 0.7169960264
0.0020774219 0.7171904709
0.0020774538 0.7174117475
0.0020774621 0.7174344747
0.0020774621 0.7174344747
0.0020775092 0.717657202
0.002077541 0.7179488687
0.0020775809 0.7181726782
0.0020776014 0.7181970684
0.0020776014 0.7181970684
0.0020776014 0.7181970684
0.0020776462 0.7183875446
0.0020776462 0.7183875446
0.0020776462 0.7183875446
0.0020776462 0.7183875446
0.0020776726 0.7185242968
0.0020776726 0.7185242968
0.0020777294 0.7185673125
0.0020777304 0.7190673125
0.0020777739 0.7190900398
0.0020778042 0.7191150398
0.0020778122 0.7194578969
0.0020778626 0.7195817064
0.0020778687 0.7196928175
0.0020778767 0.7197928175
0.0020778858 0.7198928175
0.0020779711 0.7200393543
0.0020780142 0.7202085273
0.0020780162 0.7203196384
0.0020780262 0.7205196384
0.0020780332 0.7206446384
