0.000244 0.0267395859
0.0004045 0.0490946142
0.0005251667 0.0670205955
0.0006204167 0.082311221
0.0007034167 0.0957822533
0.00078375 0.1093552561
0.0008490357 0.1217099689
0.0009070357 0.1322313152
0.0009555913 0.1403270639
0.0010058913 0.1485234822
0.001049164 0.1578038715
0.001088664 0.166201296
0.0011255871 0.1741641096
0.0011550871 0.1796358187
0.0011888871 0.1875375291
0.0012161371 0.1936012726
0.0012451371 0.1996219345
0.0012704149 0.204016316
0.0012978885 0.2091747639
0.0013211885 0.2143086407
0.0013460457 0.2187369895
0.0013684093 0.2229178109
0.0013924528 0.2280666727
0.0014166195 0.2330237069
0.0014376995 0.2371762119
0.0014538148 0.2409293444
0.0014700371 0.2447527403
0.0014858942 0.2490216551
0.0015018252 0.253290405
0.0015168586 0.2567368359
0.0015311812 0.2612748634
0.0015424937 0.2644415498
0.0015499179 0.2677740341
0.0015627708 0.2706763641
0.0015709137 0.2747830728
0.0015817193 0.2771443305
0.0015900166 0.2808334859
0.0016028587 0.2840606712
0.001613474 0.2859559595
0.001625499 0.2897334719
0.001636182 0.2929895386
0.0016445391 0.2963330147
0.00165126 0.2998860542
0.0016590782 0.3022658443
0.0016693004 0.3057333549
0.0016748439 0.3080046365
0.0016808652 0.3108926503
0.0016886777 0.313602544
0.0016967185 0.3153744955
0.0017036985 0.3189551128
0.0017089338 0.3208889315
0.0017145684 0.3232310843
0.0017203231 0.3248072523
0.0017239898 0.3269715534
0.0017314625 0.3298909549
0.0017374625 0.332766308
0.001744866 0.3350613944
0.0017503143 0.3375824428
0.0017543991 0.3391210579
0.0017625157 0.3425466675
0.0017667452 0.3438286474
0.0017710678 0.3467118775
0.0017764488 0.3489381501
0.0017817613 0.3514864438
0.0017857305 0.3526122628
0.001789382 0.3545327845
0.0017950984 0.3565522969
0.001798319 0.3585182439
0.0018016958 0.3607315399
0.001805253 0.3617700562
0.0018095488 0.364506588
0.0018115626 0.3658909534
0.0018160695 0.3685804587
0.0018192317 0.3697277137
0.0018227517 0.3717050647
0.001825449 0.3730736437
0.0018278386 0.3745327646
0.0018316848 0.3767506098
0.001836343 0.3775120186
0.0018388305 0.3785601488
0.0018433737 0.3806798035
0.0018469835 0.381727902
0.0018511883 0.3843960832
0.001853724 0.3853485335
0.0018555711 0.3866761552
0.0018585362 0.3882749709
0.0018613753 0.3895573982
0.0018646935 0.3919883474
0.0018672777 0.3933128221
0.0018694333 0.3946943813
0.0018709168 0.3964828524
0.0018742103 0.3989856906
0.0018759522 0.3998659966
0.001878516 0.4011513094
0.0018824845 0.4030955556
0.0018844636 0.4050543474
0.0018870616 0.4065122245
0.0018892044 0.4074601129
0.0018916085 0.4089945608
0.0018936085 0.4103488481
0.0018955194 0.4122659127
0.0018973821 0.4137928202
0.0018992073 0.4150245405
0.0019006016 0.4167369917
0.0019028111 0.4183552735
0.0019059432 0.4197495884
0.0019080086 0.4207598488
0.0019101012 0.4217001135
0.0019120737 0.4224151064
0.0019139282 0.4232565528
0.0019159552 0.4245965935
0.0019175892 0.4255404328
0.0019194653 0.4267241016
0.0019208863 0.4279149601
0.0019215124 0.4286585465
0.0019226762 0.4299587019
0.0019232916 0.4306685065
0.0019246984 0.4325000396
0.0019265723 0.4337177371
0.0019286807 0.4353246304
0.0019306311 0.4361614864
0.0019319917 0.4369557169
0.0019333982 0.4376495881
0.0019349708 0.439109137
0.0019367388 0.4402952112
0.0019389055 0.4415291217
0.0019398976 0.442399526
0.001941132 0.4438607031
0.0019424576 0.4449469758
0.0019437191 0.4461525358
0.0019446199 0.4471151497
0.0019464986 0.4481359161
0.001948025 0.4492397106
0.0019498011 0.450670641
0.0019513492 0.4524001615
0.0019530919 0.4534928133
0.0019549532 0.4538647375
0.0019558372 0.4546496617
0.0019575567 0.4556669479
0.001958721 0.4573583977
0.0019600756 0.4589380509
0.0019614629 0.4598671564
0.0019629244 0.4611398567
0.0019643203 0.4623862483
0.0019651754 0.4635168273
0.001966011 0.4643751719
0.0019670655 0.4648990453
0.0019676128 0.4654625461
0.0019682436 0.4661612396
0.0019687836 0.4673615309
0.0019694724 0.468550972
0.0019698342 0.4693882735
0.0019709976 0.4702304882
0.0019717704 0.4708820268
0.0019724349 0.4715884232
0.0019737426 0.4724938188
0.0019748572 0.4733329821
0.0019760218 0.4743497598
0.0019771413 0.4752360018
0.0019780288 0.4760446725
0.0019786685 0.4769371442
0.0019794957 0.4781893239
0.0019797104 0.4786945859
0.0019804421 0.4793398687
0.0019811148 0.4798961788
0.0019818317 0.4803998936
0.001982676 0.4812416252
0.0019832355 0.4820839506
0.0019842119 0.4829946651
0.0019843766 0.4836002207
0.0019848561 0.4842639527
0.0019858794 0.4857961596
0.001986232 0.4867640167
0.001987117 0.4875872552
0.0019877684 0.4881156147
0.00198874 0.4884223971
0.0019894463 0.4892290082
0.0019899631 0.4893434241
0.001990695 0.4898129208
0.001991395 0.4911873594
0.0019923729 0.4915766121
0.0019928838 0.4920601167
0.0019930314 0.4930500392
0.0019935966 0.4939198119
0.0019950615 0.4952031702
0.001996298 0.4965170132
0.0019971429 0.4972161766
0.0019980951 0.497946518
0.0019988993 0.4983526827
0.0019999098 0.4995242006
0.0020006481 0.500753986
0.0020013408 0.5011867667
0.002002061 0.5021333035
0.0020031074 0.5032798307
0.0020037279 0.5039488955
0.0020045697 0.5045084423
0.0020055545 0.5056408979
0.0020060242 0.5059707783
0.0020065116 0.50668409
0.0020074466 0.5073329164
0.0020082775 0.5081988987
0.0020087032 0.5091097709
0.0020098756 0.5100235965
0.0020105423 0.5112168835
0.0020111618 0.511684811
0.0020115696 0.5124798432
0.0020122121 0.5134392283
0.002013015 0.5137743835
0.0020135556 0.5145706914
0.002014108 0.5150587783
0.0020144492 0.5154506908
0.0020149257 0.5158827947
0.0020158693 0.516629033
0.0020162618 0.5171787999
0.0020170339 0.5175330113
0.0020175849 0.5186339856
0.0020182162 0.5189356446
0.002018629 0.5192173462
0.0020193185 0.5199276696
0.0020194367 0.5200764792
0.0020197127 0.5205331205
0.0020205326 0.5210972634
0.0020211379 0.521895843
0.0020217183 0.5223343823
0.0020220072 0.5228410117
0.0020221222 0.5235359612
0.002022739 0.5246282245
0.0020229144 0.5253693375
0.002023338 0.525784435
0.0020237163 0.5265059216
0.0020243743 0.526711513
0.0020244691 0.5273861162
0.0020249069 0.5279033752
0.0020250522 0.5284312362
0.0020253117 0.5293290952
0.0020256677 0.5297305666
0.002026482 0.5300926658
0.0020268686 0.5308171643
0.0020273581 0.531992745
0.0020277539 0.5324377712
0.0020282892 0.5330589456
0.0020286818 0.5342287922
0.0020291715 0.5349523138
0.0020295854 0.5355208077
0.0020299446 0.536295694
0.0020302291 0.5370142961
0.0020305733 0.5377496745
0.0020308031 0.5381531958
0.0020310079 0.5383421823
0.0020311239 0.5387332953
0.0020316339 0.5393008151
0.0020321617 0.5394902272
0.0020324463 0.5399200973
0.002032714 0.5405131986
0.0020327218 0.5407131986
0.0020330031 0.5412245497
0.0020333572 0.5421743108
0.0020336672 0.5427886326
0.0020337445 0.5431751766
0.002034106 0.5434100486
0.002034401 0.5442013497
0.002034817 0.5450721075
0.002035144 0.5455430963
0.0020354016 0.5466299148
0.0020357224 0.5470661757
0.0020360945 0.5473971455
0.0020364466 0.5479465961
0.0020366817 0.5482536224
0.0020369828 0.548964288
0.0020376643 0.5494103968
0.0020381034 0.5502628213
0.0020383975 0.5507974324
0.0020389653 0.5515898315
0.0020393375 0.5519710281
0.0020394866 0.552606475
0.0020400591 0.5534715411
0.0020405789 0.5543382297
0.0020410825 0.554955015
0.0020414051 0.5553255636
0.0020415658 0.5558232909
0.0020423559 0.5562159407
0.0020428523 0.5564509507
0.0020431456 0.5572257118
0.002043621 0.5579169747
0.0020439017 0.5584640401
0.0020442618 0.5588760985
0.0020445928 0.5592723979
0.0020449262 0.5599766576
0.0020452445 0.5602550999
0.0020452652 0.5606717665
0.0020456879 0.56090087
0.0020457975 0.5612593613
0.0020461968 0.5619035231
0.0020464043 0.562533409
0.0020466348 0.5628577437
0.002046905 0.5630756924
0.0020474909 0.5637266432
0.0020477325 0.564142059
0.0020478429 0.5646480475
0.0020480995 0.5651262491
0.0020484318 0.5655324676
0.0020485443 0.5659220639
0.0020491384 0.5664556197
0.0020492009 0.566766309
0.0020493812 0.5675297163
0.0020494597 0.5676529721
0.0020497854 0.5682538892
0.0020500679 0.5683705082
0.0020504336 0.5686556286
0.0020506142 0.5688763454
0.0020508425 0.5690718941
0.002051038 0.5698794197
0.0020511914 0.5703729178
0.0020514111 0.5706685538
0.002051719 0.570938975
0.0020520482 0.5711300723
0.0020523415 0.5712437776
0.0020525302 0.5715466427
0.0020526713 0.5719383094
0.0020529369 0.5723648742
0.0020531114 0.5727925657
0.0020532853 0.5729334748
0.0020535639 0.5732915255
0.0020539713 0.5734713956
0.0020542021 0.5740193504
0.0020545027 0.5744508349
0.0020547137 0.5748067606
0.0020550003 0.5752873381
0.002055128 0.5756943041
0.0020554492 0.576071147
0.0020555217 0.5763595528
0.0020557205 0.5767489467
0.0020561319 0.5774685804
0.0020562906 0.5780274944
0.0020563831 0.5780513039
0.0020564724 0.5784270113
0.0020567958 0.5790342937
0.002056855 0.5791717206
0.002057029 0.57990182
0.0020575202 0.5802383705
0.0020578868 0.5808222309
0.0020581792 0.5811202194
0.0020584153 0.5813856956
0.0020585694 0.5817287114
0.0020587375 0.5820784068
0.0020589861 0.5826923836
0.0020590235 0.5827146058
0.0020591212 0.5829622929
0.0020594995 0.5835606512
0.002059748 0.5837043055
0.0020601127 0.584189133
0.002060482 0.5845373931
0.0020606435 0.5851712846
0.0020611266 0.5855112845
0.0020612364 0.5859635792
0.0020615735 0.5866274816
0.0020621785 0.5872433801
0.0020621785 0.5872433801
0.0020625796 0.5876220956
0.0020626213 0.5878720956
0.0020629953 0.588248664
0.0020631527 0.5883728704
0.0020632354 0.5887274803
0.0020633535 0.5890518705
0.002063422 0.5896634145
0.0020635887 0.5897961381
0.0020638121 0.5904043556
0.0020640567 0.5911352635
0.0020642924 0.5919629254
0.0020645708 0.5925629899
0.0020647191 0.5929986179
0.0020649368 0.5932905606
0.0020650843 0.5938690458
0.0020652474 0.5945798854
0.002065602 0.5951049782
0.0020658547 0.5955035101
0.0020660298 0.595842904
0.0020663366 0.5961538267
0.0020663947 0.5964760489
0.0020665421 0.5972020874
0.0020669436 0.5980827411
0.0020673546 0.5989303732
0.0020674773 0.599378629
0.0020674878 0.5994030193
0.0020676696 0.5996482574
0.0020678483 0.6004210571
0.0020682463 0.6009551623
0.0020683983 0.6011133388
0.0020685654 0.6017641685
0.0020686475 0.6018468015
0.0020688112 0.6023085543
0.0020689948 0.6025289229
0.0020692187 0.6025984553
0.0020693177 0.6028146389
0.0020693582 0.6028409547
0.002069482 0.6033235304
0.0020695374 0.6034485304
0.0020699268 0.6036503009
0.002070185 0.6045323951
0.0020702275 0.6049002522
0.0020703871 0.6051740618
0.0020706458 0.6056730064
0.0020709485 0.6062953478
0.0020710772 0.6064831544
0.0020712254 0.6067992674
0.0020713116 0.6071643467
0.0020715696 0.6075300678
0.0020716603 0.6077942015
0.0020718314 0.608469793
0.0020722363 0.6088512717
0.0020724553 0.609405881
0.0020726203 0.6098985812
0.0020726591 0.6101240714
0.0020728233 0.6103647925
0.0020730113 0.6106359018
0.002073593 0.611273081
0.002073605 0.611398081
0.0020739088 0.6123214982
0.002074052 0.6124673315
0.0020742258 0.61314337
0.0020744586 0.6135151829
0.0020745842 0.6138955815
0.0020746575 0.6139496751
0.0020747471 0.6140655842
0.0020748459 0.6144476062
0.002075083 0.6145696595
0.002075186 0.6146779928
0.0020752421 0.6148663986
0.0020752468 0.6149775097
0.0020753724 0.6152288255
0.0020753909 0.6153197346
0.0020754164 0.6155308457
0.0020754418 0.616014179
0.0020756976 0.6161197346
0.0020758447 0.6162917999
0.0020759433 0.6165573843
0.0020761332 0.6168413587
0.00207622 0.6171913587
0.0020762451 0.6172183857
0.0020765428 0.6177107774
0.0020767967 0.6179036459
0.0020769121 0.6180390063
0.0020770882 0.6184134526
0.0020772256 0.6184603702
0.002077311 0.618611686
0.0020773648 0.6189823209
0.0020773984 0.6192073209
0.0020773984 0.6192073209
0.0020775053 0.619405581
0.0020775608 0.6195711654
0.0020778446 0.6199090881
0.0020780349 0.620421515
0.0020781276 0.6204691074
0.0020782333 0.620583826
0.0020783015 0.6210270165
0.0020784923 0.621787373
0.0020785623 0.621813014
0.002078761 0.6222515868
0.0020788939 0.6227659808
0.0020789221 0.6229770919
0.0020790328 0.6233458169
0.0020790457 0.6234708169
0.0020791451 0.6236608753
0.0020792464 0.6237110006
0.0020793152 0.6240882247
0.0020794332 0.6242490901
0.0020795167 0.624683457
0.0020795167 0.624683457
0.00207957 0.6250826023
0.002079736 0.6254204544
0.0020799016 0.6258724746
0.0020800351 0.6260023448
0.0020801281 0.6261019951
0.002080164 0.6263242173
0.002080425 0.6268972206
0.0020804523 0.6270881297
0.002080597 0.6277238912
0.0020806995 0.6279894756
0.0020807183 0.6280728089
0.0020807975 0.6282633121
0.0020808723 0.6284537883
0.0020809283 0.6286020441
0.0020810919 0.6294164381
0.0020811931 0.6297619161
0.0020812632 0.6298875571
0.0020813579 0.6303690358
0.0020815324 0.6309082925
0.0020816902 0.6314514829
0.0020817147 0.6317292607
0.0020818617 0.6319899434
0.0020819839 0.6322859265
0.0020820591 0.6329667581
0.0020822072 0.6334741451
0.0020823549 0.6338664102
0.0020825549 0.6341593927
0.002082569 0.6344169684
0.0020827139 0.6346555907
0.002082734 0.6351095589
0.0020828302 0.6353959529
0.0020829502 0.6354436802
0.0020830719 0.6355992577
0.0020831237 0.6357164825
0.0020831794 0.6359685096
0.0020832984 0.6365506896
0.0020834489 0.6367077838
0.0020834904 0.6371173076
0.0020835161 0.6373284187
0.0020836007 0.6375471124
0.0020836577 0.6375734282
0.0020837518 0.6378183777
0.0020838731 0.6379547413
0.0020839142 0.6384542582
0.0020841695 0.6387899121
0.002084224 0.6389815788
0.0020842298 0.6392315788
0.002084317 0.6395413225
0.0020845085 0.6396985527
0.0020846282 0.6397468085
0.0020846648 0.6400238355
0.0020847552 0.6404293982
0.0020848953 0.640503295
0.0020849106 0.640628295
0.0020850388 0.6409727395
0.0020851265 0.6411472564
0.0020852637 0.6413978974
0.0020855127 0.6418378721
0.0020856228 0.6425668403
0.0020857042 0.6428924814
0.0020857477 0.6433194044
0.0020859213 0.6434223948
0.0020861059 0.6442378755
0.0020862092 0.644407825
0.002086243 0.6447347481
0.0020863123 0.6449859386
0.0020863366 0.6452970497
0.002086497 0.6455950381
0.0020865231 0.6458490064
0.0020865882 0.6463323397
0.0020867273 0.6466561059
0.0020869088 0.6468438043
0.002086918 0.6470438043
0.0020870048 0.647584009
0.0020870121 0.647834009
0.0020870967 0.6478859658
0.0020871811 0.6479327049
0.0020874173 0.6482958832
0.0020874228 0.6484625499
0.0020875086 0.6492258319
0.0020876197 0.6497024533
0.0020876743 0.6500211401
0.0020878376 0.6504163605
0.0020878811 0.6506983265
0.0020880058 0.6510877056
0.0020881051 0.651296046
0.0020882114 0.6514677852
0.0020883247 0.6518122296
0.0020884181 0.6519258579
0.0020884952 0.6520893823
0.0020885578 0.6525278744
0.0020886221 0.6529427969
0.0020886524 0.6530660527
0.0020887271 0.6532623031
0.0020887679 0.653648268
0.0020888034 0.6536715238
0.0020888919 0.653718904
0.0020889113 0.6540284278
0.0020889695 0.654141076
0.0020889731 0.6542839332
0.0020890539 0.6547649938
0.0020891223 0.6549127211
0.0020892432 0.6551955303
0.0020893446 0.6555223512
0.0020894039 0.6557979922
0.002089667 0.6561386231
0.0020898096 0.6563545409
0.0020898721 0.6565823186
0.0020899067 0.6567767631
0.0020900313 0.6572257515
0.0020900952 0.657899561
0.0020901538 0.6579228168
0.0020902502 0.6579710166
0.0020903086 0.6581230436
0.002090403 0.6582697828
0.0020904355 0.6586308939
0.0020905141 0.6591220068
0.0020906745 0.6596377645
0.0020907171 0.6596604918
0.0020907563 0.6604854918
0.0020908106 0.6605087476
0.0020908275 0.6606087476
0.0020908766 0.6606320034
0.0020909222 0.6608011763
0.0020909222 0.6608011763
0.0020910165 0.6608494321
0.0020911526 0.6609448658
0.0020911778 0.6613590307
0.002091228 0.6614680423
0.0020912514 0.6615156613
0.0020914201 0.6619774354
0.0020914834 0.6622452926
0.0020916148 0.6623201879
0.0020916431 0.6627206208
0.0020916779 0.6630105433
0.0020917938 0.6632925562
0.0020918946 0.6634736623
0.0020918946 0.6634736623
0.002091916 0.6636986623
0.0020919407 0.6639097734
0.0020920228 0.6639542398
0.002092131 0.6641490073
0.0020921883 0.6641979041
0.0020922602 0.6642461599
0.0020923744 0.6644213725
0.0020924688 0.664666458
0.0020927518 0.664923241
0.0020928411 0.6650654659
0.0020928783 0.6650932436
0.0020929981 0.6651421405
0.0020930498 0.6654810294
0.0020930965 0.6659804757
0.0020931787 0.6662787315
0.0020932382 0.6664710392
0.0020932719 0.6666654836
0.0020933392 0.6667802022
0.0020936096 0.6671730522
0.002093723 0.6673213081
0.0020937358 0.6676213081
0.0020938393 0.6679432588
0.0020940396 0.6685055337
0.0020940428 0.6686483908
0.0020941157 0.6689419514
0.00209419 0.6692302866
0.0020943006 0.6694459964
0.0020943321 0.6694723121
0.0020943321 0.6694723121
0.0020944627 0.6695658891
0.0020944988 0.6695891449
0.0020945834 0.6696401785
0.0020946491 0.6697121878
0.0020948163 0.6705597631
0.002094899 0.6706074092
0.0020950392 0.670679587
0.00209519 0.6710861201
0.0020952894 0.6714927389
0.0020954491 0.6719848855
0.0020955281 0.6721626632
0.0020955729 0.6722785723
0.0020956932 0.6723506898
0.0020957503 0.672643547
0.0020957826 0.6731372339
0.002095821 0.6731635496
0.0020958931 0.6732098262
0.0020960799 0.6735527771
0.0020962267 0.6738237602
0.0020962877 0.6739239391
0.0020963487 0.674190052
0.0020965085 0.6742884331
0.0020966514 0.6746926684
0.0020967409 0.6747433744
0.0020968485 0.6749021316
0.0020970558 0.6750004186
0.0020972204 0.6757107129
0.0020972777 0.6759339687
0.0020973847 0.6765000817
0.0020974162 0.6765233375
0.0020975213 0.6765709836
0.0020975423 0.6767820947
0.0020976052 0.6771482076
0.0020978563 0.677796917
0.0020978683 0.6781635836
0.0020980054 0.678628883
0.0020980485 0.6787506221
0.0020980649 0.6789756221
0.0020981524 0.6790186776
0.0020981524 0.6790186776
0.0020981687 0.6792964554
0.0020981894 0.6793197112
0.0020982277 0.6800376912
0.0020982498 0.6801715296
0.002098266 0.6807643867
0.0020983673 0.6812179437
0.002098467 0.6815889267
0.0020985387 0.6817823791
0.0020985563 0.6820073791
0.0020986497 0.6821644733
0.0020987051 0.6822877291
0.0020987415 0.6824569021
0.0020989232 0.6827319477
0.0020989319 0.6828319477
0.0020989377 0.6829986144
0.0020990187 0.683214798
0.0020991156 0.6834053824
0.0020991805 0.6835281097
0.0020992295 0.6836422746
0.0020992813 0.6838424535
0.0020994365 0.6844203249
0.0020994365 0.6844203249
0.0020994837 0.6846133073
0.0020994837 0.6846133073
0.0020995952 0.6847997251
0.0020997378 0.6852936158
0.0020998418 0.6853413431
0.0020998489 0.6854842002
0.0020999128 0.6856185671
0.0020999128 0.6856185671
0.0020999681 0.6857790685
0.0021000558 0.6859985747
0.0021000558 0.6859985747
0.0021001192 0.6861888525
0.0021002418 0.6864699131
0.0021002783 0.6869386
0.0021002854 0.6872386
0.0021003092 0.6872618558
0.0021003204 0.6873618558
0.00210034 0.687720622
0.00210034 0.687720622
0.0021003498 0.6878317331
0.0021004041 0.687979989
0.0021004041 0.687979989
0.0021004041 0.687979989
0.0021004207 0.688179989
0.0021004567 0.6884960459
0.0021005342 0.6888353586
0.0021005411 0.6889603586
0.0021005645 0.6889836144
0.0021005783 0.6891995235
0.0021005838 0.6894495235
0.0021005907 0.6897828568
0.0021005907 0.6897828568
0.0021006304 0.6899727793
0.0021006414 0.6899971696
0.0021006864 0.6900491264
0.0021006864 0.6900491264
0.00210076 0.6903128987
0.0021008076 0.6904610985
0.0021008538 0.6906907084
0.0021008932 0.6908295973
0.002100904 0.6909545973
0.0021009338 0.6914863433
0.0021009338 0.6914863433
0.0021009446 0.6916113433
0.0021010578 0.6916776547
0.0021011856 0.6922147759
0.0021011897 0.6923576331
0.0021012944 0.6925922822
0.0021013654 0.6926363713
0.0021013654 0.6926363713
0.0021013881 0.6926839904
0.0021014282 0.6929784348
0.0021014655 0.6931678288
0.0021015268 0.6936589417
0.0021015334 0.6937700528
0.0021015387 0.6938811639
0.0021015387 0.6938811639
0.0021015507 0.6942144973
0.0021015705 0.6942377531
0.0021016986 0.6946704767
0.0021017026 0.6948704767
0.0021018212 0.6952715322
0.0021018251 0.6954143894
0.0021018751 0.6956671671
0.0021019879 0.6957414565
0.0021019945 0.6959081232
0.0021020717 0.6961569327
0.0021021933 0.6965163216
0.0021022194 0.6968913216
0.0021023302 0.6969682784
0.0021023523 0.6969915342
0.0021023523 0.6969915342
0.002102403 0.6971165342
0.0021024639 0.6972647901
0.0021025844 0.6976607731
0.0021027125 0.6980303056
0.0021027215 0.6981303056
0.0021027396 0.6981553056
0.0021027873 0.6986696995
0.0021027873 0.6986696995
0.0021028066 0.6988299559
0.0021028386 0.6988526832
0.0021028476 0.6992193498
0.0021028899 0.6992471276
0.0021029078 0.6994380367
0.0021029499 0.699848726
0.0021029958 0.699874367
0.0021030111 0.7001600813
0.0021031473 0.7005949298
0.0021031968 0.7009916689
0.0021032945 0.701037652
0.0021032945 0.701037652
0.0021033186 0.7012145751
0.0021033666 0.7012367973
0.0021034058 0.7016381131
0.0021034133 0.7018047798
0.002103436 0.7018280356
0.002103436 0.7018280356
0.0021034775 0.7018512914
0.0021035051 0.7018790692
0.0021035063 0.7020790692
0.0021035626 0.7021927056
0.0021035876 0.7022170958
0.0021036501 0.7023826802
0.0021036501 0.7023826802
0.0021036874 0.7028691271
0.0021037819 0.703194306
0.0021038913 0.7034933604
0.0021039086 0.7037294715
0.0021039086 0.7037294715
0.0021039173 0.7038544715
0.0021039235 0.7039655826
0.0021039716 0.704381167
0.0021039803 0.704506167
0.0021039975 0.7047172781
0.0021040295 0.7051155339
0.0021041388 0.7052364566
0.002104167 0.7054281233
0.0021042369 0.705646817
0.0021042846 0.7056706265
0.0021043188 0.705694436
0.0021043958 0.7057426918
0.002104458 0.7060606279
0.0021044969 0.7064522946
0.0021045347 0.7064793216
0.0021046039 0.7068458718
0.0021046901 0.7072208718
0.0021047264 0.707243599
0.0021048124 0.7072885485
0.0021048402 0.7073163263
0.0021048837 0.7075093088
0.0021048837 0.7075093088
0.0021049126 0.7076310479
0.0021049427 0.707652787
0.0021049535 0.707752787
0.0021049619 0.707877787
0.0021049619 0.707877787
0.0021051056 0.7082308476
0.0021051056 0.7082308476
0.0021051845 0.7082818812
0.0021052072 0.7084407048
0.0021052584 0.7086300987
0.0021052727 0.7088876745
0.0021052727 0.7088876745
0.0021052727 0.7088876745
0.0021053237 0.7089104017
0.0021053592 0.7090788999
0.0021053687 0.709155823
0.0021053687 0.709155823
0.00210541 0.7096181246
0.0021054218 0.7096431246
0.002105496 0.7098299431
0.0021055007 0.7099549431
0.0021055348 0.7099787526
0.0021055383 0.7101216097
0.0021056157 0.7101711813
0.0021056251 0.7102620904
0.0021056625 0.7102829237
0.0021056964 0.7104292003
0.0021057477 0.7108447848
0.0021057862 0.7111063288
0.0021058165 0.7111341065
0.0021058851 0.7111791015
0.0021059396 0.7112331951
0.0021060174 0.7112831951
0.0021060405 0.7113054173
0.0021060938 0.7113588361
0.0021061816 0.7116048602
0.0021061816 0.7116048602
0.0021062451 0.711858279
0.0021062451 0.711858279
0.0021062681 0.712233279
0.0021062934 0.7124555012
0.0021063359 0.712538715
0.002106368 0.7125664927
0.0021063771 0.7129331594
0.0021064881 0.7131492489
0.0021065247 0.7131981457
0.002106608 0.7134660142
0.0021066365 0.7137819233
0.0021066365 0.7137819233
0.0021066775 0.7138069233
0.0021067082 0.7139973995
0.0021067173 0.7140973995
0.0021067354 0.7143311657
0.0021067682 0.7143589435
0.0021068395 0.7145355308
0.0021068802 0.7148239366
0.0021068802 0.7148239366
0.0021068869 0.7149489366
0.0021068937 0.7150739366
0.0021068937 0.7150739366
0.0021068937 0.7150739366
0.0021068937 0.7150739366
0.0021068937 0.7150739366
0.002106943 0.7150966639
0.0021069463 0.7152966639
0.0021069463 0.7152966639
0.0021069675 0.7157304301
0.0021070266 0.7157820174
0.0021070277 0.7159486841
0.00210703 0.7164486841
0.0021070666 0.7166431285
0.0021071188 0.7170741891
0.0021071321 0.7173317649
0.002107141 0.7176095427
0.0021071719 0.7176333522
0.0021071918 0.7177464835
0.0021072249 0.7179714835
0.0021072889 0.7181622039
0.0021072966 0.7182455372
0.002107334 0.7183932645
0.002107334 0.7183932645
0.0021073472 0.7186932645
0.0021073833 0.718864877
0.0021074293 0.7191718678
0.0021074403 0.719382979
0.0021074403 0.719382979
0.0021074457 0.7195496456
0.0021074457 0.7195496456
0.0021074468 0.7197496456
0.0021075067 0.7199991625
0.0021075512 0.7200224183
0.0021076045 0.7202585295
0.0021076077 0.7204251961
0.0021076077 0.7204251961
0.002107651 0.7204490056
0.0021076986 0.7205740056
0.0021077364 0.7206003214
0.0021077558 0.7206225437
0.0021077655 0.7206452709
0.002107815 0.7209179982
0.0021078376 0.720941254
0.0021078902 0.7213336533
0.0021079471 0.7217659044
0.0021079974 0.7218742377
0.0021080082 0.7222742377
0.0021080274 0.7222986279
0.0021080274 0.7222986279
0.0021080338 0.7223208502
0.0021080423 0.7224458502
0.0021080679 0.7226702404
0.0021080679 0.7226702404
0.0021080679 0.7226702404
0.0021081327 0.7227230182
0.0021081433 0.7227818417
0.002108192 0.7229081575
0.0021082534 0.7229609353
0.0021082534 0.7229609353
0.0021082534 0.7229609353
0.002108266 0.7233260146
0.0021083429 0.7234866974
0.0021083482 0.7235700307
0.0021083482 0.7235700307
0.0021083598 0.7236469538
0.0021084301 0.7236982696
0.0021085003 0.7237477865
0.0021085066 0.7238906436
0.0021085066 0.7238906436
0.0021085735 0.724029921
0.0021085787 0.7241965877
0.0021085787 0.7241965877
0.0021086537 0.7242670657
0.0021087265 0.7244288178
0.0021087379 0.7244876414
0.0021087899 0.7245350215
0.0021088002 0.7247600215
0.0021088417 0.7248088311
0.002108852 0.7248713311
0.0021088862 0.7251518866
0.0021088862 0.7251518866
0.0021088862 0.7251518866
0.0021089078 0.7251789136
0.0021089748 0.7253156658
0.0021089748 0.7253156658
0.002108984 0.7254156658
0.0021090261 0.7257300597
0.0021090394 0.7262967264
0.0021090845 0.7264495042
0.0021091152 0.72647276
0.0021091541 0.72649776
0.0021091541 0.72649776
0.0021091816 0.726523401
0.0021091918 0.7270440359
0.0021092142 0.7273091153
0.0021092397 0.7274763627
0.0021092529 0.727684696
0.0021092874 0.7278531942
0.0021092874 0.7278531942
0.0021093188 0.7280411374
0.0021093188 0.7280411374
0.0021094037 0.7283961158
0.0021094037 0.7283961158
0.0021094047 0.7288961158
0.002109434 0.7289217568
0.0021094994 0.7289701251
0.0021095075 0.7290701251
0.0021095296 0.7292034584
0.0021095607 0.7292267143
0.0021095938 0.7293767143
0.0021096129 0.7297037345
0.002109737 0.7299655214
0.002109776 0.7299905214
