0.000245 0.0275271965
0.0003985 0.0493620203
0.0005201667 0.0660681173
0.0006174167 0.0825548071
0.0007004167 0.0973083198
0.0007769167 0.1113913256
0.0008383452 0.1223378259
0.0008932202 0.1322980034
0.0009458869 0.1415066723
0.0009944869 0.1500394371
0.0010319415 0.1568181095
0.0010749415 0.1660445169
0.0011104799 0.1737093016
0.0011501942 0.1816209804
0.0011843942 0.1882582071
0.0012182692 0.1942183406
0.0012483868 0.2001062385
0.0012768313 0.2058715975
0.0013035155 0.2111464004
0.0013275155 0.2175483577
0.0013466584 0.2221347809
0.0013668402 0.2262073453
0.0013870141 0.2303845005
0.0014106391 0.2355086718
0.0014305591 0.2397522254
0.0014503668 0.2453987894
0.0014668112 0.2489697054
0.0014828827 0.2522810081
0.0014998482 0.2558746419
0.0015137148 0.2583684483
0.0015239406 0.2616093813
0.0015347531 0.2648442545
0.0015458138 0.2693856244
0.0015548432 0.272332013
0.0015643289 0.2752396733
0.0015766067 0.2791961506
0.0015870121 0.2825649429
0.0015960121 0.2856812204
0.0016069351 0.2889223612
0.0016184351 0.291740291
0.0016274839 0.2940876242
0.0016338887 0.2964511037
0.0016421677 0.2992817776
0.0016540541 0.3022564535
0.0016634319 0.3061227684
0.0016703449 0.3091330361
0.00167743 0.311852716
0.0016844092 0.314457953
0.0016941847 0.3170813572
0.0017010647 0.3201267097
0.0017063784 0.3218600686
0.0017123784 0.3240153862
0.0017179067 0.3259232831
0.0017233327 0.3282845068
0.0017283509 0.3307040825
0.0017343509 0.3335126391
0.0017398596 0.3353466219
0.0017441182 0.3377913138
0.0017506606 0.3400517186
0.0017572939 0.3418546772
0.0017628185 0.3440476479
0.0017693347 0.3464914525
0.0017743188 0.3485759402
0.0017797407 0.3509906319
0.0017854637 0.3525829791
0.0017898425 0.3539644836
0.0017944246 0.3560462359
0.0017983364 0.3577627141
0.0018036118 0.360101596
0.0018067546 0.3612622389
0.0018094166 0.3629497348
0.0018141944 0.3649328248
0.001818619 0.3667665002
0.0018223217 0.3680938465
0.0018238151 0.3694318218
0.0018260914 0.3710136813
0.0018291173 0.3725347302
0.0018327712 0.374878364
0.0018362269 0.3765943585
0.0018390519 0.3783580271
0.0018419778 0.3798961677
0.0018445876 0.3810265168
0.0018471177 0.3825501129
0.0018485105 0.3845431003
0.0018514517 0.3860775127
0.0018529285 0.3869916461
0.0018552848 0.3883578563
0.0018584325 0.3900012589
0.0018612415 0.3920664472
0.0018636082 0.3934535034
0.0018655862 0.3940975961
0.0018696079 0.3962991555
0.0018715757 0.3975765665
0.0018735331 0.3990408885
0.0018751752 0.4012019118
0.0018776127 0.4033883224
0.0018799735 0.4046346829
0.0018817287 0.4060631999
0.0018830721 0.4075427245
0.0018856521 0.409027891
0.0018871471 0.4112087621
0.0018895099 0.4129596926
0.0018918788 0.4141498247
0.0018938019 0.4158489826
0.0018954209 0.41717011
0.0018969021 0.4184690233
0.0018994254 0.4197905472
0.0019011014 0.4208148315
0.0019027894 0.4218442252
0.0019043258 0.423091487
0.0019061366 0.4240913293
0.0019073241 0.425563175
0.0019088993 0.4271962165
0.0019103555 0.4279112142
0.0019112424 0.4287177107
0.0019129407 0.4303531999
0.0019136416 0.4312263913
0.0019150483 0.4328031932
0.0019165862 0.433728716
0.0019192778 0.435114825
0.0019209059 0.4362521999
0.0019223239 0.4374861227
0.0019248605 0.4385820166
0.0019264412 0.4397344807
0.0019289772 0.4412074236
0.0019302232 0.4435400023
0.001931672 0.444732929
0.0019329689 0.4457441479
0.0019336821 0.4464263397
0.0019351513 0.4478905695
0.0019369986 0.4490023458
0.0019384835 0.4498767739
0.001940694 0.4507894096
0.001942291 0.4516295184
0.0019436614 0.4532806709
0.0019460143 0.4541315153
0.0019472698 0.4549173369
0.0019483205 0.4553515548
0.0019492486 0.4562299955
0.0019504843 0.4569478921
0.0019519028 0.4577909082
0.0019534802 0.4586461597
0.0019545711 0.4590995571
0.0019558142 0.4603075479
0.0019564211 0.4607423477
0.001956832 0.4612701929
0.0019576007 0.4619846171
0.0019585264 0.4626979079
0.0019597479 0.4641118353
0.0019605412 0.4647197726
0.0019615479 0.4654391638
0.0019627058 0.466829008
0.0019636012 0.4671867475
0.0019649323 0.4682243575
0.0019657065 0.469226141
0.0019662065 0.4696726056
0.0019673148 0.4705035951
0.0019681123 0.4714020708
0.0019684708 0.4717673799
0.0019696583 0.4728424981
0.0019714036 0.4735208366
0.0019722987 0.4739363157
0.0019730656 0.4747530376
0.0019745534 0.4755055839
0.0019763412 0.4766755693
0.0019769677 0.4775901968
0.0019779198 0.4779367147
0.0019782175 0.4785708142
0.0019793654 0.4792488144
0.0019799301 0.4797762759
0.0019802342 0.4804464702
0.0019809028 0.4814262493
0.0019814346 0.4819429926
0.0019815495 0.4823701606
0.0019828524 0.4830883475
0.0019835115 0.4843568282
0.0019843646 0.4852585205
0.0019852578 0.4858064118
0.0019855372 0.4861175449
0.0019861316 0.4869239211
0.0019872421 0.4878802957
0.0019877916 0.4887761748
0.0019884036 0.4894045421
0.0019884362 0.4899212088
0.0019898254 0.4907145537
0.001990777 0.4918657275
0.0019914989 0.4925280726
0.0019919564 0.4934133964
0.0019926865 0.4941285812
0.0019933497 0.4947133108
0.0019937214 0.4951834081
0.0019942318 0.4962825817
0.0019946101 0.497565432
0.0019955843 0.4986701415
0.0019960202 0.499668978
0.0019971835 0.5001870378
0.0019984982 0.5009565815
0.0019992002 0.5016047914
0.0019998937 0.5021808757
0.0020003637 0.5028951128
0.0020011249 0.5033031635
0.0020015011 0.503792934
0.0020017967 0.5042428174
0.0020023506 0.5047568156
0.0020030481 0.5049932559
0.0020038491 0.506033967
0.0020043564 0.5069330996
0.0020052891 0.5075443452
0.0020056862 0.5086378327
0.0020057814 0.5088100549
0.0020061227 0.5091747637
0.0020066321 0.5102671226
0.0020069607 0.510446439
0.0020074841 0.5107604532
0.0020076887 0.5112421129
0.0020087258 0.5124333654
0.0020096613 0.5130115514
0.0020105879 0.5134796214
0.0020115194 0.5142808058
0.0020119512 0.5150515642
0.002012544 0.5153388526
0.002013089 0.5158498501
0.002013228 0.5159725774
0.0020135718 0.516338005
0.0020141051 0.5168482286
0.0020147467 0.5173170132
0.0020151564 0.5179828414
0.002016573 0.5186018995
0.0020170752 0.5188880599
0.0020175752 0.5189817166
0.002018138 0.5193435277
0.0020183406 0.5197297261
0.0020187998 0.5208710407
0.0020191802 0.521135266
0.0020193376 0.5213281231
0.0020196978 0.5216841837
0.0020201324 0.5222952144
0.002020645 0.5229553416
0.0020207872 0.523373965
0.0020209789 0.5235674632
0.0020213855 0.5244883902
0.0020216831 0.5253133291
0.002022004 0.5261822198
0.0020224877 0.5265479419
0.0020226999 0.5274471233
0.0020229601 0.5281347613
0.0020231301 0.5285747796
0.0020232632 0.5291746173
0.002023725 0.5292717348
0.002024065 0.5298328634
0.0020241845 0.530147582
0.0020246806 0.5307896501
0.0020248545 0.5310912374
0.0020251931 0.5317262453
0.0020257264 0.5321845961
0.0020260975 0.5323858313
0.0020264282 0.5325907469
0.002026591 0.5331324135
0.0020270698 0.5337320395
0.0020271352 0.5338653728
0.0020276179 0.5343280928
0.002028053 0.534991215
0.0020282812 0.5354327048
0.0020285236 0.5359426255
0.0020287425 0.5364163848
0.0020290846 0.5365073628
0.0020293917 0.5371569216
0.0020296603 0.5374939964
0.0020299057 0.538459566
0.0020302501 0.53892413
0.0020306376 0.5393756159
0.0020310273 0.5402319964
0.0020315365 0.5409708157
0.0020318868 0.5416013688
0.0020320614 0.5416520098
0.0020324092 0.5420148619
0.0020331132 0.5425503968
0.0020333686 0.5435770924
0.0020338058 0.5442117035
0.0020340344 0.5446210704
0.0020347106 0.5449278422
0.0020352567 0.5453273105
0.002035663 0.5458377859
0.0020360609 0.5462479825
0.0020362714 0.5465408709
0.0020366631 0.5470150741
0.0020367676 0.5475989881
0.0020372016 0.5482158546
0.0020375615 0.5487845649
0.0020376373 0.548810206
0.0020378676 0.5492634888
0.00203821 0.5494691854
0.0020385104 0.5499137885
0.0020389322 0.5510300979
0.0020394101 0.5516416436
0.0020395858 0.5521383827
0.0020397642 0.5522978622
0.0020399421 0.5525236919
0.0020401862 0.5530570323
0.0020404662 0.5536826733
0.0020406025 0.5538819776
0.0020407349 0.5544870204
0.0020410913 0.5552627259
0.0020412262 0.5554703379
0.0020415901 0.5561552502
0.0020415999 0.5562981074
0.002041854 0.5564136928
0.0020420813 0.5572683598
0.0020424826 0.5580218619
0.0020429342 0.5582820411
0.00204305 0.5590958798
0.002043473 0.5597623212
0.0020436871 0.5601956043
0.00204384 0.5604770617
0.0020439542 0.5608744419
0.0020441061 0.5612686481
0.002044286 0.5619317098
0.0020444306 0.5619817411
0.00204465 0.5624335733
0.0020448344 0.5627015557
0.0020450556 0.5631111015
0.0020453227 0.5632420539
0.0020455394 0.5635615856
0.0020456721 0.5640716902
0.0020458506 0.5644987323
0.0020459518 0.5646348434
0.0020463983 0.5654095331
0.0020466056 0.5657615846
0.0020468488 0.5660852439
0.0020471457 0.5663641571
0.0020476624 0.5667760693
0.0020479967 0.5675957597
0.0020482519 0.567936638
0.0020483478 0.5683531881
0.0020485089 0.5686292217
0.0020486101 0.5688102675
0.0020486546 0.5693781246
0.002048986 0.5696718647
0.0020491748 0.5698853124
0.0020494777 0.5703950272
0.0020500085 0.5709428962
0.0020500085 0.5709428962
0.002050026 0.5710540073
0.002050119 0.5713757464
0.0020504089 0.5716246198
0.0020505765 0.572009027
0.0020506601 0.5722879953
0.0020506687 0.5723123855
0.002050726 0.5724452358
0.0020509803 0.572904539
0.0020511456 0.5735412917
0.0020513586 0.5740947756
0.0020516221 0.5743036234
0.0020521984 0.5753802005
0.0020523505 0.5758065489
0.002052755 0.5760708346
0.0020532087 0.5768463617
0.0020533149 0.5776356474
0.0020534375 0.5781978897
0.0020535736 0.5790676511
0.0020538118 0.5793353557
0.0020539499 0.5793842525
0.0020544375 0.5797529405
0.002054693 0.5802911231
0.0020548766 0.5807876599
0.0020550678 0.5809639757
0.0020552749 0.5813221521
0.0020553945 0.5814681352
0.0020554189 0.5821943257
0.002055627 0.5827929583
0.0020557671 0.5832614366
0.0020559634 0.5834915367
0.0020561591 0.5839265453
0.0020563837 0.5845805136
0.0020564424 0.5848519422
0.0020567402 0.585565874
0.0020569498 0.5857616011
0.0020572963 0.5860267684
0.0020573254 0.5863045462
0.0020576069 0.5864942162
0.002057809 0.5868998484
0.0020579713 0.5875177513
0.0020582716 0.5883991934
0.0020583966 0.5888427795
0.0020585031 0.5891890561
0.0020585497 0.5894839907
0.002058604 0.5900720859
0.0020589313 0.5906018144
0.0020591241 0.5909618126
0.0020593472 0.5913784793
0.0020594214 0.5914034793
0.0020595897 0.5921195965
0.0020598442 0.5921922155
0.0020600472 0.5924319034
0.00206007 0.5927414272
0.0020603326 0.5932349614
0.0020603654 0.5938028186
0.0020606267 0.5940136251
0.0020608096 0.5944969584
0.0020608921 0.594643235
0.0020610293 0.5953888699
0.0020611761 0.5960476362
0.002061315 0.5961906519
0.0020615527 0.5965079596
0.0020616712 0.5970649505
0.0020617303 0.5974578798
0.002061831 0.5976507119
0.0020620148 0.5981754031
0.0020622398 0.5984636923
0.0020624569 0.59862108
0.0020626101 0.5989439439
0.0020629063 0.5991663553
0.0020629692 0.5991913553
0.0020630852 0.5995322644
0.0020631261 0.6000827546
0.0020634723 0.6005984715
0.0020636593 0.6008119646
0.0020638196 0.601144753
0.0020640177 0.6016166144
0.0020641963 0.6021567659
0.0020643317 0.6022947404
0.0020646539 0.6028058515
0.0020648856 0.6030156585
0.0020649965 0.6032111776
0.0020650812 0.6033460982
0.0020652572 0.6037377868
0.0020654516 0.6042790584
0.0020655474 0.6046694844
0.002065601 0.6049855413
0.0020656359 0.6057688746
0.0020657705 0.6058171304
0.0020658029 0.6060837971
0.0020660823 0.606278736
0.0020662966 0.6066469413
0.0020664161 0.6075479749
0.0020665331 0.608379564
0.0020665743 0.6087406751
0.00206662 0.6089113101
0.0020667179 0.6092390878
0.0020669156 0.6100175066
0.0020671424 0.6104139524
0.0020671673 0.6106298615
0.0020673298 0.6108713983
0.0020674852 0.6116216431
0.0020675863 0.6117735999
0.0020677366 0.6118435949
0.0020679334 0.6121978552
0.0020680049 0.612324171
0.0020681363 0.6126500949
0.0020682496 0.6132250314
0.0020683804 0.6132700263
0.0020685154 0.6136611393
0.0020685573 0.6136843951
0.0020685882 0.6139753042
0.0020686739 0.6140836375
0.002068823 0.6141566924
0.0020689499 0.6144055893
0.0020690438 0.6153830955
0.002069107 0.6155741525
0.0020691418 0.6159011727
0.002069196 0.6159488187
0.0020692241 0.6163154854
0.0020692608 0.6167154854
0.0020695044 0.6170922853
0.0020695861 0.6173088354
0.0020696719 0.6174971706
0.0020697298 0.6175198979
0.0020699007 0.6179586821
0.0020699924 0.6182959837
0.0020699945 0.6184626503
0.0020701028 0.6190055864
0.0020702299 0.6193553735
0.0020702447 0.6196648973
0.0020703354 0.6199121195
0.0020705038 0.620361867
0.0020705564 0.6205517895
0.0020705752 0.6206517895
0.0020706003 0.6209017895
0.0020706943 0.6213599244
0.0020707672 0.6217402085
0.0020708545 0.6217897801
0.0020711367 0.6225880135
0.002071205 0.622795737
0.002071205 0.622795737
0.0020712297 0.6228189929
0.0020713779 0.6231597026
0.0020714703 0.6234685701
0.0020716404 0.6240535781
0.002071716 0.624242972
0.0020717589 0.6244340289
0.0020718261 0.6248501419
0.0020720131 0.6251845308
0.0020720577 0.6252827304
0.0020722095 0.6255994844
0.0020722156 0.6257661511
0.0020722559 0.6263661511
0.0020722962 0.6266240013
0.0020723042 0.6267490013
0.0020724425 0.6268830407
0.0020725485 0.6272969296
0.0020725904 0.6273219296
0.0020727259 0.6276465799
0.0020729406 0.6279513145
0.0020730338 0.6280980536
0.0020731368 0.6282440367
0.0020732613 0.6286846002
0.0020734013 0.6291947396
0.00207361 0.6296966939
0.002073663 0.6297216939
0.0020737474 0.6299455034
0.0020739098 0.6303051188
0.002074068 0.6304762482
0.0020742181 0.6305976768
0.0020742803 0.6309066469
0.0020745133 0.6314492882
0.0020746723 0.6317051211
0.0020748077 0.6321759544
0.0020748115 0.6323426211
0.0020749541 0.6324195779
0.0020751041 0.6328772258
0.0020752826 0.633443343
0.0020752826 0.633443343
0.0020753036 0.6336688332
0.0020754181 0.6338405723
0.0020754962 0.6339905723
0.0020755 0.6341905723
0.002075705 0.6344745747
0.0020757921 0.6347995747
0.0020759074 0.635146797
0.0020760621 0.6353054283
0.0020761732 0.6355732942
0.0020762465 0.6358876881
0.0020763178 0.6360799958
0.0020763291 0.6364466625
0.0020764767 0.6365736913
0.0020764823 0.6367165485
0.0020765997 0.6372104392
0.0020766647 0.637583695
0.0020768206 0.6378980265
0.0020769317 0.6379445381
0.0020769686 0.6383223159
0.0020771347 0.638948663
0.0020771549 0.6389719188
0.0020771972 0.6389936579
0.0020772578 0.63930651
0.0020773658 0.6394515049
0.0020774591 0.6400699989
0.00207747 0.6403795227
0.002077603 0.6405950862
0.0020777539 0.6412086601
0.0020780134 0.6417879617
0.0020780587 0.6419106889
0.0020780949 0.6422715327
0.0020783891 0.6424516332
0.0020785585 0.6428561229
0.0020785926 0.6432239801
0.002078677 0.6433071938
0.0020788419 0.6439482433
0.0020789027 0.6439726335
0.002079017 0.6443310542
0.0020791061 0.6443779718
0.0020792592 0.6447639633
0.0020793888 0.6451954208
0.0020795165 0.6454098147
0.002079566 0.645430648
0.0020796367 0.6457102573
0.002079799 0.6460264015
0.0020798835 0.6462852399
0.0020799836 0.6464990557
0.0020800784 0.6466884245
0.0020802325 0.6473819877
0.0020803059 0.647740321
0.002080374 0.6479486543
0.0020805238 0.6483360475
0.0020806038 0.6489025934
0.0020806889 0.6494366593
0.0020807339 0.6496508242
0.0020809589 0.6498740843
0.0020810366 0.6505665807
0.0020810521 0.6506776918
0.0020811141 0.6509721362
0.0020811776 0.6510971362
0.0020812771 0.6513438753
0.002081385 0.6518833268
0.0020813987 0.6521409026
0.0020814584 0.652330825
0.0020814788 0.6525974917
0.0020814958 0.6530634008
0.0020815043 0.6532300675
0.0020815043 0.6532300675
0.0020816295 0.6537066516
0.0020817731 0.6540409019
0.0020817782 0.654152013
0.0020818304 0.6541752689
0.0020818421 0.6543974911
0.0020819428 0.6550512457
0.0020819612 0.6552850119
0.0020819763 0.6555425876
0.0020820614 0.6560179845
0.0020821648 0.6562263398
0.0020822779 0.6565858636
0.0020824158 0.6567352538
0.0020826048 0.6570167869
0.0020826446 0.6570405964
0.0020827801 0.6572142924
0.002082856 0.6573506795
0.0020828593 0.6574506795
0.002082884 0.6577617906
0.0020829234 0.6577835298
0.0020829299 0.6579085298
0.0020829349 0.6580085298
0.0020829414 0.6581751964
0.0020829757 0.6583015122
0.0020831336 0.6585620237
0.0020831824 0.6586161173
0.0020832977 0.6587207056
0.0020832977 0.6587207056
0.0020833025 0.6588635628
0.0020833898 0.6590085123
0.0020834027 0.659375179
0.0020834703 0.6596979062
0.0020835877 0.659880802
0.0020836069 0.660205802
0.002083623 0.660282725
0.002083671 0.6604726475
0.0020837828 0.660521457
0.0020838673 0.660663567
0.0020841253 0.6609092341
0.0020841507 0.6611036786
0.0020841713 0.6612743135
0.0020841951 0.6614652226
0.0020843486 0.661859907
0.0020844307 0.6620140005
0.0020844765 0.6623736497
0.0020844875 0.6624847608
0.0020845724 0.6625335703
0.0020845897 0.6625923938
0.0020846555 0.6628656496
0.0020847056 0.6628883769
0.0020847665 0.6636046468
0.0020847665 0.6636046468
0.0020848335 0.6638511114
0.0020850419 0.6644303654
0.0020851025 0.6647359209
0.0020851691 0.6653546146
0.0020851908 0.6653816417
0.0020853438 0.6655548414
0.0020854194 0.6657326192
0.0020854811 0.6658664576
0.0020855826 0.6663677734
0.0020857193 0.6668814493
0.0020858328 0.6671251362
0.0020859078 0.6673445807
0.002086021 0.6676617524
0.0020860668 0.6676867524
0.0020860775 0.667978419
0.0020861992 0.668220211
0.0020864029 0.6684413951
0.0020864378 0.6685941729
0.0020864378 0.6685941729
0.0020865452 0.669076399
0.0020866056 0.669332505
0.0020866056 0.669332505
0.0020866237 0.669557505
0.0020866237 0.669557505
0.0020867844 0.6699715437
0.0020868368 0.6701841919
0.0020868638 0.6702119697
0.0020869684 0.6704442929
0.0020869729 0.6706442929
0.0020869863 0.670735202
0.0020869937 0.670835202
0.0020870576 0.6713153607
0.0020870695 0.6717653607
0.0020872591 0.6718659911
0.0020873183 0.6719909911
0.0020873375 0.6722659911
0.0020873552 0.6723903813
0.0020874141 0.6725403813
0.0020874656 0.6726647716
0.0020874803 0.6727647716
0.0020875565 0.6729124176
0.0020875726 0.6732040843
0.0020875726 0.6732040843
0.0020875872 0.6732949934
0.0020875989 0.6735727712
0.0020876309 0.673599087
0.0020877486 0.6736657756
0.0020878023 0.6739691944
0.0020878023 0.6739691944
0.0020878139 0.6743358611
0.0020878139 0.6743358611
0.0020878947 0.6745124484
0.002087948 0.6748156872
0.0020879624 0.6750406872
0.0020879667 0.6752406872
0.0020880629 0.6755384145
0.0020880629 0.6755384145
0.0020880629 0.6755384145
0.0020880629 0.6755384145
0.0020880714 0.6756812716
0.0020881042 0.6758955574
0.0020881397 0.6760616703
0.0020881824 0.6762561148
0.0020882065 0.6763894481
0.0020882206 0.6765249494
0.0020882263 0.6766360606
0.0020882319 0.6770360606
0.0020882319 0.6770360606
0.0020883136 0.6772815151
0.0020883432 0.6775834382
0.0020883474 0.6776834382
0.0020884189 0.6781430873
0.0020884959 0.6781914556
0.0020885043 0.6785843127
0.0020885043 0.6785843127
0.0020885964 0.678994387
0.0020885964 0.678994387
0.0020886186 0.6791176429
0.0020886186 0.6791176429
0.002088627 0.6792307742
0.002088627 0.6792307742
0.0020886878 0.6792772858
0.0020886878 0.6792772858
0.0020887002 0.6795439525
0.0020887636 0.6796794538
0.0020887705 0.6797905649
0.0020888295 0.6801132922
0.0020888775 0.6804385682
0.0020889063 0.6806046812
0.0020889268 0.6807401825
0.0020889787 0.6807897541
0.0020889828 0.6809897541
0.0020889828 0.6809897541
0.0020890223 0.6810379539
0.0020890549 0.6816129539
0.0020890549 0.6816129539
0.0020890725 0.6818212872
0.0020890806 0.6819641444
0.0020890806 0.6819641444
0.0020890806 0.6819641444
0.002089117 0.6821525502
0.0020891305 0.6824442168
0.0020892084 0.6825942168
0.0020892487 0.6827205326
0.0020892648 0.6829983104
0.0020893518 0.6831321488
0.0020893518 0.6831321488
0.0020893612 0.6832321488
0.0020894118 0.6835887379
0.0020894611 0.6837119938
0.0020894651 0.6839119938
0.0020894651 0.6839119938
0.0020894783 0.6839376348
0.0020894783 0.6839376348
0.0020895974 0.6840082253
0.0020896146 0.6842026698
0.0020896818 0.684340959
0.002089728 0.6846975481
0.0020897793 0.6850065182
0.0020898397 0.6852676294
0.0020899329 0.6854797741
0.0020900076 0.6859196965
0.0020900861 0.6860912333
0.0020901162 0.6866329
0.0020901488 0.6866567095
0.0020901827 0.6871063849
0.0020902231 0.6871296407
0.0020902231 0.6871296407
0.0020902283 0.6872296407
0.0020902659 0.6873763798
0.0020903475 0.6876340025
0.002090429 0.6879794806
0.0020904781 0.6883538708
0.0020904962 0.6883788708
0.0020904962 0.6883788708
0.0020904962 0.6883788708
0.002090581 0.6884288708
0.0020905887 0.6885399819
0.0020906233 0.6890291157
0.0020906233 0.6890291157
0.0020906425 0.6893866914
0.0020907217 0.6898931849
0.0020907217 0.6898931849
0.0020907268 0.6900181849
0.0020907802 0.6902075789
0.002090831 0.6903548011
0.0020909313 0.6904224779
0.0020909757 0.6904674728
0.0020909871 0.6905674728
0.0020910351 0.6906785839
0.0020910667 0.6907048997
0.0020910831 0.6907271219
0.0020910831 0.6907271219
0.0020911158 0.6907509314
0.0020911296 0.6908278545
0.0020911409 0.6909278545
0.0020911785 0.6912806323
0.002091196 0.6916457117
0.0020912397 0.6919379591
0.002091251 0.6920490702
0.002091251 0.6920490702
0.0020912634 0.6921490702
0.002091297 0.6923747112
0.0020913268 0.6923964503
0.0020913268 0.6923964503
0.0020913355 0.6925214503
0.002091385 0.6926356152
0.0020913912 0.6927467263
0.0020914295 0.6928527869
0.0020914467 0.6928750092
0.0020914566 0.6929750092
0.0020915095 0.6930988187
0.0020915942 0.6932596841
0.0020916421 0.6934853251
0.0020916886 0.6938373522
0.0020917413 0.6940278283
0.0020917498 0.6941528283
0.0020917572 0.6942778283
0.0020917937 0.6943048554
0.0020918814 0.6947004459
0.0020919581 0.6949953301
0.0020919581 0.6949953301
0.0020919957 0.6950203301
0.0020920175 0.6950416067
0.0020920284 0.6952844638
0.0020920369 0.6956273209
0.0020920743 0.6956511305
0.0020920852 0.6957511305
0.0020921033 0.6957728696
0.0020921526 0.6957966791
0.0020921526 0.6957966791
0.0020921574 0.6958875882
0.0020921658 0.6959784973
0.0020922484 0.6960277466
0.0020922532 0.6962277466
0.0020923595 0.6964127545
0.0020924144 0.6966660225
0.0020924752 0.6968786722
0.002092499 0.69703145
0.002092499 0.69703145
0.002092499 0.69703145
0.0020925441 0.6970536722
0.0020925441 0.6970536722
0.0020925701 0.6972197852
0.0020926068 0.6973853696
0.0020926823 0.6974336254
0.0020926847 0.6976336254
0.002092773 0.6979609201
0.0020927989 0.6982643389
0.0020928871 0.6983092884
0.0020928871 0.6983092884
0.0020929422 0.6984497691
0.0020930066 0.6988411832
0.002093044 0.6988620166
0.0020930697 0.6991555147
0.0020931059 0.6992944036
0.0020931676 0.6996098798
0.0020931781 0.699852737
0.0020932281 0.6999669019
0.0020932815 0.7005610748
0.0020933442 0.700833297
0.0020933442 0.700833297
0.0020933604 0.7010492061
0.0020933731 0.7013603172
0.0020933731 0.7013603172
0.0020934158 0.7013830445
0.0020934849 0.7015520484
0.0020935194 0.7020171277
0.0020935263 0.7021282388
0.0020935998 0.7023003564
0.0020936411 0.7024145213
0.0020936835 0.702672097
0.0020936995 0.7029260653
0.0020936995 0.7029260653
0.0020937246 0.7029478044
0.0020938306 0.7032335061
0.0020938477 0.7034335061
0.002093858 0.7037430299
0.002093908 0.7039570767
0.002093908 0.7039570767
0.002093908 0.7039570767
0.002093908 0.7039570767
0.0020939272 0.7039803326
0.0020939882 0.7040298495
0.002094013 0.7041642164
0.002094013 0.7041642164
0.0020940378 0.7043303293
0.0020940659 0.7044468795
0.0020941154 0.7052635461
0.0020941154 0.7052635461
0.0020941636 0.7053100578
0.0020941748 0.7053350578
0.0020942005 0.7053628355
0.0020942072 0.7055056927
0.0020942072 0.7055056927
0.0020942451 0.7055522295
0.0020942451 0.7055522295
0.0020942551 0.7057950866
0.0020942551 0.7057950866
0.0020942673 0.7060450866
0.0020942673 0.7060450866
0.0020942784 0.7060673088
0.0020942839 0.7062673088
0.0020943138 0.7063905646
0.002094327 0.7068584218
0.0020943821 0.7069053394
0.0020944317 0.7072620854
0.0020944383 0.7074049426
0.0020945405 0.7074776699
0.0020945537 0.7075364934
0.0020946721 0.7076370297
0.0020947126 0.7076583063
0.0020948133 0.7078250609
0.0020948166 0.70791597
0.0020948166 0.70791597
0.0020948166 0.70791597
0.0020948253 0.70821597
0.0020948623 0.7085146322
0.0020948688 0.7086574894
0.0020948731 0.7088003465
0.00209491 0.7089497368
0.0020949252 0.709072464
0.0020949252 0.709072464
0.0020949338 0.709172464
0.0020949338 0.709172464
0.0020949446 0.709272464
0.0020949511 0.709372464
0.0020949629 0.7097057974
0.0020949995 0.7097285246
0.002095007 0.7098054477
0.002095007 0.7098054477
0.0020950724 0.7098549646
0.0020951206 0.7099059982
0.0020951206 0.7099059982
0.0020951206 0.7099059982
0.0020951206 0.7099059982
0.0020951206 0.7099059982
0.0020951206 0.7099059982
0.0020951833 0.7099535906
0.0020951833 0.7099535906
0.0020951833 0.7099535906
0.0020952003 0.7101552713
0.0020952692 0.7102018081
0.0020952744 0.7104018081
0.0020952744 0.7104018081
0.0020952797 0.7104240303
0.002095285 0.7105351414
0.0020954631 0.7106837674
0.0020954694 0.7108087674
0.0020955104 0.7108314947
0.0020955661 0.71087856
0.0020955703 0.71097856
0.0020956101 0.7112002991
0.0020956132 0.7114002991
0.0020956132 0.7114002991
0.0020956132 0.7114002991
0.0020956435 0.7114241086
0.0020956435 0.7114241086
0.0020956539 0.7115241086
0.0020956539 0.7115241086
0.0020957111 0.7117283867
0.0020957391 0.7119501259
0.0020957391 0.7119501259
0.002095821 0.7122125528
0.0020958272 0.7123792194
0.0020958831 0.7125903305
0.0020958851 0.7127569972
0.0020959739 0.7129146199
0.0020959739 0.7129146199
0.002096014 0.713025731
0.0020960192 0.713125731
0.0020960192 0.713125731
0.0020960582 0.7131520468
0.0020960685 0.7134520468
0.0020960961 0.713588158
0.0020961555 0.7138391915
0.0020961555 0.7138391915
0.002096182 0.7138648326
0.0020962269 0.7139148326
0.0020962269 0.7139148326
0.0020962412 0.7144481659
0.0020962666 0.7146142789
0.0020962727 0.7148920566
0.0020963194 0.7149426977
0.0020963397 0.7150659535
0.0020963873 0.7151124651
0.0020964106 0.7151374651
0.0020964308 0.7153025445
0.0020964571 0.7154258003
0.0020964571 0.7154258003
0.0020964571 0.7154258003
0.0020964611 0.7155924669
0.0020964611 0.7155924669
0.0020964692 0.7157035781
0.0020965394 0.7158745611
0.0020965555 0.7164773389
0.0020965815 0.7166097266
0.0020966376 0.716654193
0.0020966576 0.7169610112
