0.000248 0.0276659258
0.0004105 0.0498363906
0.0005331667 0.0678525024
0.0006311667 0.0838967232
0.0007143667 0.0968625987
0.0007827 0.1084924768
0.0008432714 0.1193527406
0.0008995214 0.1301359741
0.0009501881 0.1394965804
0.0009980881 0.1474513513
0.001033179 0.154977965
0.0010712623 0.1636414067
0.0011081085 0.1702763376
0.0011435371 0.1776776754
0.0011760037 0.1845826797
0.0012108787 0.1912701526
0.0012398787 0.1966512433
0.0012703787 0.2023203737
0.001298484 0.2083097017
0.001323184 0.214039982
0.0013488983 0.2185568975
0.0013719437 0.2222998443
0.0013931176 0.2261175685
0.0014121593 0.2299504438
0.0014344793 0.2344153288
0.0014573255 0.2390832064
0.0014730662 0.2431042248
0.0014906734 0.2478418354
0.0015056734 0.2522473513
0.0015184067 0.2549561878
0.0015285357 0.2576220255
0.001540567 0.2609807691
0.0015540215 0.2649958886
0.0015682862 0.2678782291
0.0015754005 0.2702382722
0.0015873727 0.2730894475
0.001595616 0.2753452515
0.0016057475 0.2790217382
0.0016146963 0.2819771286
0.0016241463 0.2843046475
0.0016317316 0.2865263316
0.0016404459 0.2897644595
0.0016498645 0.2935946606
0.0016578191 0.2962026816
0.0016669302 0.2988520654
0.001672365 0.3018698527
0.001676833 0.3037329313
0.0016844789 0.3058395773
0.0016942952 0.3088722896
0.0017016152 0.3124703911
0.0017052427 0.3140658058
0.0017102619 0.3156312638
0.00171796 0.318161081
0.0017240711 0.3203297827
0.0017294893 0.3221171103
0.0017348107 0.3244280863
0.001739723 0.3267613908
0.0017444816 0.329599123
0.0017477528 0.330979007
0.0017540695 0.3340306966
0.0017591514 0.3370816254
0.0017640547 0.3395738441
0.0017694515 0.3426473053
0.0017746234 0.344943766
0.0017799003 0.346525127
0.0017818245 0.348202093
0.0017876753 0.3498890397
0.0017914694 0.3512714035
0.0017956433 0.3540086642
0.0018011433 0.3560088935
0.001805594 0.3582736822
0.0018100524 0.3602731706
0.0018142578 0.3620367347
0.0018188659 0.363783648
0.0018215993 0.3655533643
0.0018251519 0.3670950384
0.0018276974 0.3683523912
0.0018320563 0.3702452524
0.0018363348 0.3720094996
0.0018386973 0.3731426043
0.0018427467 0.3748290685
0.0018458686 0.3759277746
0.0018483024 0.3776547944
0.0018506476 0.3787371334
0.001853977 0.3805157786
0.0018556049 0.3819465346
0.0018577774 0.3831005841
0.0018607319 0.3852789659
0.001861833 0.3865583093
0.0018635108 0.3885496724
0.001865269 0.3901411418
0.0018676386 0.391925739
0.0018695956 0.3930413656
0.001872553 0.3940961056
0.0018772688 0.3959343958
0.0018800917 0.3980916939
0.0018819577 0.3998331193
0.0018840904 0.4013044334
0.0018857975 0.4026684041
0.0018876475 0.4039780318
0.0018888158 0.4050353219
0.0018914138 0.4064949134
0.0018923167 0.4079392203
0.0018943648 0.4098693167
0.0018962886 0.4114986928
0.0018983075 0.4120912497
0.0019014103 0.4131369693
0.0019039473 0.4148649261
0.0019060574 0.4162256703
0.0019076665 0.4175293886
0.0019100269 0.4181678472
0.0019115804 0.4188652912
0.001912784 0.4204179525
0.001914512 0.4219827349
0.0019158946 0.4234179336
0.0019191446 0.4245269859
0.0019207429 0.425182723
0.0019226158 0.4266465824
0.0019251536 0.4270822803
0.001927412 0.4276584803
0.0019292549 0.4284195399
0.0019313451 0.4306343398
0.0019335158 0.4321811911
0.0019352094 0.4332537616
0.0019360734 0.4337728901
0.0019386845 0.4351055099
0.0019400231 0.4358774706
0.0019412653 0.437152088
0.0019424746 0.4382648584
0.0019441053 0.4393870561
0.0019457389 0.4411193721
0.0019479814 0.4417945887
0.0019486956 0.4427033106
0.0019500016 0.4436838608
0.0019510386 0.4451988957
0.0019528695 0.4470500908
0.0019541542 0.4479419598
0.0019549948 0.4488693613
0.0019564336 0.4498079956
0.0019578408 0.4510428411
0.0019588833 0.4517890134
0.0019598059 0.4526238445
0.0019611485 0.4535973062
0.0019630513 0.4550059398
0.0019639892 0.4557865599
0.0019645029 0.4560825128
0.0019656594 0.4570314048
0.0019661594 0.4575937074
0.0019675352 0.4583088669
0.0019684886 0.4594761731
0.0019696806 0.4605130572
0.0019702464 0.460962174
0.0019716059 0.4618680343
0.0019720929 0.4631416669
0.0019727703 0.4637291264
0.0019739947 0.4641595654
0.0019755552 0.4653785822
0.0019764096 0.4657027794
0.001977114 0.4664262127
0.0019783515 0.4671188231
0.0019795937 0.4675669326
0.0019804579 0.4684675192
0.0019810101 0.4694017962
0.0019819979 0.4699145335
0.0019826464 0.4705818953
0.0019834777 0.472005031
0.0019842322 0.4722472141
0.0019850774 0.473077941
0.0019857816 0.4737039344
0.0019861345 0.4743282648
0.0019865673 0.4749124279
0.0019874103 0.4761604844
0.0019881733 0.4771594895
0.0019889664 0.4784914832
0.0019897893 0.4801542227
0.0019905677 0.480928961
0.0019908445 0.481480401
0.0019916984 0.4820131859
0.0019920057 0.4824992945
0.0019933113 0.4841690137
0.0019940903 0.4845965845
0.0019947001 0.4853509715
0.001995263 0.486461078
0.0019957793 0.4870141083
0.0019966874 0.4885317258
0.0019975046 0.4899017342
0.0019980821 0.4902586539
0.0019987896 0.4908558291
0.0019998002 0.4918085559
0.0020004844 0.4925894859
0.0020012069 0.4929716542
0.0020016861 0.4939821657
0.0020025565 0.4952262484
0.0020030823 0.4959910889
0.0020032977 0.4965357122
0.0020041191 0.4972951884
0.002004713 0.4983705517
0.0020053191 0.4990378483
0.0020056306 0.4994863361
0.0020065306 0.5005168299
0.002007257 0.5012602311
0.0020080837 0.5022605852
0.0020089113 0.5031916382
0.0020093574 0.5039269415
0.0020098989 0.5043374449
0.00201036 0.5050805716
0.0020106499 0.5055516208
0.0020117268 0.5059114711
0.002012033 0.5073375461
0.0020125188 0.5077525556
0.0020134192 0.5082199718
0.0020138438 0.5091339487
0.0020143273 0.5093835572
0.0020150002 0.5095023392
0.0020154374 0.5100104272
0.0020157615 0.5104473319
0.0020162085 0.510954719
0.0020165617 0.5113082467
0.0020167763 0.5115359079
0.0020171445 0.5127853814
0.0020174522 0.5131113589
0.0020184657 0.5135311604
0.0020186406 0.5141072343
0.0020191317 0.5147373681
0.0020199006 0.5155073411
0.002020051 0.5157235246
0.0020202448 0.5161810643
0.0020208545 0.5169359312
0.0020210947 0.5170277565
0.0020214947 0.5173836406
0.0020220228 0.5178864497
0.0020224366 0.5179842082
0.0020227885 0.5185758766
0.0020232244 0.5188816521
0.0020233563 0.5190049079
0.0020237377 0.5193374696
0.0020243959 0.5199507174
0.0020247321 0.5207033183
0.0020252216 0.5211624506
0.0020253133 0.5211880916
0.0020258361 0.5217544829
0.0020261791 0.5226710293
0.002026784 0.5233059012
0.0020274356 0.5239479658
0.0020277254 0.5242892914
0.00202801 0.5254273866
0.0020285525 0.5259944292
0.0020287702 0.5267924811
0.0020291638 0.5269879031
0.0020293518 0.5277129031
0.0020295271 0.5280052108
0.0020302771 0.5284341982
0.0020305222 0.5289390048
0.0020306915 0.5293945675
0.0020309307 0.5297952749
0.0020310596 0.5304771462
0.0020313397 0.530891811
0.0020316188 0.5319685066
0.0020318389 0.5322644748
0.0020319197 0.532598241
0.0020322108 0.5331593259
0.0020325963 0.5337118908
0.0020331857 0.534271516
0.0020332274 0.5346326271
0.0020335028 0.5350609979
0.0020340329 0.5353761987
0.0020343101 0.5358405717
0.0020346086 0.5361475703
0.0020349617 0.5366493538
0.002035258 0.5369501649
0.0020355126 0.5374286926
0.0020357663 0.5381127445
0.0020361326 0.5385811067
0.0020364538 0.5389762142
0.0020368029 0.5396657441
0.0020373391 0.540035389
0.0020375954 0.5407661024
0.0020377501 0.5412500768
0.00203813 0.5415377563
0.0020384157 0.5421450074
0.0020389602 0.5426517792
0.0020391624 0.5429693803
0.0020394733 0.5437276844
0.0020396318 0.5439817316
0.0020398247 0.5443637537
0.0020404261 0.5447359116
0.0020406004 0.5455282856
0.0020408469 0.5458857862
0.002041051 0.5464520117
0.0020413855 0.5475313281
0.0020418907 0.547949604
0.0020423325 0.5485903332
0.0020429024 0.5491337876
0.0020435997 0.5499811952
0.0020439183 0.5503841315
0.0020441582 0.5505819948
0.0020442761 0.5508409691
0.0020446284 0.5511537089
0.0020450732 0.5520202893
0.0020454866 0.5524276959
0.0020458287 0.5531533186
0.0020459181 0.5537608943
0.0020460799 0.5541289101
0.0020462476 0.5548437942
0.0020464312 0.5556448681
0.0020466829 0.5559398063
0.0020467773 0.5562904473
0.0020471053 0.5568088105
0.0020476522 0.5573981569
0.002047807 0.5576637413
0.0020479389 0.557988594
0.0020482562 0.5583992429
0.0020484287 0.5592153831
0.0020486962 0.5598635327
0.0020488772 0.5599381043
0.0020492347 0.5601858813
0.0020493925 0.5607352774
0.0020497918 0.5610983673
0.0020500552 0.5615034398
0.0020502677 0.5617149537
0.0020505169 0.5621086264
0.002050697 0.5622586264
0.0020508085 0.562446016
0.0020510893 0.5629814369
0.0020512001 0.5631503983
0.0020512124 0.5632615094
0.0020514845 0.5639430832
0.0020516065 0.5642707444
0.0020519074 0.5651453032
0.0020519862 0.5654691127
0.0020521977 0.56610935
0.0020524356 0.5663027133
0.0020527299 0.5664829437
0.0020528018 0.567091277
0.0020529003 0.567364476
0.0020531622 0.5676655409
0.0020533313 0.5684192039
0.0020535088 0.5689681007
0.0020536327 0.5696393767
0.0020537739 0.5700260426
0.0020540936 0.5703911439
0.0020542017 0.5705047802
0.0020544321 0.5708888419
0.0020546152 0.57125393
0.0020547167 0.5713008477
0.0020549941 0.5719093396
0.0020553226 0.572155088
0.0020554692 0.5722263959
0.0020556612 0.5724460852
0.0020558212 0.5726572183
0.0020558839 0.5730956241
0.0020560799 0.5735811857
0.0020564 0.5739417693
0.002056852 0.5745098839
0.0020570576 0.5754142003
0.0020574284 0.5758244331
0.0020578205 0.5763716773
0.0020579742 0.5766890514
0.0020580967 0.576735969
0.0020582134 0.5769539177
0.0020584406 0.5770471717
0.0020586008 0.5773674098
0.0020587055 0.5776833188
0.002058895 0.5786245571
0.0020590758 0.5789373532
0.0020591715 0.5791290198
0.0020592478 0.5792929158
0.0020595168 0.5796075391
0.0020596902 0.5802377901
0.0020600281 0.5808349018
0.0020601574 0.581332282
0.0020603322 0.5815712021
0.0020607477 0.5820732501
0.0020607584 0.5824141592
0.0020611904 0.583026553
0.0020613899 0.5835259237
0.0020615835 0.5836997332
0.0020618692 0.5841605918
0.0020620302 0.5843112328
0.0020622302 0.5848615711
0.0020623483 0.5856070894
0.0020627069 0.5863240925
0.0020628114 0.5866819428
0.0020628713 0.5870194643
0.0020631128 0.5876297818
0.0020632398 0.5878779993
0.0020634517 0.5883167834
0.0020636398 0.5886793653
0.002063812 0.5891115082
0.0020638941 0.5891365082
0.0020639989 0.5891603177
0.002064152 0.5893538158
0.0020642894 0.5895177047
0.0020643579 0.5898172216
0.0020644845 0.5902279359
0.0020647471 0.5905023865
0.0020649159 0.5908734182
0.0020650441 0.5910057804
0.0020651543 0.5913629233
0.0020654243 0.5917941418
0.0020657111 0.5920070027
0.0020659176 0.592336496
0.0020659449 0.5926092233
0.0020661429 0.593090045
0.0020662268 0.5932572924
0.0020663426 0.593444594
0.0020665539 0.5938874074
0.0020666618 0.5942074929
0.0020667473 0.5942287695
0.0020668449 0.5943537695
0.0020670201 0.5946951036
0.002067139 0.5949439131
0.0020672141 0.5951169015
0.0020674532 0.595810706
0.0020676604 0.596319251
0.0020679297 0.5970971551
0.0020679512 0.5971880642
0.002068157 0.5979221999
0.002068219 0.5980272724
0.002068269 0.5982202549
0.0020683165 0.5982480326
0.0020684729 0.5989391456
0.0020685179 0.5990654614
0.0020686098 0.5991210169
0.0020687157 0.5993185152
0.0020688214 0.5995301768
0.0020690954 0.5999824465
0.0020691 0.6000935576
0.002069149 0.6005719161
0.0020691769 0.6007830272
0.0020693463 0.6011240085
0.0020694435 0.6013178992
0.0020696652 0.6016551415
0.0020697666 0.6017634749
0.0020698907 0.6021045921
0.0020699205 0.6023295921
0.002069996 0.6025523194
0.0020702655 0.6028059298
0.0020704226 0.6028989456
0.0020705976 0.6032995866
0.002070838 0.6036096048
0.0020709421 0.6038607953
0.002071012 0.6041147636
0.0020710751 0.6045275049
0.002071192 0.6047794617
0.002071322 0.605079413
0.0020713466 0.6051064401
0.0020714582 0.6054368859
0.0020715473 0.6057125269
0.0020715629 0.605803436
0.0020717491 0.6064226734
0.0020720566 0.6068584707
0.0020722818 0.6071295898
0.0020723589 0.6073573676
0.0020724622 0.6076823676
0.0020726705 0.6083718176
0.0020726902 0.6086575319
0.0020727426 0.6091141211
0.0020728646 0.6096599544
0.0020729103 0.6099619746
0.0020730166 0.6101574942
0.0020730663 0.61018075
0.00207317 0.6103045596
0.0020733511 0.61065755
0.002073379 0.6108595702
0.002073452 0.6111600752
0.0020736083 0.6115483078
0.0020736809 0.6115928402
0.0020737556 0.6117450083
0.0020738343 0.6117991018
0.0020740148 0.6124008546
0.0020740359 0.612484188
0.0020741395 0.6127926295
0.002074167 0.6130502053
0.0020744133 0.6137787641
0.0020744532 0.6139031544
0.0020745308 0.6140954621
0.0020745935 0.6141192716
0.0020746186 0.6143621287
0.0020746352 0.6148121287
0.0020747059 0.6149603846
0.0020749445 0.6152960611
0.0020751453 0.6158812153
0.0020751639 0.616408993
0.0020752382 0.6164346341
0.0020753246 0.6165156798
0.002075341 0.616737902
0.0020754107 0.6169833801
0.0020754639 0.6177135388
0.0020756332 0.6182913479
0.002075733 0.618809846
0.0020758774 0.619139647
0.0020759139 0.6195936152
0.0020760009 0.6198830092
0.0020760615 0.6201705092
0.0020761865 0.620749174
0.0020762972 0.621072434
0.0020763414 0.621206801
0.0020764295 0.6216685531
0.0020765275 0.6218259408
0.0020765395 0.6219370519
0.0020765395 0.6219370519
0.0020766866 0.6220092046
0.0020769168 0.6223008492
0.0020770613 0.6227389324
0.0020771799 0.6227902144
0.0020772174 0.6231124367
0.0020773768 0.6236768306
0.0020773768 0.6236768306
0.0020774513 0.6237793947
0.0020776744 0.6240586876
0.0020777526 0.6240814149
0.0020777915 0.6243195102
0.0020778772 0.6243695102
0.0020779762 0.624761735
0.0020781196 0.6250010478
0.0020782647 0.6253712713
0.0020783766 0.6254212713
0.0020784614 0.6257214502
0.0020784749 0.6258214502
0.0020785593 0.625994706
0.0020787662 0.6263596061
0.0020788255 0.6265512728
0.0020789953 0.6272326237
0.0020790315 0.6272558795
0.0020792331 0.6275695159
0.0020793621 0.6281840361
0.0020794511 0.6284334263
0.0020795286 0.6286743354
0.0020796871 0.6290046706
0.0020798905 0.629546399
0.002080086 0.6302600164
0.0020802548 0.6306226662
0.0020803915 0.6310921106
0.0020804252 0.6311143328
0.0020806024 0.6315948884
0.0020807924 0.6319837138
0.0020808202 0.6323864915
0.0020809501 0.633077717
0.0020809909 0.6332433014
0.0020810426 0.6332665572
0.0020811976 0.6336282362
0.002081216 0.6342615696
0.0020812914 0.6343970709
0.0020813189 0.6345655691
0.0020815533 0.6348456498
0.002081599 0.6350673889
0.0020817815 0.6351629549
0.0020817997 0.6354407327
0.0020819106 0.6356370087
0.0020820232 0.6358572152
0.0020820413 0.6361072152
0.0020820991 0.6363665821
0.0020823699 0.6367634051
0.0020824366 0.6368723795
0.0020825571 0.6372116922
0.0020825732 0.6372705157
0.002082575 0.6374133729
0.002082584 0.6375383729
0.0020826822 0.6379200745
0.0020828087 0.6382820063
0.0020828568 0.6385875618
0.0020828568 0.6385875618
0.0020828869 0.6388375618
0.00208294 0.6392269558
0.0020829701 0.6395698129
0.0020830353 0.6399946361
0.0020830529 0.6403041599
0.0020830793 0.6407791599
0.0020831337 0.6408018872
0.0020831582 0.6411796649
0.0020832998 0.6415927992
0.0020834132 0.6419023318
0.0020834411 0.6423273318
0.0020835124 0.6427843538
0.0020835454 0.6429076097
0.0020836355 0.6432359456
0.0020836494 0.6433609456
0.002083715 0.6438962992
0.0020837236 0.6439872083
0.0020838389 0.6440604954
0.002083851 0.6441854954
0.0020838904 0.6442087512
0.0020839931 0.6443782836
0.0020839931 0.6443782836
0.0020841536 0.6445682061
0.0020841996 0.6449164619
0.0020842676 0.6455703142
0.0020842676 0.6455703142
0.0020842676 0.6455703142
0.002084315 0.64595872
0.0020843521 0.6462380349
0.0020843656 0.6463380349
0.0020844818 0.6464874252
0.0020845288 0.646635681
0.0020845892 0.6470434045
0.0020845892 0.6470434045
0.0020846511 0.6472980041
0.0020847362 0.6479123981
0.0020848346 0.6482534325
0.0020848912 0.6482761597
0.0020850224 0.6488475513
0.0020850556 0.6491725513
0.002085087 0.6495725513
0.0020852424 0.6499010911
0.0020852473 0.6500010911
0.0020853594 0.6506027867
0.0020854235 0.6509641377
0.002085435 0.6510752488
0.0020854678 0.6514235046
0.0020854678 0.6514235046
0.0020854743 0.6515901713
0.0020855852 0.6521523267
0.0020858084 0.652674369
0.0020859011 0.6527492959
0.0020859839 0.6529434688
0.0020861168 0.6533448797
0.0020861669 0.6536681355
0.0020863091 0.6539363408
0.0020863639 0.6541238408
0.0020864187 0.6546488408
0.0020864492 0.6550409976
0.0020865921 0.6553700912
0.0020865921 0.6553700912
0.0020867073 0.6559428185
0.0020868478 0.6561073387
0.0020869324 0.6564424577
0.002086977 0.656590185
0.0020870167 0.6574528332
0.0020870326 0.6577068015
0.0020870817 0.6580811917
0.0020871007 0.6582034139
0.002087156 0.6582261412
0.0020871875 0.658252457
0.0020871954 0.6584191237
0.0020871954 0.6584191237
0.0020872676 0.6587335176
0.0020873225 0.6587591586
0.0020873898 0.65889466
0.0020875648 0.6596369197
0.0020875648 0.6596369197
0.0020876271 0.6599379533
0.0020876364 0.6600490644
0.0020876675 0.6606490644
0.0020878117 0.6608599298
0.0020878952 0.6614957231
0.0020879447 0.6616457231
0.0020880358 0.6618894099
0.0020881991 0.6623304668
0.0020882898 0.6625481671
0.0020883344 0.66296734
0.0020883927 0.6632590067
0.0020885014 0.6636995911
0.002088561 0.6638155002
0.0020885809 0.664093278
0.0020886525 0.664375244
0.0020887499 0.6646515598
0.0020887971 0.6647859267
0.0020888562 0.665038433
0.0020888881 0.6650622425
0.0020890045 0.6651962168
0.0020890227 0.665478035
0.0020890483 0.6659189441
0.0020891221 0.6663916714
0.0020891356 0.6664916714
0.0020891356 0.6664916714
0.0020891626 0.6665134105
0.0020892016 0.6668264447
0.0020892957 0.6674722049
0.0020893121 0.6680222049
0.002089333 0.668213114
0.0020894163 0.6687408918
0.0020895709 0.6691072247
0.0020896732 0.6693870227
0.0020897221 0.6695194104
0.002089731 0.6696194104
0.0020897798 0.6698446864
0.002089855 0.6701434669
0.002089908 0.670279578
0.0020899771 0.6707384164
0.0020900388 0.670953135
0.0020900622 0.6710998742
0.0020901135 0.6714128174
0.002090115 0.6716128174
0.0020901296 0.6716897405
0.0020901339 0.6718897405
0.0020901732 0.6720271674
0.002090304 0.6721972748
0.0020903098 0.6722881839
0.0020903098 0.6722881839
0.0020903171 0.6724548506
0.002090346 0.6724775779
0.0020904326 0.6727310882
0.0020904326 0.6727310882
0.0020905318 0.6730270713
0.0020906669 0.6732912127
0.0020906669 0.6732912127
0.0020907299 0.6736263521
0.0020907643 0.6736480912
0.00209082 0.6736719007
0.002090917 0.6742269026
0.002090964 0.6743455894
0.002090964 0.6743455894
0.0020909867 0.6745355119
0.0020910846 0.6745882897
0.0020911285 0.6752999815
0.0020912063 0.6755856642
0.0020912713 0.6759765738
0.0020913206 0.6762498296
0.0020914333 0.6764197791
0.0020914516 0.6766197791
0.0020914867 0.6766430349
0.0020914909 0.6768930349
0.0020916072 0.6771842604
0.00209161 0.6773271175
0.0020916449 0.6774626189
0.0020916449 0.6774626189
0.0020917382 0.6778570633
0.0020917841 0.6778803191
0.0020917952 0.6781572422
0.0020918881 0.6784882216
0.0020918964 0.6788215549
0.0020919808 0.6789803121
0.0020919877 0.6790712212
0.0020920401 0.6794491779
0.002092171 0.6796234925
0.0020922411 0.6796730094
0.0020922521 0.679939676
0.0020922686 0.6801972518
0.0020923042 0.6803866457
0.0020923507 0.6806020929
0.0020923958 0.6811784087
0.0020924204 0.6813040497
0.0020924653 0.6816213574
0.0020925891 0.6818578688
0.0020925905 0.682000726
0.0020926298 0.6824724651
0.0020927179 0.6829238756
0.0020927233 0.6830905422
0.0020927841 0.6836958453
0.0020928125 0.6837175844
0.002092861 0.6837398066
0.0020929552 0.6839569783
0.0020929901 0.6839802341
0.0020931029 0.684179169
0.0020931203 0.6843625023
0.002093202 0.6844130074
0.0020932501 0.6845630074
0.0020932688 0.6849725312
0.0020932768 0.6851391978
0.0020932941 0.6853503089
0.0020932941 0.6853503089
0.0020933472 0.6855426166
0.0020933711 0.6859854738
0.0020933764 0.6861521405
0.0020933764 0.6861521405
0.0020934847 0.6864707302
0.0020935217 0.6868353265
0.0020935256 0.6869781836
0.0020935348 0.6872460408
0.0020935375 0.6873888979
0.0020935427 0.6875888979
0.0020935846 0.6876166757
0.0020937195 0.687693904
0.0020937351 0.6881522373
0.0020937821 0.6883999646
0.0020938395 0.6886600466
0.0020938473 0.6887711577
0.0020938473 0.6887711577
0.0020938525 0.6888711577
0.0020938901 0.6890178969
0.0020939355 0.6895022638
0.0020939898 0.6899505196
0.0020940363 0.6900737754
0.0020941241 0.6905437249
0.0020941241 0.6905437249
0.0020941421 0.6908270583
0.0020941421 0.6908270583
0.0020941665 0.691209634
0.0020942306 0.6915870565
0.002094269 0.6916103123
0.0020943355 0.6918553073
0.0020943942 0.6921259422
0.0020943942 0.6921259422
0.0020943993 0.6922509422
0.002094454 0.6924986694
0.0020944655 0.6927486694
0.0020945213 0.6928433538
0.0020945619 0.6928683538
0.0020946024 0.6932113899
0.0020946504 0.6932336121
0.002094687 0.6933849279
0.002094687 0.6933849279
0.0020947097 0.6934081837
0.002094716 0.6935331837
0.0020947788 0.6935786382
0.0020948189 0.6937024478
0.0020948979 0.6938784813
0.0020949492 0.6939012086
0.0020949492 0.6939012086
0.0020949517 0.6941012086
0.0020949854 0.6941289864
0.0020950327 0.6945311544
0.0020950601 0.6947210769
0.002095101 0.6948738547
0.002095111 0.6949849658
0.002095132 0.6950325848
0.0020951407 0.6951575848
0.0020951827 0.6952964737
0.0020952136 0.6957643309
0.002095258 0.6959032198
0.0020953072 0.696025947
0.0020953355 0.6962992028
0.0020953355 0.6962992028
0.0020953785 0.6963248439
0.0020954385 0.6968415105
0.0020954985 0.6969141296
0.0020954985 0.6969141296
0.0020955119 0.6972057963
0.0020955119 0.6972057963
0.002095518 0.6973724629
0.0020955278 0.697449386
0.0020955411 0.697475027
0.0020955994 0.6975994173
0.0020957073 0.6978597928
0.0020957702 0.698132015
0.0020957968 0.6983026499
0.0020958487 0.6986384895
0.0020958487 0.6986384895
0.0020958487 0.6986384895
0.0020958897 0.6986634895
0.0020959209 0.6986862168
0.0020959293 0.6988112168
0.0020959293 0.6988112168
0.0020959736 0.6990270287
0.0020959844 0.6990858523
0.0020960214 0.6991884164
0.0020960214 0.6991884164
0.0020960226 0.699355083
0.0020960464 0.6995495275
0.0020960524 0.6996404366
0.0020960524 0.6996404366
0.0020960524 0.6996404366
0.0020961199 0.6996910776
0.002096127 0.6998339347
0.0020962074 0.699882303
0.0020962109 0.7000251602
0.0020962227 0.7000501602
0.0020962981 0.7001946046
0.0020963405 0.7003196046
0.0020963781 0.7003428604
0.0020963839 0.7005095271
0.0020964308 0.7007934187
0.0020964894 0.7012843277
0.0020965794 0.7014123039
0.0020966682 0.701587809
0.0020967686 0.702058949
0.0020968105 0.7020816762
0.0020968105 0.7020816762
0.0020968803 0.7021293223
0.0020969651 0.702545032
0.0020970115 0.7025672542
0.0020970115 0.7025672542
0.0020970763 0.702773805
0.0020970855 0.7030515828
0.0020971306 0.7031652192
0.0020971698 0.7037831485
0.0020972481 0.7038365673
0.002097308 0.7041522877
0.0020973206 0.7044300654
0.0020973539 0.7047322335
0.002097394 0.704922156
0.0020974021 0.7052650131
0.0020974433 0.7052877404
0.0020974798 0.7053366372
0.0020975152 0.7056208763
0.0020975152 0.7056208763
0.0020975539 0.7060607988
0.0020975994 0.7065052433
0.0020976324 0.7066957195
0.0020976335 0.7068207195
0.0020976335 0.7068207195
0.002097672 0.7068439753
0.0020977128 0.7069586939
0.002097767 0.7070042425
0.0020978088 0.7070269698
0.0020978088 0.7070269698
0.0020978212 0.7072769698
0.0020978279 0.7073880809
0.0020978346 0.7075130809
0.0020978605 0.7075363367
0.0020978762 0.7077799265
0.0020978762 0.7077799265
0.0020979019 0.7078077043
0.0020979019 0.7078077043
0.0020979019 0.7078077043
0.0020979364 0.7078315138
0.0020979364 0.7078315138
0.0020979409 0.7079743709
0.0020979409 0.7079743709
0.0020979753 0.7082644503
0.0020979753 0.7082644503
0.0020979808 0.708431117
0.0020980527 0.7084812423
0.0020980969 0.7086928584
0.0020981356 0.7087803584
0.0020981455 0.7090712675
0.002098151 0.7092141247
0.0020981653 0.7094819818
0.0020981653 0.7094819818
0.0020981752 0.7097486485
0.0020982103 0.7098867798
0.0020982836 0.7100991133
0.0020983799 0.710280039
0.0020984422 0.7104276851
0.0020984924 0.7108283261
0.0020985252 0.7108533261
0.0020985262 0.7110533261
0.0020985524 0.7110750652
0.0020985632 0.7112972874
0.0020986023 0.7113222874
0.0020986023 0.7113222874
0.0020986229 0.7113500652
0.0020986521 0.7118607795
0.0020986737 0.71218697
0.0020987256 0.7123838369
0.0020987256 0.7123838369
0.0020987956 0.7124322052
0.0020988699 0.7127305735
0.0020988871 0.7128984057
0.0020989473 0.7132241383
0.0020989591 0.7135352494
0.0020989591 0.7135352494
0.002099003 0.7137246433
0.002099034 0.7138478991
0.002099034 0.7138478991
0.0020990457 0.7139812325
0.002099051 0.7141812325
0.0020990755 0.7142044883
0.0020990755 0.7142044883
0.0020990819 0.7143155994
0.0020990893 0.7144267105
0.0020991137 0.7145624571
0.0020991243 0.7145851844
0.002099154 0.7146101844
0.0020991931 0.7146365002
0.0020992142 0.714664278
0.0020992216 0.7148865002
0.0020992216 0.7148865002
0.0020992342 0.7150809446
0.0020992941 0.7153298415
0.0020993404 0.7155411315
0.0020994327 0.7158101353
0.0020994893 0.7159979874
0.0020995825 0.7164609648
0.0020996086 0.716583187
0.0020996086 0.716583187
0.0020996149 0.7166942982
0.0020996222 0.7168054093
0.002099693 0.7170647762
0.0020996972 0.7172314429
0.0020997086 0.7172902664
0.0020997346 0.7173120055
0.0020997512 0.7173352613
0.0020997926 0.7173840709
0.0020998144 0.7175739933
0.0020998919 0.7177253091
0.0020999849 0.7177935144
0.0021000004 0.7178212922
0.0021000066 0.7179122013
0.0021000148 0.7180122013
0.0021000663 0.7183360108
0.0021000693 0.7184360108
0.0021000693 0.7184360108
0.0021000806 0.718778868
0.002100136 0.7189271238
0.0021001769 0.7192503796
0.0021002106 0.7192781574
0.0021002106 0.7192781574
0.0021002433 0.7193554521
0.0021002433 0.7193554521
0.0021002586 0.7194887854
0.0021002789 0.7195131756
0.0021002901 0.7198131756
0.0021002982 0.7199242867
0.0021003043 0.7200242867
0.0021003114 0.7201671439
0.0021003114 0.7201671439
0.0021003549 0.7201898712
0.0021003549 0.7201898712
0.0021003579 0.7203898712
0.002100366 0.7205009823
0.002100366 0.7205009823
0.0021004454 0.7206500253
0.0021004756 0.7209389142
0.0021005429 0.7209854259
0.002100576 0.7211354259
0.002100608 0.7212697928
0.002100624 0.7212915319
0.002100636 0.7214935521
